2 0.871875 0.49296875 0.23828125 0.2640625
4 0.7984375 0.425 0.0546875 0.03671875
2 0.25078125 0.2203125 0.48046875 0.2328125
2 0.128125 0.49453125 0.2375 0.2671875
4 0.084375 0.5046875 0.109375 0.03359375
4 0.190625 0.771875 0.33359375 0.03984375
4 0.55078125 0.4234375 0.06015625 0.03828125
0 0.54609375 0.56484375 0.05390625 0.059375
4 0.06171875 0.7125 0.06171875 0.03359375
4 0.30390625 0.4203125 0.06015625 0.040625
4 0.55859375 0.15859375 0.06640625 0.0390625
4 0.18203125 0.21171875 0.34375 0.06484375
4 0.6828125 0.2203125 0.31328125 0.04609375
0 0.55703125 0.2671875 0.0671875 0.05859375
0 0.79921875 0.5625 0.06796875 0.06640625
4 0.0609375 0.42265625 0.0609375 0.03671875
0 0.30546875 0.56484375 0.06953125 0.06328125
0 0.2859375 0.04140625 0.08203125 0.078125
4 0.06171875 0.15859375 0.06484375 0.03828125
0 0.36484375 0.040625 0.06953125 0.0734375
4 0.5015625 0.95625 0.13671875 0.05234375
0 0.0578125 0.03984375 0.07890625 0.071875
0 0.13828125 0.03984375 0.065625 0.075
0 0.05703125 0.8234375 0.0703125 0.0625
0 0.053125 0.56484375 0.06640625 0.065625
0 0.20859375 0.0390625 0.065625 0.0765625
0 0.059375 0.265625 0.0703125 0.0625
4 0.11484375 0.47578125 0.17265625 0.0359375
4 0.34609375 0.47890625 0.15078125 0.02890625
4 0.35078125 0.5109375 0.1515625 0.02734375
4 0.59296875 0.47890625 0.15078125 0.034375
4 0.5921875 0.51015625 0.14296875 0.03359375
4 0.85859375 0.48203125 0.18828125 0.03515625
4 0.83046875 0.51171875 0.1328125 0.025
2 0.74765625 0.2140625 0.48203125 0.23125
2 0.3765625 0.490625 0.23515625 0.259375
2 0.6234375 0.4921875 0.2421875 0.2625
2 0.5015625 0.7734375 0.978125 0.2421875