2 0.128125 0.49296875 0.23828125 0.2640625
4 0.2015625 0.425 0.0546875 0.03671875
2 0.74921875 0.2203125 0.48046875 0.2328125
2 0.871875 0.49453125 0.2375 0.2671875
4 0.915625 0.5046875 0.109375 0.03359375
4 0.809375 0.771875 0.33359375 0.03984375
4 0.44921875 0.4234375 0.06015625 0.03828125
0 0.45390625 0.56484375 0.05390625 0.059375
4 0.93828125 0.7125 0.06171875 0.03359375
4 0.69609375 0.4203125 0.06015625 0.040625
4 0.44140625 0.15859375 0.06640625 0.0390625
4 0.81796875 0.21171875 0.34375 0.06484375
4 0.3171875 0.2203125 0.31328125 0.04609375
0 0.44296875 0.2671875 0.0671875 0.05859375
0 0.20078125 0.5625 0.06796875 0.06640625
4 0.9390625 0.42265625 0.0609375 0.03671875
0 0.69453125 0.56484375 0.06953125 0.06328125
0 0.7140625 0.04140625 0.08203125 0.078125
4 0.93828125 0.15859375 0.06484375 0.03828125
0 0.63515625 0.040625 0.06953125 0.0734375
4 0.4984375 0.95625 0.13671875 0.05234375
0 0.9421875 0.03984375 0.07890625 0.071875
0 0.86171875 0.03984375 0.065625 0.075
0 0.94296875 0.8234375 0.0703125 0.0625
0 0.946875 0.56484375 0.06640625 0.065625
0 0.79140625 0.0390625 0.065625 0.0765625
0 0.940625 0.265625 0.0703125 0.0625
4 0.88515625 0.47578125 0.17265625 0.0359375
4 0.65390625 0.47890625 0.15078125 0.02890625
4 0.64921875 0.5109375 0.1515625 0.02734375
4 0.40703125 0.47890625 0.15078125 0.034375
4 0.4078125 0.51015625 0.14296875 0.03359375
4 0.14140625 0.48203125 0.18828125 0.03515625
4 0.16953125 0.51171875 0.1328125 0.025
2 0.25234375 0.2140625 0.48203125 0.23125
2 0.6234375 0.490625 0.23515625 0.259375
2 0.3765625 0.4921875 0.2421875 0.2625
2 0.4984375 0.7734375 0.978125 0.2421875