2 0.13046875 0.48984375 0.240625 0.2796875
2 0.378125 0.50859375 0.240625 0.2953125
4 0.2015625 0.4171875 0.0578125 0.0421875
4 0.9 0.50859375 0.14296875 0.02890625
2 0.74921875 0.21953125 0.48828125 0.2421875
2 0.8734375 0.49296875 0.2359375 0.2671875
4 0.3234375 0.21015625 0.3015625 0.0359375
4 0.44296875 0.15859375 0.06171875 0.0359375
4 0.44140625 0.5375 0.07109375 0.028125
0 0.2078125 0.56328125 0.04921875 0.05859375
0 0.45 0.5921875 0.05390625 0.05234375
4 0.45 0.42109375 0.059375 0.0421875
4 0.94453125 0.74140625 0.05703125 0.03515625
4 0.41484375 0.4734375 0.12421875 0.03515625
4 0.94921875 0.1609375 0.0421875 0.0390625
4 0.7046875 0.42109375 0.04453125 0.0359375
4 0.8203125 0.79296875 0.30234375 0.03984375
4 0.828125 0.21328125 0.2984375 0.0359375
4 0.5 0.9859375 0.125 0.028125
0 0.44921875 0.2671875 0.05078125 0.0625
4 0.94140625 0.4234375 0.06328125 0.03515625
0 0.93828125 0.8515625 0.07421875 0.06328125
0 0.7890625 0.03984375 0.07109375 0.078125
0 0.865625 0.03984375 0.07109375 0.07734375
0 0.69140625 0.5640625 0.07421875 0.059375
0 0.71015625 0.040625 0.07421875 0.075
0 0.9390625 0.5640625 0.07109375 0.06328125
0 0.9359375 0.26796875 0.0765625 0.065625
0 0.94375 0.0390625 0.07578125 0.06953125
4 0.89296875 0.47734375 0.165625 0.0328125
4 0.665625 0.475 0.1171875 0.02734375
4 0.6328125 0.50859375 0.17578125 0.02890625
4 0.409375 0.5078125 0.1359375 0.0203125
4 0.15703125 0.475 0.1515625 0.03125
4 0.15234375 0.509375 0.15703125 0.02421875
2 0.25234375 0.21796875 0.48359375 0.24140625
2 0.62421875 0.49296875 0.2359375 0.27421875
2 0.4984375 0.80078125 0.9828125 0.24140625