2 0.86953125 0.48984375 0.240625 0.2796875
2 0.621875 0.50859375 0.240625 0.2953125
4 0.7984375 0.4171875 0.0578125 0.0421875
4 0.1 0.50859375 0.14296875 0.02890625
2 0.25078125 0.21953125 0.48828125 0.2421875
2 0.1265625 0.49296875 0.2359375 0.2671875
4 0.6765625 0.21015625 0.3015625 0.0359375
4 0.55703125 0.15859375 0.06171875 0.0359375
4 0.55859375 0.5375 0.07109375 0.028125
0 0.7921875 0.56328125 0.04921875 0.05859375
0 0.55 0.5921875 0.05390625 0.05234375
4 0.55 0.42109375 0.059375 0.0421875
4 0.05546875 0.74140625 0.05703125 0.03515625
4 0.58515625 0.4734375 0.12421875 0.03515625
4 0.05078125 0.1609375 0.0421875 0.0390625
4 0.2953125 0.42109375 0.04453125 0.0359375
4 0.1796875 0.79296875 0.30234375 0.03984375
4 0.171875 0.21328125 0.2984375 0.0359375
4 0.5 0.9859375 0.125 0.028125
0 0.55078125 0.2671875 0.05078125 0.0625
4 0.05859375 0.4234375 0.06328125 0.03515625
0 0.06171875 0.8515625 0.07421875 0.06328125
0 0.2109375 0.03984375 0.07109375 0.078125
0 0.134375 0.03984375 0.07109375 0.07734375
0 0.30859375 0.5640625 0.07421875 0.059375
0 0.28984375 0.040625 0.07421875 0.075
0 0.0609375 0.5640625 0.07109375 0.06328125
0 0.0640625 0.26796875 0.0765625 0.065625
0 0.05625 0.0390625 0.07578125 0.06953125
4 0.10703125 0.47734375 0.165625 0.0328125
4 0.334375 0.475 0.1171875 0.02734375
4 0.3671875 0.50859375 0.17578125 0.02890625
4 0.590625 0.5078125 0.1359375 0.0203125
4 0.84296875 0.475 0.1515625 0.03125
4 0.84765625 0.509375 0.15703125 0.02421875
2 0.74765625 0.21796875 0.48359375 0.24140625
2 0.37578125 0.49296875 0.2359375 0.27421875
2 0.5015625 0.80078125 0.9828125 0.24140625