4 0.55234375 0.2796875 0.0640625 0.03125
2 0.2515625 0.79921875 0.48828125 0.24140625
2 0.86953125 0.2328125 0.2375 0.26640625
2 0.12734375 0.234375 0.24140625 0.27109375
4 0.18984375 0.79375 0.33203125 0.03828125
4 0.6875 0.79765625 0.33203125 0.04453125
4 0.1734375 0.5359375 0.303125 0.04140625
4 0.546875 0.1625 0.05078125 0.03828125
4 0.053125 0.74453125 0.05078125 0.03359375
4 0.7984375 0.16484375 0.05859375 0.04375
0 0.80078125 0.3046875 0.06953125 0.0625
4 0.55390625 0.73984375 0.059375 0.03828125
4 0.50234375 0.98046875 0.1296875 0.0390625
4 0.0546875 0.1609375 0.05234375 0.0359375
4 0.05859375 0.48203125 0.05546875 0.0328125
0 0.55234375 0.85 0.06171875 0.065625
4 0.303125 0.16328125 0.0546875 0.0453125
0 0.2984375 0.30703125 0.05078125 0.06171875
0 0.053125 0.5921875 0.0640625 0.0640625
0 0.1953125 0.04296875 0.071875 0.075
0 0.05546875 0.03984375 0.071875 0.071875
0 0.059375 0.84921875 0.06875 0.0609375
0 0.5546875 0.33203125 0.071875 0.06015625
0 0.0578125 0.3046875 0.0671875 0.06484375
0 0.26484375 0.03984375 0.065625 0.071875
0 0.12890625 0.04140625 0.0578125 0.07578125
4 0.1203125 0.21875 0.18359375 0.02890625
4 0.096875 0.25078125 0.1390625 0.03515625
4 0.36875 0.21953125 0.18984375 0.03203125
4 0.33203125 0.2515625 0.11171875 0.03203125
4 0.575 0.21953125 0.10859375 0.03125
4 0.5953125 0.24921875 0.14921875 0.028125
4 0.8390625 0.2171875 0.1390625 0.0328125
4 0.8421875 0.2515625 0.14765625 0.03203125
2 0.37578125 0.23203125 0.23984375 0.27265625
2 0.62265625 0.25 0.23984375 0.3046875
2 0.5015625 0.5421875 0.9859375 0.2484375
2 0.74609375 0.8015625 0.48515625 0.2453125