4 0.91796875 0.76640625 0.10859375 0.03515625
4 0.7 0.684375 0.0453125 0.0375
2 0.7515625 0.48046875 0.4875 0.23984375
4 0.44765625 0.68359375 0.05546875 0.03671875
4 0.9421875 0.41875 0.06328125 0.03359375
4 0.82734375 0.47421875 0.28828125 0.04375
4 0.20703125 0.68125 0.05078125 0.040625
4 0.3234375 0.4734375 0.29765625 0.0484375
0 0.6984375 0.8265625 0.05 0.06328125
0 0.2 0.82421875 0.06875 0.0640625
4 0.81328125 0.21484375 0.3171875 0.04921875
4 0.93671875 0.6828125 0.0625 0.0390625
4 0.94140625 0.16328125 0.0640625 0.0359375
4 0.4984375 0.9546875 0.134375 0.0578125
0 0.95078125 0.825 0.0625 0.06640625
0 0.94296875 0.03984375 0.07578125 0.071875
0 0.94296875 0.5265625 0.06640625 0.0625
0 0.93984375 0.2703125 0.0703125 0.0625
0 0.44296875 0.528125 0.0703125 0.0609375
0 0.86875 0.0390625 0.07109375 0.075
0 0.44375 0.825 0.07890625 0.06796875
4 0.878125 0.73671875 0.1828125 0.02734375
4 0.63671875 0.73671875 0.1796875 0.02734375
4 0.6671875 0.76875 0.12421875 0.02578125
4 0.38984375 0.7421875 0.17578125 0.03515625
4 0.40703125 0.7703125 0.1390625 0.02265625
4 0.1453125 0.73828125 0.171875 0.0328125
4 0.1671875 0.7703125 0.12890625 0.0265625
2 0.4984375 0.21953125 0.98046875 0.2453125
2 0.25078125 0.4796875 0.48046875 0.246875
2 0.8703125 0.7546875 0.24296875 0.2765625
2 0.6234375 0.75546875 0.23828125 0.275
2 0.3765625 0.75234375 0.23828125 0.26875
2 0.1296875 0.75625 0.23984375 0.27578125