0 0.94609375 0.03984375 0.0671875 0.07734375
2 0.75078125 0.21796875 0.48125 0.25234375
2 0.25234375 0.21640625 0.48359375 0.24765625
4 0.20078125 0.42109375 0.0578125 0.03671875
4 0.325 0.21484375 0.296875 0.0359375
4 0.45234375 0.42421875 0.053125 0.04296875
4 0.8296875 0.76875 0.28046875 0.034375
4 0.6875 0.42265625 0.07734375 0.0390625
0 0.7 0.56328125 0.05859375 0.06484375
4 0.94296875 0.1578125 0.0578125 0.03828125
0 0.19921875 0.5625 0.06484375 0.06171875
4 0.81640625 0.215625 0.3109375 0.03984375
4 0.94296875 0.71015625 0.05546875 0.0328125
0 0.9390625 0.56328125 0.07421875 0.06328125
4 0.94140625 0.421875 0.0609375 0.03984375
0 0.93828125 0.8234375 0.075 0.065625
0 0.44375 0.2671875 0.06796875 0.06015625
4 0.4984375 0.95625 0.13671875 0.05234375
0 0.44453125 0.56171875 0.07109375 0.06171875
0 0.9375 0.2671875 0.071875 0.06015625
0 0.878125 0.03984375 0.06953125 0.0734375
4 0.4484375 0.16484375 0.04140625 0.04375
4 0.88359375 0.4828125 0.17890625 0.02890625
4 0.91484375 0.51015625 0.115625 0.02421875
4 0.640625 0.48125 0.171875 0.02890625
4 0.66015625 0.50859375 0.12890625 0.02890625
4 0.4109375 0.478125 0.13359375 0.0328125
4 0.38046875 0.51015625 0.1953125 0.03359375
4 0.153125 0.478125 0.16171875 0.02734375
4 0.1609375 0.509375 0.15234375 0.03125
2 0.87265625 0.4921875 0.2390625 0.26875
2 0.62421875 0.49296875 0.240625 0.27109375
2 0.3765625 0.49453125 0.24296875 0.27734375
2 0.12734375 0.49453125 0.24296875 0.27734375
2 0.5 0.7765625 0.98046875 0.25234375