0 0.05390625 0.03984375 0.0671875 0.07734375
2 0.24921875 0.21796875 0.48125 0.25234375
2 0.74765625 0.21640625 0.48359375 0.24765625
4 0.79921875 0.42109375 0.0578125 0.03671875
4 0.675 0.21484375 0.296875 0.0359375
4 0.54765625 0.42421875 0.053125 0.04296875
4 0.1703125 0.76875 0.28046875 0.034375
4 0.3125 0.42265625 0.07734375 0.0390625
0 0.3 0.56328125 0.05859375 0.06484375
4 0.05703125 0.1578125 0.0578125 0.03828125
0 0.80078125 0.5625 0.06484375 0.06171875
4 0.18359375 0.215625 0.3109375 0.03984375
4 0.05703125 0.71015625 0.05546875 0.0328125
0 0.0609375 0.56328125 0.07421875 0.06328125
4 0.05859375 0.421875 0.0609375 0.03984375
0 0.06171875 0.8234375 0.075 0.065625
0 0.55625 0.2671875 0.06796875 0.06015625
4 0.5015625 0.95625 0.13671875 0.05234375
0 0.55546875 0.56171875 0.07109375 0.06171875
0 0.0625 0.2671875 0.071875 0.06015625
0 0.121875 0.03984375 0.06953125 0.0734375
4 0.5515625 0.16484375 0.04140625 0.04375
4 0.11640625 0.4828125 0.17890625 0.02890625
4 0.08515625 0.51015625 0.115625 0.02421875
4 0.359375 0.48125 0.171875 0.02890625
4 0.33984375 0.50859375 0.12890625 0.02890625
4 0.5890625 0.478125 0.13359375 0.0328125
4 0.61953125 0.51015625 0.1953125 0.03359375
4 0.846875 0.478125 0.16171875 0.02734375
4 0.8390625 0.509375 0.15234375 0.03125
2 0.12734375 0.4921875 0.2390625 0.26875
2 0.37578125 0.49296875 0.240625 0.27109375
2 0.6234375 0.49453125 0.24296875 0.27734375
2 0.87265625 0.49453125 0.24296875 0.27734375
2 0.5 0.7765625 0.98046875 0.25234375