2 0.50546875 0.47421875 0.9875 0.24296875
4 0.31875 0.2203125 0.3140625 0.040625
4 0.178125 0.76796875 0.1125 0.0375
2 0.12734375 0.7578125 0.2390625 0.27578125
2 0.74765625 0.22265625 0.48671875 0.2453125
4 0.8171875 0.478125 0.3078125 0.03203125
4 0.4453125 0.1578125 0.0640625 0.0375
4 0.4203125 0.7328125 0.1078125 0.03515625
4 0.2015625 0.6796875 0.05859375 0.04140625
4 0.69921875 0.6859375 0.04921875 0.03984375
4 0.9421875 0.4203125 0.06171875 0.03671875
4 0.45390625 0.6796875 0.04765625 0.046875
4 0.81015625 0.215625 0.3296875 0.03984375
0 0.9453125 0.5296875 0.05859375 0.0578125
0 0.19921875 0.8234375 0.0703125 0.06171875
4 0.496875 0.98046875 0.125 0.03828125
4 0.93828125 0.1578125 0.06171875 0.0390625
4 0.4453125 0.8 0.07109375 0.0265625
4 0.94140625 0.68359375 0.06328125 0.03515625
0 0.45078125 0.85390625 0.05390625 0.05703125
0 0.94921875 0.03828125 0.0625 0.0734375
0 0.875 0.03828125 0.07578125 0.075
0 0.6921875 0.82421875 0.07109375 0.06171875
0 0.94296875 0.825 0.06796875 0.0609375
0 0.44140625 0.26640625 0.071875 0.06484375
0 0.940625 0.2671875 0.06953125 0.06171875
2 0.25234375 0.21796875 0.478125 0.2375
4 0.8734375 0.7421875 0.19453125 0.03125
4 0.91640625 0.77578125 0.1140625 0.02890625
4 0.6375 0.74140625 0.17890625 0.0328125
4 0.659375 0.771875 0.13828125 0.03125
4 0.40390625 0.7703125 0.15078125 0.0296875
4 0.1453125 0.74140625 0.17734375 0.03359375
2 0.86953125 0.75078125 0.23671875 0.2734375
2 0.625 0.75390625 0.23359375 0.26796875
2 0.37734375 0.76875 0.23515625 0.29375