2 0.49453125 0.47421875 0.9875 0.24296875
4 0.68125 0.2203125 0.3140625 0.040625
4 0.821875 0.76796875 0.1125 0.0375
2 0.87265625 0.7578125 0.2390625 0.27578125
2 0.25234375 0.22265625 0.48671875 0.2453125
4 0.1828125 0.478125 0.3078125 0.03203125
4 0.5546875 0.1578125 0.0640625 0.0375
4 0.5796875 0.7328125 0.1078125 0.03515625
4 0.7984375 0.6796875 0.05859375 0.04140625
4 0.30078125 0.6859375 0.04921875 0.03984375
4 0.0578125 0.4203125 0.06171875 0.03671875
4 0.54609375 0.6796875 0.04765625 0.046875
4 0.18984375 0.215625 0.3296875 0.03984375
0 0.0546875 0.5296875 0.05859375 0.0578125
0 0.80078125 0.8234375 0.0703125 0.06171875
4 0.503125 0.98046875 0.125 0.03828125
4 0.06171875 0.1578125 0.06171875 0.0390625
4 0.5546875 0.8 0.07109375 0.0265625
4 0.05859375 0.68359375 0.06328125 0.03515625
0 0.54921875 0.85390625 0.05390625 0.05703125
0 0.05078125 0.03828125 0.0625 0.0734375
0 0.125 0.03828125 0.07578125 0.075
0 0.3078125 0.82421875 0.07109375 0.06171875
0 0.05703125 0.825 0.06796875 0.0609375
0 0.55859375 0.26640625 0.071875 0.06484375
0 0.059375 0.2671875 0.06953125 0.06171875
2 0.74765625 0.21796875 0.478125 0.2375
4 0.1265625 0.7421875 0.19453125 0.03125
4 0.08359375 0.77578125 0.1140625 0.02890625
4 0.3625 0.74140625 0.17890625 0.0328125
4 0.340625 0.771875 0.13828125 0.03125
4 0.59609375 0.7703125 0.15078125 0.0296875
4 0.8546875 0.74140625 0.17734375 0.03359375
2 0.13046875 0.75078125 0.23671875 0.2734375
2 0.375 0.75390625 0.23359375 0.26796875
2 0.62265625 0.76875 0.23515625 0.29375