2 0.62421875 0.48984375 0.2296875 0.26328125
2 0.86875 0.48828125 0.23203125 0.2703125
2 0.7515625 0.7703125 0.496875 0.24375
4 0.17578125 0.2171875 0.3046875 0.03515625
4 0.55625 0.70859375 0.06796875 0.0421875
4 0.18203125 0.7703125 0.3078125 0.04453125
2 0.5015625 0.21875 0.984375 0.24375
4 0.5546875 0.4234375 0.06640625 0.04609375
4 0.7984375 0.4265625 0.0578125 0.03984375
4 0.6796875 0.7765625 0.31953125 0.046875
4 0.05625 0.71015625 0.05078125 0.03984375
0 0.7953125 0.565625 0.05703125 0.05625
0 0.0546875 0.27109375 0.059375 0.0625
0 0.55390625 0.56484375 0.06796875 0.0625
4 0.05859375 0.16640625 0.0609375 0.0375
4 0.30390625 0.4234375 0.0578125 0.0390625
4 0.059375 0.421875 0.06328125 0.04140625
4 0.50234375 0.95546875 0.13515625 0.05859375
0 0.05625 0.0390625 0.07421875 0.07109375
0 0.0578125 0.565625 0.06640625 0.0609375
0 0.13359375 0.0390625 0.075 0.075
0 0.55546875 0.81953125 0.071875 0.0609375
0 0.30703125 0.565625 0.06875 0.06171875
0 0.05859375 0.8203125 0.0703125 0.06171875
4 0.0890625 0.478125 0.11875 0.03515625
4 0.12890625 0.51484375 0.2109375 0.0375
4 0.35078125 0.4796875 0.1546875 0.0359375
4 0.346875 0.51484375 0.146875 0.02578125
4 0.58984375 0.484375 0.1421875 0.0296875
4 0.6125 0.509375 0.18125 0.02421875
4 0.8359375 0.47734375 0.13515625 0.03359375
4 0.85390625 0.509375 0.16953125 0.0375
2 0.128125 0.4921875 0.234375 0.259375
2 0.37734375 0.4953125 0.23984375 0.26953125
2 0.2484375 0.7703125 0.48046875 0.23671875