2 0.37578125 0.48984375 0.2296875 0.26328125
2 0.13125 0.48828125 0.23203125 0.2703125
2 0.2484375 0.7703125 0.496875 0.24375
4 0.82421875 0.2171875 0.3046875 0.03515625
4 0.44375 0.70859375 0.06796875 0.0421875
4 0.81796875 0.7703125 0.3078125 0.04453125
2 0.4984375 0.21875 0.984375 0.24375
4 0.4453125 0.4234375 0.06640625 0.04609375
4 0.2015625 0.4265625 0.0578125 0.03984375
4 0.3203125 0.7765625 0.31953125 0.046875
4 0.94375 0.71015625 0.05078125 0.03984375
0 0.2046875 0.565625 0.05703125 0.05625
0 0.9453125 0.27109375 0.059375 0.0625
0 0.44609375 0.56484375 0.06796875 0.0625
4 0.94140625 0.16640625 0.0609375 0.0375
4 0.69609375 0.4234375 0.0578125 0.0390625
4 0.940625 0.421875 0.06328125 0.04140625
4 0.49765625 0.95546875 0.13515625 0.05859375
0 0.94375 0.0390625 0.07421875 0.07109375
0 0.9421875 0.565625 0.06640625 0.0609375
0 0.86640625 0.0390625 0.075 0.075
0 0.44453125 0.81953125 0.071875 0.0609375
0 0.69296875 0.565625 0.06875 0.06171875
0 0.94140625 0.8203125 0.0703125 0.06171875
4 0.9109375 0.478125 0.11875 0.03515625
4 0.87109375 0.51484375 0.2109375 0.0375
4 0.64921875 0.4796875 0.1546875 0.0359375
4 0.653125 0.51484375 0.146875 0.02578125
4 0.41015625 0.484375 0.1421875 0.0296875
4 0.3875 0.509375 0.18125 0.02421875
4 0.1640625 0.47734375 0.13515625 0.03359375
4 0.14609375 0.509375 0.16953125 0.0375
2 0.871875 0.4921875 0.234375 0.259375
2 0.62265625 0.4953125 0.23984375 0.26953125
2 0.7515625 0.7703125 0.48046875 0.23671875