4 0.45078125 0.71015625 0.04609375 0.03828125
2 0.37578125 0.23046875 0.23671875 0.26640625
2 0.1359375 0.23203125 0.24453125 0.284375
2 0.6203125 0.234375 0.2359375 0.25546875
4 0.9203125 0.2453125 0.109375 0.0359375
2 0.74609375 0.7703125 0.490625 0.2453125
2 0.871875 0.2328125 0.2328125 0.265625
4 0.31953125 0.76875 0.31640625 0.0375
4 0.81875 0.76796875 0.30390625 0.03828125
4 0.20078125 0.1609375 0.05703125 0.0421875
4 0.45 0.16171875 0.05546875 0.0359375
4 0.81640625 0.50859375 0.30859375 0.0359375
4 0.93671875 0.7109375 0.06875 0.0375
0 0.20078125 0.3078125 0.06171875 0.0625
4 0.94375 0.45390625 0.0515625 0.03515625
4 0.49765625 0.95546875 0.13515625 0.05859375
4 0.93828125 0.16328125 0.0609375 0.03515625
0 0.69140625 0.3046875 0.071875 0.0609375
4 0.6953125 0.1625 0.0546875 0.046875
0 0.79609375 0.040625 0.078125 0.0734375
0 0.44140625 0.81796875 0.07265625 0.0640625
0 0.4484375 0.30625 0.06640625 0.06484375
0 0.9453125 0.03828125 0.07109375 0.07109375
0 0.9390625 0.5640625 0.07109375 0.06015625
0 0.64453125 0.03828125 0.07734375 0.071875
0 0.72109375 0.040625 0.06796875 0.07421875
0 0.94453125 0.30625 0.06484375 0.0609375
0 0.87265625 0.03984375 0.065625 0.0734375
0 0.9453125 0.821875 0.06796875 0.06171875
4 0.8765625 0.21796875 0.19140625 0.0375
4 0.63828125 0.2203125 0.16875 0.02890625
4 0.6609375 0.25 0.1359375 0.03125
4 0.38984375 0.21953125 0.1859375 0.03125
4 0.41328125 0.2484375 0.13359375 0.0296875
4 0.1609375 0.2171875 0.15234375 0.0359375
4 0.15234375 0.253125 0.17109375 0.0296875
2 0.49921875 0.509375 0.98671875 0.2375
2 0.2515625 0.7703125 0.48125 0.2453125