2 0.25078125 0.478125 0.4828125 0.2375
2 0.8703125 0.75 0.240625 0.2703125
2 0.49453125 0.22421875 0.9890625 0.2359375
2 0.13515625 0.75625 0.23046875 0.275
2 0.37578125 0.7515625 0.2421875 0.2640625
4 0.79921875 0.68359375 0.06640625 0.03828125
4 0.18671875 0.4703125 0.3328125 0.040625
4 0.55625 0.4171875 0.0625 0.0390625
4 0.69609375 0.47890625 0.34375 0.04765625
0 0.04765625 0.5296875 0.05546875 0.0625
4 0.30546875 0.68203125 0.0671875 0.0390625
4 0.05703125 0.1625 0.06015625 0.03828125
4 0.06015625 0.41796875 0.059375 0.03828125
4 0.55546875 0.6828125 0.065625 0.03671875
4 0.0578125 0.684375 0.05703125 0.04140625
4 0.17734375 0.21640625 0.2984375 0.046875
0 0.0515625 0.271875 0.05546875 0.0609375
0 0.5453125 0.8265625 0.0515625 0.06015625
0 0.80078125 0.8234375 0.07265625 0.0671875
0 0.04765625 0.03984375 0.05078125 0.07421875
0 0.05078125 0.825 0.0640625 0.06640625
4 0.5015625 0.9546875 0.13515625 0.0578125
0 0.3 0.825 0.06171875 0.06484375
0 0.55703125 0.528125 0.06953125 0.0609375
0 0.10703125 0.04140625 0.06015625 0.075
0 0.3265625 0.03984375 0.075 0.0765625
0 0.18203125 0.03984375 0.0796875 0.07734375
0 0.25390625 0.03984375 0.0609375 0.078125
4 0.09375 0.73984375 0.13359375 0.02578125
4 0.1140625 0.7734375 0.18828125 0.034375
4 0.365625 0.74140625 0.1796875 0.0296875
4 0.340625 0.77109375 0.140625 0.0359375
4 0.596875 0.73671875 0.153125 0.02734375
4 0.60078125 0.76953125 0.15078125 0.0296875
4 0.84765625 0.7375 0.1578125 0.028125
4 0.83828125 0.76953125 0.14140625 0.02734375
2 0.7484375 0.4765625 0.48125 0.24140625
2 0.62578125 0.7484375 0.23515625 0.2609375