2 0.1296875 0.49140625 0.228125 0.278125
2 0.37578125 0.48984375 0.23828125 0.26328125
4 0.17421875 0.76796875 0.30546875 0.03984375
2 0.74765625 0.77265625 0.4921875 0.2359375
4 0.67890625 0.7671875 0.32109375 0.0328125
4 0.54453125 0.4234375 0.04921875 0.034375
0 0.05078125 0.56640625 0.05234375 0.0578125
0 0.8015625 0.56484375 0.0703125 0.059375
4 0.05625 0.71015625 0.05078125 0.03515625
4 0.559375 0.71171875 0.06640625 0.03359375
4 0.0578125 0.421875 0.0578125 0.03515625
4 0.0578125 0.16171875 0.0609375 0.0359375
4 0.18359375 0.21953125 0.3078125 0.040625
4 0.31171875 0.42265625 0.071875 0.04140625
0 0.05234375 0.271875 0.0578125 0.06328125
4 0.50234375 0.95546875 0.13515625 0.05859375
0 0.5515625 0.56484375 0.07109375 0.0640625
0 0.55546875 0.82109375 0.07265625 0.0640625
0 0.1328125 0.03984375 0.078125 0.07578125
0 0.0546875 0.0390625 0.07265625 0.0734375
0 0.30546875 0.565625 0.06328125 0.0609375
0 0.0546875 0.82109375 0.06796875 0.06484375
4 0.1234375 0.48203125 0.20078125 0.03515625
4 0.08125 0.51328125 0.11953125 0.0328125
4 0.34140625 0.4796875 0.134375 0.034375
4 0.3640625 0.5109375 0.178125 0.028125
4 0.6046875 0.4796875 0.1625 0.034375
4 0.596875 0.51015625 0.1484375 0.03359375
4 0.79453125 0.43359375 0.0546875 0.0453125
4 0.86953125 0.47890625 0.20234375 0.0359375
4 0.81953125 0.5109375 0.1 0.02734375
2 0.5 0.225 0.98671875 0.2484375
2 0.6234375 0.49375 0.23984375 0.2734375
2 0.87109375 0.49453125 0.24296875 0.2671875
2 0.24921875 0.771875 0.48515625 0.24765625