2 0.1296875 0.5265625 0.240625 0.2734375
2 0.13046875 0.2328125 0.23671875 0.2671875
2 0.6234375 0.2296875 0.23203125 0.26875
2 0.86953125 0.23203125 0.2328125 0.26015625
4 0.9265625 0.24375 0.0890625 0.034375
2 0.87265625 0.52109375 0.2359375 0.25546875
4 0.69609375 0.45390625 0.06328125 0.03671875
4 0.4453125 0.1609375 0.06171875 0.034375
4 0.2046875 0.4484375 0.04921875 0.0375
4 0.696875 0.1640625 0.05546875 0.0390625
4 0.20703125 0.16171875 0.0484375 0.0390625
0 0.1984375 0.3046875 0.0734375 0.0625
4 0.4515625 0.4515625 0.0578125 0.0390625
0 0.453125 0.30546875 0.05625 0.06015625
0 0.93984375 0.3046875 0.06875 0.0546875
4 0.940625 0.16640625 0.05703125 0.0375
0 0.44921875 0.59453125 0.0578125 0.0640625
4 0.94375 0.4515625 0.05703125 0.0390625
4 0.4984375 0.728125 0.13671875 0.05625
0 0.19765625 0.59140625 0.07109375 0.06015625
0 0.878125 0.03984375 0.0578125 0.075
0 0.69609375 0.59296875 0.06640625 0.0625
0 0.69296875 0.30546875 0.07265625 0.06171875
0 0.81484375 0.040625 0.05859375 0.0734375
0 0.75390625 0.03984375 0.06015625 0.0734375
0 0.94296875 0.5921875 0.0671875 0.06484375
0 0.946875 0.03828125 0.0671875 0.07265625
4 0.875 0.21953125 0.19765625 0.0375
4 0.63359375 0.2171875 0.18046875 0.0328125
4 0.66484375 0.25 0.125 0.02890625
4 0.3765625 0.21796875 0.19921875 0.03515625
4 0.421875 0.24921875 0.11328125 0.028125
4 0.13359375 0.2171875 0.19296875 0.0328125
4 0.17578125 0.24921875 0.11015625 0.03125
4 0.88671875 0.509375 0.1796875 0.040625
4 0.9078125 0.540625 0.1484375 0.02265625
4 0.62734375 0.50625 0.19140625 0.04140625
4 0.67421875 0.53671875 0.0921875 0.03515625
4 0.39609375 0.509375 0.15546875 0.03203125
4 0.415625 0.540625 0.125 0.03515625
4 0.13828125 0.51015625 0.190625 0.03125
4 0.17109375 0.5421875 0.10703125 0.03515625
2 0.3765625 0.228125 0.2421875 0.27265625
2 0.6234375 0.52421875 0.2390625 0.27109375
2 0.37578125 0.5203125 0.2390625 0.2703125