2 0.75078125 0.77265625 0.4859375 0.2359375
2 0.86796875 0.22890625 0.24453125 0.28203125
2 0.24765625 0.77421875 0.49453125 0.2328125
2 0.24921875 0.5078125 0.4859375 0.23125
4 0.80078125 0.16171875 0.0609375 0.0359375
4 0.67265625 0.76484375 0.296875 0.02734375
4 0.67734375 0.5046875 0.296875 0.03515625
4 0.05234375 0.4484375 0.04765625 0.03515625
4 0.5484375 0.70703125 0.05859375 0.04375
4 0.1765625 0.7703125 0.30078125 0.0328125
4 0.1734375 0.509375 0.28984375 0.03125
0 0.7984375 0.30625 0.0671875 0.0609375
4 0.55703125 0.44453125 0.06484375 0.03984375
4 0.0546875 0.70703125 0.05234375 0.0359375
4 0.05859375 0.1625 0.059375 0.0359375
0 0.55234375 0.303125 0.0734375 0.06171875
0 0.05078125 0.30703125 0.05859375 0.06328125
4 0.54453125 0.165625 0.04765625 0.03515625
4 0.50234375 0.953125 0.13359375 0.05703125
0 0.55703125 0.815625 0.07265625 0.06171875
4 0.29609375 0.1640625 0.04375 0.03125
0 0.0640625 0.81640625 0.0765625 0.06484375
0 0.12109375 0.04140625 0.07109375 0.075
0 0.19765625 0.03984375 0.0734375 0.075
0 0.55703125 0.55703125 0.07265625 0.06328125
0 0.0609375 0.5578125 0.07109375 0.0609375
0 0.3078125 0.3046875 0.06875 0.059375
0 0.05 0.03828125 0.0640625 0.07421875
4 0.08828125 0.215625 0.12109375 0.02734375
4 0.1171875 0.25 0.19140625 0.034375
4 0.36953125 0.22109375 0.1921875 0.028125
4 0.325 0.2515625 0.10703125 0.0328125
4 0.61953125 0.2203125 0.19453125 0.0296875
4 0.571875 0.24921875 0.1046875 0.0265625
4 0.8671875 0.21484375 0.19140625 0.03515625
4 0.82421875 0.24765625 0.1078125 0.0359375
2 0.12890625 0.228125 0.23671875 0.27265625
2 0.378125 0.234375 0.24296875 0.27109375
2 0.621875 0.2328125 0.23828125 0.2640625
2 0.75078125 0.51015625 0.4859375 0.25078125