2 0.24921875 0.77265625 0.4859375 0.2359375
2 0.13203125 0.22890625 0.24453125 0.28203125
2 0.75234375 0.77421875 0.49453125 0.2328125
2 0.75078125 0.5078125 0.4859375 0.23125
4 0.19921875 0.16171875 0.0609375 0.0359375
4 0.32734375 0.76484375 0.296875 0.02734375
4 0.32265625 0.5046875 0.296875 0.03515625
4 0.94765625 0.4484375 0.04765625 0.03515625
4 0.4515625 0.70703125 0.05859375 0.04375
4 0.8234375 0.7703125 0.30078125 0.0328125
4 0.8265625 0.509375 0.28984375 0.03125
0 0.2015625 0.30625 0.0671875 0.0609375
4 0.44296875 0.44453125 0.06484375 0.03984375
4 0.9453125 0.70703125 0.05234375 0.0359375
4 0.94140625 0.1625 0.059375 0.0359375
0 0.44765625 0.303125 0.0734375 0.06171875
0 0.94921875 0.30703125 0.05859375 0.06328125
4 0.45546875 0.165625 0.04765625 0.03515625
4 0.49765625 0.953125 0.13359375 0.05703125
0 0.44296875 0.815625 0.07265625 0.06171875
4 0.70390625 0.1640625 0.04375 0.03125
0 0.9359375 0.81640625 0.0765625 0.06484375
0 0.87890625 0.04140625 0.07109375 0.075
0 0.80234375 0.03984375 0.0734375 0.075
0 0.44296875 0.55703125 0.07265625 0.06328125
0 0.9390625 0.5578125 0.07109375 0.0609375
0 0.6921875 0.3046875 0.06875 0.059375
0 0.95 0.03828125 0.0640625 0.07421875
4 0.91171875 0.215625 0.12109375 0.02734375
4 0.8828125 0.25 0.19140625 0.034375
4 0.63046875 0.22109375 0.1921875 0.028125
4 0.675 0.2515625 0.10703125 0.0328125
4 0.38046875 0.2203125 0.19453125 0.0296875
4 0.428125 0.24921875 0.1046875 0.0265625
4 0.1328125 0.21484375 0.19140625 0.03515625
4 0.17578125 0.24765625 0.1078125 0.0359375
2 0.87109375 0.228125 0.23671875 0.27265625
2 0.621875 0.234375 0.24296875 0.27109375
2 0.378125 0.2328125 0.23828125 0.2640625
2 0.24921875 0.51015625 0.4859375 0.25078125