2 0.12890625 0.48984375 0.234375 0.2703125
2 0.37578125 0.490625 0.23515625 0.2671875
2 0.8734375 0.50234375 0.2515625 0.30078125
2 0.253125 0.80390625 0.48828125 0.24609375
4 0.3140625 0.80390625 0.3203125 0.03984375
2 0.74921875 0.79765625 0.4890625 0.240625
4 0.95 0.54296875 0.040625 0.025
4 0.82109375 0.79921875 0.29609375 0.03515625
4 0.44296875 0.7421875 0.06796875 0.03828125
4 0.93046875 0.47578125 0.08984375 0.03046875
4 0.4484375 0.425 0.0609375 0.0359375
4 0.9390625 0.7421875 0.0625 0.0375
0 0.70234375 0.59453125 0.0515625 0.05703125
0 0.45078125 0.85078125 0.0578125 0.06328125
4 0.20078125 0.4234375 0.065625 0.03828125
0 0.19921875 0.56640625 0.06171875 0.06171875
4 0.8125 0.21640625 0.32109375 0.0515625
4 0.496875 0.98125 0.1234375 0.0375
4 0.9421875 0.4296875 0.05703125 0.0484375
4 0.94765625 0.1640625 0.04765625 0.03515625
0 0.940625 0.84765625 0.0703125 0.06015625
4 0.69921875 0.4265625 0.05078125 0.04296875
0 0.44453125 0.565625 0.07265625 0.0640625
0 0.9421875 0.2703125 0.0671875 0.06171875
0 0.725 0.0390625 0.071875 0.0765625
0 0.8671875 0.03984375 0.07734375 0.075
0 0.7953125 0.03984375 0.06015625 0.07734375
0 0.94296875 0.59375 0.06640625 0.0609375
0 0.9453125 0.03984375 0.07421875 0.07109375
4 0.8703125 0.51015625 0.20859375 0.03125
4 0.7046875 0.47578125 0.03984375 0.0296875
4 0.62734375 0.5109375 0.1984375 0.02734375
4 0.68671875 0.54375 0.08125 0.02734375
4 0.39296875 0.47734375 0.1765625 0.0359375
4 0.40859375 0.5125 0.1515625 0.02890625
4 0.17578125 0.484375 0.115625 0.02578125
4 0.1328125 0.51484375 0.19296875 0.02890625
2 0.5015625 0.21875 0.98671875 0.24375
2 0.6234375 0.50546875 0.2390625 0.30234375