2 0.86796875 0.23046875 0.2296875 0.2640625
2 0.75 0.76953125 0.47890625 0.2453125
4 0.82734375 0.7609375 0.28828125 0.0421875
4 0.45 0.16484375 0.06015625 0.04375
2 0.49765625 0.51171875 0.98828125 0.2375
4 0.3203125 0.76953125 0.32421875 0.04765625
4 0.809375 0.503125 0.3296875 0.05
2 0.37890625 0.23125 0.2296875 0.26953125
4 0.94375 0.45 0.05390625 0.03125
4 0.890625 0.2171875 0.1609375 0.02890625
2 0.61875 0.23046875 0.2328125 0.26171875
2 0.12890625 0.2265625 0.23046875 0.27734375
4 0.44609375 0.71015625 0.06484375 0.040625
4 0.6984375 0.165625 0.04765625 0.040625
4 0.94765625 0.165625 0.04453125 0.03203125
0 0.4515625 0.8203125 0.0625 0.06171875
0 0.20078125 0.30625 0.06328125 0.0640625
0 0.9484375 0.56328125 0.0640625 0.06171875
0 0.44609375 0.3046875 0.06640625 0.065625
4 0.49765625 0.95546875 0.13515625 0.05859375
0 0.85859375 0.03984375 0.07421875 0.07421875
4 0.20546875 0.16328125 0.0515625 0.0375
0 0.78671875 0.03984375 0.0578125 0.075
0 0.940625 0.0390625 0.07890625 0.07109375
0 0.94609375 0.30625 0.0625 0.0640625
0 0.72421875 0.040625 0.06640625 0.07109375
0 0.69296875 0.30390625 0.0671875 0.059375
0 0.9421875 0.81953125 0.071875 0.06328125
4 0.8953125 0.25 0.1640625 0.034375
4 0.64453125 0.21875 0.16328125 0.03359375
4 0.65546875 0.25 0.1421875 0.02890625
4 0.3765625 0.21953125 0.20234375 0.03046875
4 0.428125 0.24609375 0.10234375 0.02890625
4 0.18125 0.21953125 0.096875 0.03203125
4 0.13203125 0.25234375 0.19609375 0.02734375
4 0.9453125 0.715625 0.06640625 0.0453125
2 0.25 0.76875 0.478125 0.23125