2 0.61953125 0.23046875 0.24140625 0.26484375
2 0.8703125 0.22890625 0.23359375 0.26875
4 0.79921875 0.540625 0.0578125 0.025
2 0.62421875 0.52578125 0.240625 0.275
2 0.13203125 0.51796875 0.23359375 0.2734375
4 0.30234375 0.45546875 0.06171875 0.0453125
2 0.13046875 0.228125 0.2375 0.27578125
4 0.54765625 0.4515625 0.05234375 0.04296875
4 0.55234375 0.16171875 0.06171875 0.0359375
4 0.053125 0.16328125 0.04609375 0.03359375
4 0.30390625 0.1640625 0.05625 0.03359375
0 0.05 0.30546875 0.0578125 0.06015625
0 0.79921875 0.30625 0.059375 0.0609375
4 0.79453125 0.16484375 0.05546875 0.03515625
4 0.0515625 0.4546875 0.0390625 0.0390625
0 0.29765625 0.59375 0.05546875 0.06484375
0 0.79921875 0.5921875 0.0703125 0.06171875
0 0.559375 0.30390625 0.07578125 0.05703125
4 0.5015625 0.72890625 0.13671875 0.05703125
0 0.55078125 0.59296875 0.065625 0.065625
0 0.13203125 0.040625 0.0765625 0.075
0 0.0515625 0.03984375 0.07265625 0.07265625
0 0.30546875 0.30546875 0.0671875 0.06328125
0 0.0578125 0.5921875 0.071875 0.06640625
0 0.20703125 0.03984375 0.06796875 0.07265625
4 0.11328125 0.21953125 0.17109375 0.025
4 0.0984375 0.2515625 0.13359375 0.02578125
4 0.37578125 0.2171875 0.196875 0.0359375
4 0.33671875 0.246875 0.1234375 0.03046875
4 0.59140625 0.21796875 0.140625 0.03125
4 0.60390625 0.25625 0.1703125 0.0390625
4 0.86484375 0.21953125 0.18984375 0.03125
4 0.81953125 0.24765625 0.10078125 0.03125
4 0.12109375 0.5078125 0.1765625 0.03125
4 0.09140625 0.5390625 0.13125 0.028125
4 0.36953125 0.509375 0.19765625 0.0375
4 0.33046875 0.5359375 0.125 0.02578125
4 0.61171875 0.5046875 0.18828125 0.0359375
4 0.58203125 0.53984375 0.1234375 0.03515625
4 0.87734375 0.51015625 0.2140625 0.04140625
4 0.79375 0.46015625 0.05078125 0.05390625
2 0.3765625 0.23125 0.23203125 0.26875
2 0.375 0.52421875 0.23984375 0.2640625
2 0.87109375 0.51953125 0.23671875 0.2625