2 0.37734375 0.2296875 0.23203125 0.2734375
2 0.6234375 0.2328125 0.23359375 0.27265625
2 0.86484375 0.22890625 0.24296875 0.26875
4 0.68203125 0.24921875 0.0859375 0.034375
4 0.92890625 0.2421875 0.090625 0.0359375
2 0.12890625 0.23203125 0.234375 0.2828125
4 0.45 0.16171875 0.05234375 0.0375
4 0.19921875 0.1640625 0.06171875 0.0359375
4 0.94296875 0.16171875 0.05703125 0.03671875
0 0.2 0.3078125 0.06171875 0.065625
4 0.49765625 0.43515625 0.13515625 0.06171875
0 0.87734375 0.0390625 0.0578125 0.07421875
4 0.69765625 0.16328125 0.05 0.03515625
0 0.94140625 0.3046875 0.07109375 0.0640625
0 0.80625 0.03984375 0.07734375 0.07421875
0 0.69453125 0.30546875 0.0671875 0.0609375
0 0.946875 0.03984375 0.0671875 0.0703125
0 0.7265625 0.03984375 0.07890625 0.075
0 0.446875 0.30625 0.06875 0.0640625
4 0.8734375 0.2171875 0.1984375 0.01875
4 0.63359375 0.21875 0.18203125 0.0328125
4 0.37734375 0.22109375 0.19921875 0.0265625
4 0.41328125 0.25078125 0.13046875 0.03046875
4 0.16953125 0.21953125 0.12109375 0.03125
4 0.1484375 0.2515625 0.16875 0.0359375