2 0.12734375 0.496875 0.22890625 0.2671875
4 0.671875 0.76875 0.29609375 0.0578125
4 0.55234375 0.7109375 0.065625 0.040625
4 0.7953125 0.42734375 0.0515625 0.03828125
4 0.05859375 0.7125 0.05703125 0.03515625
4 0.184375 0.7625 0.321875 0.0421875
4 0.54921875 0.42265625 0.0578125 0.0375
4 0.1828125 0.21875 0.30078125 0.04453125
4 0.30078125 0.42421875 0.0546875 0.0359375
4 0.06015625 0.425 0.05859375 0.0359375
0 0.79921875 0.5671875 0.06171875 0.06484375
4 0.053125 0.16328125 0.05078125 0.03828125
4 0.5015625 0.95546875 0.13515625 0.05703125
0 0.5546875 0.56484375 0.0703125 0.06484375
0 0.0609375 0.271875 0.0703125 0.0625
0 0.05859375 0.565625 0.0703125 0.06171875
0 0.30546875 0.565625 0.06640625 0.0609375
0 0.05703125 0.0390625 0.07578125 0.071875
0 0.55234375 0.8203125 0.0671875 0.06328125
0 0.13046875 0.040625 0.06484375 0.0765625
0 0.2015625 0.03984375 0.0671875 0.07421875
0 0.0625 0.8203125 0.0765625 0.0640625
4 0.11640625 0.48125 0.18046875 0.03125
4 0.0890625 0.51328125 0.125 0.03046875
4 0.35625 0.47890625 0.16484375 0.034375
4 0.3359375 0.509375 0.121875 0.03203125
4 0.6078125 0.4796875 0.1765625 0.03515625
4 0.59375 0.51484375 0.14453125 0.03515625
4 0.8671875 0.4796875 0.203125 0.03125
4 0.81796875 0.51328125 0.11328125 0.0328125
2 0.496875 0.221875 0.990625 0.2359375
2 0.37890625 0.48984375 0.2421875 0.2671875
2 0.62421875 0.49296875 0.2390625 0.26484375
2 0.8703125 0.4953125 0.240625 0.26875
2 0.2515625 0.76796875 0.47734375 0.25
2 0.7484375 0.771875 0.4796875 0.2453125