2 0.86875 0.49375 0.23671875 0.26875
2 0.12890625 0.4875 0.23984375 0.28203125
4 0.82109375 0.76640625 0.3046875 0.05078125
4 0.446875 0.71171875 0.06328125 0.0421875
2 0.24609375 0.76796875 0.4921875 0.23984375
4 0.3109375 0.765625 0.3390625 0.0421875
4 0.9359375 0.5046875 0.07109375 0.03046875
4 0.1984375 0.4265625 0.05859375 0.04140625
4 0.8234375 0.21875 0.30234375 0.05390625
4 0.9453125 0.7078125 0.05234375 0.03828125
0 0.44921875 0.821875 0.05078125 0.059375
4 0.4546875 0.4234375 0.046875 0.03671875
4 0.9421875 0.16171875 0.06015625 0.0359375
4 0.69296875 0.42265625 0.06484375 0.03515625
0 0.45078125 0.56484375 0.05625 0.0640625
4 0.95078125 0.42578125 0.040625 0.03203125
0 0.9484375 0.56796875 0.06015625 0.06484375
0 0.19765625 0.56484375 0.0703125 0.05859375
4 0.4984375 0.95546875 0.13515625 0.05703125
0 0.94296875 0.03984375 0.07734375 0.0734375
0 0.94375 0.2703125 0.06484375 0.06171875
0 0.7140625 0.03984375 0.06171875 0.07578125
0 0.859375 0.03984375 0.0734375 0.0734375
0 0.6953125 0.565625 0.06484375 0.0609375
0 0.64140625 0.04375 0.078125 0.07890625
0 0.7828125 0.040625 0.07109375 0.07421875
0 0.94453125 0.82109375 0.06875 0.06328125
4 0.88046875 0.4828125 0.19140625 0.0359375
4 0.63828125 0.47890625 0.1828125 0.0359375
4 0.67421875 0.509375 0.10234375 0.02734375
4 0.3859375 0.4765625 0.18359375 0.03828125
4 0.41953125 0.50859375 0.12578125 0.03359375
4 0.13046875 0.48203125 0.20625 0.02734375
4 0.17890625 0.5140625 0.11328125 0.02890625
2 0.5 0.22109375 0.98359375 0.23515625
2 0.62421875 0.49296875 0.234375 0.2703125
2 0.3765625 0.4953125 0.24296875 0.26953125
2 0.7515625 0.76953125 0.48359375 0.25