2 0.13125 0.49375 0.23671875 0.26875
2 0.87109375 0.4875 0.23984375 0.28203125
4 0.17890625 0.76640625 0.3046875 0.05078125
4 0.553125 0.71171875 0.06328125 0.0421875
2 0.75390625 0.76796875 0.4921875 0.23984375
4 0.6890625 0.765625 0.3390625 0.0421875
4 0.0640625 0.5046875 0.07109375 0.03046875
4 0.8015625 0.4265625 0.05859375 0.04140625
4 0.1765625 0.21875 0.30234375 0.05390625
4 0.0546875 0.7078125 0.05234375 0.03828125
0 0.55078125 0.821875 0.05078125 0.059375
4 0.5453125 0.4234375 0.046875 0.03671875
4 0.0578125 0.16171875 0.06015625 0.0359375
4 0.30703125 0.42265625 0.06484375 0.03515625
0 0.54921875 0.56484375 0.05625 0.0640625
4 0.04921875 0.42578125 0.040625 0.03203125
0 0.0515625 0.56796875 0.06015625 0.06484375
0 0.80234375 0.56484375 0.0703125 0.05859375
4 0.5015625 0.95546875 0.13515625 0.05703125
0 0.05703125 0.03984375 0.07734375 0.0734375
0 0.05625 0.2703125 0.06484375 0.06171875
0 0.2859375 0.03984375 0.06171875 0.07578125
0 0.140625 0.03984375 0.0734375 0.0734375
0 0.3046875 0.565625 0.06484375 0.0609375
0 0.35859375 0.04375 0.078125 0.07890625
0 0.2171875 0.040625 0.07109375 0.07421875
0 0.05546875 0.82109375 0.06875 0.06328125
4 0.11953125 0.4828125 0.19140625 0.0359375
4 0.36171875 0.47890625 0.1828125 0.0359375
4 0.32578125 0.509375 0.10234375 0.02734375
4 0.6140625 0.4765625 0.18359375 0.03828125
4 0.58046875 0.50859375 0.12578125 0.03359375
4 0.86953125 0.48203125 0.20625 0.02734375
4 0.82109375 0.5140625 0.11328125 0.02890625
2 0.5 0.22109375 0.98359375 0.23515625
2 0.37578125 0.49296875 0.234375 0.2703125
2 0.6234375 0.4953125 0.24296875 0.26953125
2 0.2484375 0.76953125 0.48359375 0.25