2 0.128125 0.496875 0.24296875 0.265625
4 0.5515625 0.70859375 0.0515625 0.04140625
4 0.078125 0.51484375 0.10390625 0.03046875
2 0.24765625 0.77265625 0.49453125 0.240625
4 0.60546875 0.47734375 0.16171875 0.04375
4 0.1921875 0.76875 0.3328125 0.04765625
4 0.7890625 0.42265625 0.03828125 0.0328125
4 0.05234375 0.715625 0.05234375 0.03984375
2 0.49921875 0.2234375 0.98515625 0.24765625
4 0.68671875 0.76953125 0.3234375 0.0421875
4 0.5515625 0.42265625 0.05859375 0.0421875
0 0.8 0.56640625 0.06796875 0.0609375
4 0.1859375 0.221875 0.32734375 0.04296875
4 0.3046875 0.4234375 0.059375 0.03515625
0 0.05234375 0.27109375 0.0546875 0.06015625
0 0.0625 0.56484375 0.0765625 0.0609375
4 0.05078125 0.16484375 0.04375 0.03125
0 0.30234375 0.5671875 0.05859375 0.0640625
4 0.05546875 0.425 0.0515625 0.04296875
4 0.50234375 0.95546875 0.13515625 0.05703125
0 0.55390625 0.56484375 0.07421875 0.06484375
0 0.28359375 0.0390625 0.07421875 0.0765625
0 0.20703125 0.03984375 0.07578125 0.078125
0 0.13125 0.0390625 0.07421875 0.07578125
0 0.5578125 0.81796875 0.07421875 0.0625
0 0.0546875 0.0390625 0.07421875 0.07421875
0 0.05859375 0.82109375 0.07265625 0.06328125
0 0.35703125 0.03984375 0.06953125 0.07578125
4 0.125 0.4796875 0.19609375 0.03125
4 0.3734375 0.48046875 0.19609375 0.03515625
4 0.33203125 0.509375 0.121875 0.025
4 0.86796875 0.4828125 0.19453125 0.0359375
4 0.82578125 0.51484375 0.115625 0.025
4 0.5953125 0.5125 0.14765625 0.02890625
2 0.3765625 0.49453125 0.24140625 0.2703125
2 0.621875 0.49609375 0.2359375 0.26796875
2 0.8703125 0.49140625 0.2453125 0.2671875
2 0.746875 0.77578125 0.48828125 0.24609375