4 0.203125 0.765625 0.36484375 0.06328125
2 0.253125 0.775 0.5015625 0.23046875
2 0.12421875 0.23671875 0.2453125 0.259375
2 0.50078125 0.51171875 0.98671875 0.24453125
4 0.06484375 0.24921875 0.07265625 0.03125
2 0.37734375 0.2375 0.23203125 0.26796875
4 0.675 0.77109375 0.29453125 0.0421875
2 0.87265625 0.22734375 0.23984375 0.28515625
2 0.6234375 0.23203125 0.2265625 0.26953125
4 0.55703125 0.71015625 0.06796875 0.040625
4 0.04765625 0.165625 0.0359375 0.03359375
4 0.05859375 0.71015625 0.065625 0.0390625
4 0.1828125 0.50546875 0.3140625 0.0453125
0 0.54453125 0.30546875 0.05 0.05859375
4 0.54609375 0.16328125 0.04921875 0.0328125
4 0.05859375 0.4515625 0.06171875 0.0375
0 0.7921875 0.30703125 0.053125 0.0671875
4 0.30703125 0.16328125 0.06484375 0.03515625
0 0.55390625 0.81953125 0.06796875 0.0625
4 0.50234375 0.95546875 0.13515625 0.0578125
0 0.13828125 0.0390625 0.07421875 0.071875
0 0.30390625 0.3046875 0.0625 0.0609375
0 0.05390625 0.56484375 0.06953125 0.059375
0 0.05703125 0.0390625 0.075 0.06953125
0 0.053125 0.30703125 0.0625 0.0625
0 0.21640625 0.040625 0.06953125 0.071875
0 0.29140625 0.03984375 0.07421875 0.07265625
0 0.05 0.8203125 0.0609375 0.0625
0 0.37265625 0.040625 0.0796875 0.0765625
4 0.12734375 0.2171875 0.19765625 0.03515625
4 0.375 0.221875 0.19765625 0.03671875
4 0.325 0.253125 0.09921875 0.03515625
4 0.58671875 0.21953125 0.12578125 0.03125
4 0.62265625 0.25234375 0.19765625 0.0375
4 0.8 0.165625 0.06171875 0.0578125
4 0.86328125 0.2203125 0.1890625 0.0296875
4 0.81875 0.2515625 0.10234375 0.03359375
2 0.74765625 0.77265625 0.48125 0.2390625