4 0.2265625 0.05703125 0.28203125 0.0890625
4 0.19609375 0.1828125 0.20859375 0.065625
4 0.61640625 0.2 0.178125 0.05546875
4 0.57265625 0.384375 0.125 0.0609375
4 0.16015625 0.378125 0.12734375 0.05859375
4 0.16484375 0.5703125 0.11953125 0.05703125
4 0.55859375 0.5671875 0.08515625 0.0484375
4 0.57890625 0.734375 0.134375 0.05546875
4 0.1453125 0.74375 0.06328125 0.04296875
7 0.278125 0.26796875 0.37109375 0.08046875
7 0.74296875 0.27421875 0.44921875 0.0765625
7 0.73828125 0.4609375 0.45625 0.08046875
7 0.28125 0.4578125 0.34375 0.08203125
6 0.28515625 0.640625 0.33828125 0.075
6 0.73046875 0.63515625 0.43515625 0.07109375
7 0.609375 0.796875 0.19375 0.06640625
6 0.29296875 0.80390625 0.35546875 0.075
0 0.30390625 0.93671875 0.40390625 0.0984375
0 0.73203125 0.93359375 0.4 0.1