4 0.7734375 0.05703125 0.28203125 0.0890625
4 0.80390625 0.1828125 0.20859375 0.065625
4 0.38359375 0.2 0.178125 0.05546875
4 0.42734375 0.384375 0.125 0.0609375
4 0.83984375 0.378125 0.12734375 0.05859375
4 0.83515625 0.5703125 0.11953125 0.05703125
4 0.44140625 0.5671875 0.08515625 0.0484375
4 0.42109375 0.734375 0.134375 0.05546875
4 0.8546875 0.74375 0.06328125 0.04296875
7 0.721875 0.26796875 0.37109375 0.08046875
7 0.25703125 0.27421875 0.44921875 0.0765625
7 0.26171875 0.4609375 0.45625 0.08046875
7 0.71875 0.4578125 0.34375 0.08203125
6 0.71484375 0.640625 0.33828125 0.075
6 0.26953125 0.63515625 0.43515625 0.07109375
7 0.390625 0.796875 0.19375 0.06640625
6 0.70703125 0.80390625 0.35546875 0.075
0 0.69609375 0.93671875 0.40390625 0.0984375
0 0.26796875 0.93359375 0.4 0.1