4 0.5484375 0.41875 0.0484375 0.0453125
2 0.7515625 0.21171875 0.48515625 0.25234375
2 0.25234375 0.22265625 0.4890625 0.2625
2 0.25390625 0.48046875 0.478125 0.2328125
2 0.7484375 0.48046875 0.478125 0.24453125
4 0.1765625 0.47421875 0.296875 0.0390625
4 0.665625 0.2125 0.28359375 0.0453125
4 0.18515625 0.21328125 0.31875 0.04453125
4 0.05703125 0.41875 0.06015625 0.0359375
4 0.05625 0.16171875 0.059375 0.0421875
4 0.50078125 0.66328125 0.134375 0.06015625
0 0.13828125 0.03828125 0.078125 0.075
0 0.5515625 0.26953125 0.06015625 0.06171875
0 0.05546875 0.03828125 0.0734375 0.07265625
0 0.55546875 0.52578125 0.06953125 0.0625
0 0.05390625 0.52734375 0.06171875 0.0609375
0 0.05546875 0.26875 0.06328125 0.06015625
4 0.67578125 0.475 0.309375 0.04140625