4 0.4515625 0.41875 0.0484375 0.0453125
2 0.2484375 0.21171875 0.48515625 0.25234375
2 0.74765625 0.22265625 0.4890625 0.2625
2 0.74609375 0.48046875 0.478125 0.2328125
2 0.2515625 0.48046875 0.478125 0.24453125
4 0.8234375 0.47421875 0.296875 0.0390625
4 0.334375 0.2125 0.28359375 0.0453125
4 0.81484375 0.21328125 0.31875 0.04453125
4 0.94296875 0.41875 0.06015625 0.0359375
4 0.94375 0.16171875 0.059375 0.0421875
4 0.49921875 0.66328125 0.134375 0.06015625
0 0.86171875 0.03828125 0.078125 0.075
0 0.4484375 0.26953125 0.06015625 0.06171875
0 0.94453125 0.03828125 0.0734375 0.07265625
0 0.44453125 0.52578125 0.06953125 0.0625
0 0.94609375 0.52734375 0.06171875 0.0609375
0 0.94453125 0.26875 0.06328125 0.06015625
4 0.32421875 0.475 0.309375 0.04140625