4 0.20390625 0.42265625 0.05234375 0.046875
4 0.64609375 0.478125 0.1578125 0.0328125
4 0.8234375 0.76953125 0.3 0.03828125
2 0.7453125 0.22109375 0.48359375 0.2265625
2 0.86875 0.49140625 0.23671875 0.25703125
4 0.44375 0.1578125 0.06328125 0.0359375
4 0.31328125 0.21328125 0.325 0.05
4 0.45234375 0.4203125 0.05078125 0.03984375
4 0.82109375 0.2203125 0.303125 0.04765625
4 0.6953125 0.421875 0.0546875 0.0421875
0 0.21015625 0.565625 0.05078125 0.0640625
4 0.9421875 0.4234375 0.06171875 0.03515625
4 0.940625 0.71328125 0.0640625 0.04140625
0 0.6953125 0.56484375 0.065625 0.0625
4 0.94140625 0.15859375 0.06484375 0.0375
0 0.44375 0.2671875 0.06953125 0.0625
0 0.7234375 0.03984375 0.06953125 0.07578125
0 0.9484375 0.82421875 0.06015625 0.06640625
4 0.4984375 0.95625 0.1375 0.05234375
0 0.93828125 0.56484375 0.07578125 0.06171875
0 0.4421875 0.56171875 0.07265625 0.059375
0 0.79921875 0.03984375 0.06640625 0.07734375
0 0.94453125 0.03828125 0.07265625 0.07265625
0 0.871875 0.0390625 0.0640625 0.075
0 0.94453125 0.26875 0.065625 0.06171875
2 0.25234375 0.21796875 0.48359375 0.2453125
4 0.90625 0.4796875 0.13125 0.03515625
4 0.88984375 0.51328125 0.16953125 0.03515625
4 0.65 0.5125 0.1484375 0.03828125
4 0.39296875 0.478125 0.16640625 0.02734375
4 0.4109375 0.50859375 0.13828125 0.025
4 0.1359375 0.4796875 0.19765625 0.02421875
4 0.16875 0.50859375 0.12890625 0.0328125
2 0.625 0.4953125 0.234375 0.2640625
2 0.37734375 0.4953125 0.2390625 0.265625
2 0.1296875 0.49375 0.23828125 0.2625
2 0.5015625 0.77265625 0.97265625 0.24609375