4 0.79609375 0.42265625 0.05234375 0.046875
4 0.35390625 0.478125 0.1578125 0.0328125
4 0.1765625 0.76953125 0.3 0.03828125
2 0.2546875 0.22109375 0.48359375 0.2265625
2 0.13125 0.49140625 0.23671875 0.25703125
4 0.55625 0.1578125 0.06328125 0.0359375
4 0.68671875 0.21328125 0.325 0.05
4 0.54765625 0.4203125 0.05078125 0.03984375
4 0.17890625 0.2203125 0.303125 0.04765625
4 0.3046875 0.421875 0.0546875 0.0421875
0 0.78984375 0.565625 0.05078125 0.0640625
4 0.0578125 0.4234375 0.06171875 0.03515625
4 0.059375 0.71328125 0.0640625 0.04140625
0 0.3046875 0.56484375 0.065625 0.0625
4 0.05859375 0.15859375 0.06484375 0.0375
0 0.55625 0.2671875 0.06953125 0.0625
0 0.2765625 0.03984375 0.06953125 0.07578125
0 0.0515625 0.82421875 0.06015625 0.06640625
4 0.5015625 0.95625 0.1375 0.05234375
0 0.06171875 0.56484375 0.07578125 0.06171875
0 0.5578125 0.56171875 0.07265625 0.059375
0 0.20078125 0.03984375 0.06640625 0.07734375
0 0.05546875 0.03828125 0.07265625 0.07265625
0 0.128125 0.0390625 0.0640625 0.075
0 0.05546875 0.26875 0.065625 0.06171875
2 0.74765625 0.21796875 0.48359375 0.2453125
4 0.09375 0.4796875 0.13125 0.03515625
4 0.11015625 0.51328125 0.16953125 0.03515625
4 0.35 0.5125 0.1484375 0.03828125
4 0.60703125 0.478125 0.16640625 0.02734375
4 0.5890625 0.50859375 0.13828125 0.025
4 0.8640625 0.4796875 0.19765625 0.02421875
4 0.83125 0.50859375 0.12890625 0.0328125
2 0.375 0.4953125 0.234375 0.2640625
2 0.62265625 0.4953125 0.2390625 0.265625
2 0.8703125 0.49375 0.23828125 0.2625
2 0.4984375 0.77265625 0.97265625 0.24609375