0 0.83828125 0.0421875 0.134375 0.0828125
4 0.321875 0.2125 0.30703125 0.0421875
2 0.62109375 0.746875 0.240625 0.2671875
4 0.94609375 0.4203125 0.05546875 0.03671875
2 0.74609375 0.221875 0.47578125 0.2234375
2 0.128125 0.75625 0.23671875 0.259375
2 0.86640625 0.74453125 0.24296875 0.259375
4 0.4453125 0.15625 0.0609375 0.0375
4 0.8125 0.215625 0.31484375 0.03828125
4 0.2046875 0.68515625 0.05546875 0.04375
4 0.94609375 0.68203125 0.05234375 0.040625
0 0.2015625 0.825 0.0578125 0.0640625
4 0.7015625 0.6875 0.046875 0.03515625
4 0.4484375 0.68203125 0.059375 0.0421875
4 0.8203125 0.47578125 0.31328125 0.03515625
0 0.69921875 0.825 0.0609375 0.06484375
4 0.93828125 0.15859375 0.06015625 0.03671875
4 0.4984375 0.95546875 0.13515625 0.05625
0 0.93515625 0.53203125 0.07578125 0.06484375
0 0.93984375 0.825 0.07265625 0.0625
0 0.9421875 0.03984375 0.078125 0.071875
0 0.7171875 0.04140625 0.08046875 0.08046875
0 0.796875 0.03984375 0.07109375 0.0765625
0 0.4453125 0.26875 0.0671875 0.0640625
0 0.44453125 0.82421875 0.071875 0.06328125
0 0.86953125 0.03984375 0.05859375 0.07578125
0 0.94140625 0.26640625 0.065625 0.059375
2 0.25234375 0.2171875 0.47578125 0.24296875
2 0.4984375 0.48203125 0.98671875 0.23046875
4 0.88671875 0.740625 0.175 0.03125
4 0.90078125 0.76875 0.15390625 0.02890625
4 0.6703125 0.73828125 0.11015625 0.02578125
4 0.6328125 0.771875 0.18203125 0.03203125
4 0.38203125 0.74140625 0.19921875 0.0328125
4 0.41640625 0.77265625 0.12578125 0.0234375
2 0.37421875 0.7515625 0.2390625 0.26328125
4 0.14140625 0.740625 0.17578125 0.025
4 0.18359375 0.765625 0.09609375 0.03671875