2 0.86953125 0.490625 0.22578125 0.2734375
4 0.16015625 0.50625 0.153125 0.0234375
2 0.375 0.4890625 0.22890625 0.2640625
2 0.74296875 0.2203125 0.47890625 0.2265625
4 0.4484375 0.1625 0.05390625 0.0453125
4 0.81953125 0.2203125 0.31484375 0.04609375
4 0.69921875 0.42421875 0.04609375 0.03203125
4 0.81875 0.79921875 0.30390625 0.040625
4 0.315625 0.215625 0.3125 0.0390625
4 0.940625 0.7421875 0.0671875 0.03359375
4 0.20078125 0.4203125 0.06015625 0.0375
0 0.44921875 0.565625 0.0640625 0.06171875
4 0.44921875 0.4203125 0.0546875 0.0375
4 0.4984375 0.98125 0.12734375 0.03671875
4 0.196875 0.471875 0.0734375 0.02890625
4 0.9421875 0.16015625 0.059375 0.0421875
0 0.1984375 0.59296875 0.06484375 0.0609375
0 0.93828125 0.8515625 0.06953125 0.0609375
4 0.94296875 0.42265625 0.05546875 0.03984375
0 0.4421875 0.2671875 0.07265625 0.06328125
0 0.6953125 0.56484375 0.06640625 0.06015625
0 0.7296875 0.03984375 0.06484375 0.07734375
0 0.8 0.0390625 0.07109375 0.0765625
0 0.9453125 0.2671875 0.06328125 0.0625
0 0.946875 0.03828125 0.06875 0.0703125
0 0.87421875 0.0390625 0.06796875 0.07578125
0 0.94140625 0.56484375 0.07265625 0.065625
2 0.25234375 0.2140625 0.47734375 0.24140625
4 0.87109375 0.48359375 0.19921875 0.02734375
4 0.9125 0.5078125 0.1203125 0.02421875
4 0.63671875 0.47734375 0.18046875 0.03359375
4 0.6734375 0.5078125 0.11171875 0.0375
4 0.41796875 0.4796875 0.12109375 0.02734375
4 0.3875 0.51171875 0.18515625 0.0296875
4 0.1703125 0.53984375 0.1265625 0.0359375
2 0.62265625 0.4875 0.2390625 0.25859375
2 0.12890625 0.50703125 0.2390625 0.28984375
2 0.50078125 0.80390625 0.9796875 0.24375