2 0.13046875 0.490625 0.22578125 0.2734375
4 0.83984375 0.50625 0.153125 0.0234375
2 0.625 0.4890625 0.22890625 0.2640625
2 0.25703125 0.2203125 0.47890625 0.2265625
4 0.5515625 0.1625 0.05390625 0.0453125
4 0.18046875 0.2203125 0.31484375 0.04609375
4 0.30078125 0.42421875 0.04609375 0.03203125
4 0.18125 0.79921875 0.30390625 0.040625
4 0.684375 0.215625 0.3125 0.0390625
4 0.059375 0.7421875 0.0671875 0.03359375
4 0.79921875 0.4203125 0.06015625 0.0375
0 0.55078125 0.565625 0.0640625 0.06171875
4 0.55078125 0.4203125 0.0546875 0.0375
4 0.5015625 0.98125 0.12734375 0.03671875
4 0.803125 0.471875 0.0734375 0.02890625
4 0.0578125 0.16015625 0.059375 0.0421875
0 0.8015625 0.59296875 0.06484375 0.0609375
0 0.06171875 0.8515625 0.06953125 0.0609375
4 0.05703125 0.42265625 0.05546875 0.03984375
0 0.5578125 0.2671875 0.07265625 0.06328125
0 0.3046875 0.56484375 0.06640625 0.06015625
0 0.2703125 0.03984375 0.06484375 0.07734375
0 0.2 0.0390625 0.07109375 0.0765625
0 0.0546875 0.2671875 0.06328125 0.0625
0 0.053125 0.03828125 0.06875 0.0703125
0 0.12578125 0.0390625 0.06796875 0.07578125
0 0.05859375 0.56484375 0.07265625 0.065625
2 0.74765625 0.2140625 0.47734375 0.24140625
4 0.12890625 0.48359375 0.19921875 0.02734375
4 0.0875 0.5078125 0.1203125 0.02421875
4 0.36328125 0.47734375 0.18046875 0.03359375
4 0.3265625 0.5078125 0.11171875 0.0375
4 0.58203125 0.4796875 0.12109375 0.02734375
4 0.6125 0.51171875 0.18515625 0.0296875
4 0.8296875 0.53984375 0.1265625 0.0359375
2 0.37734375 0.4875 0.2390625 0.25859375
2 0.87109375 0.50703125 0.2390625 0.28984375
2 0.49921875 0.80390625 0.9796875 0.24375