7 0.79765625 0.5625 0.0578125 0.0640625
7 0.559375 0.56015625 0.07421875 0.05859375
2 0.86796875 0.484375 0.246875 0.275
2 0.25 0.2203125 0.49296875 0.23828125
2 0.13203125 0.503125 0.2359375 0.27734375
4 0.3 0.4265625 0.046875 0.04296875
4 0.17421875 0.76953125 0.2984375 0.05
4 0.5546875 0.159375 0.0640625 0.03515625
4 0.7953125 0.42421875 0.05078125 0.0375
4 0.54921875 0.4203125 0.0546875 0.04140625
4 0.17890625 0.21953125 0.30703125 0.040625
4 0.6765625 0.22421875 0.30234375 0.0484375
0 0.79765625 0.56484375 0.06171875 0.0609375
4 0.0578125 0.16015625 0.0578125 0.03828125
4 0.059375 0.71171875 0.06015625 0.0375
4 0.0546875 0.4234375 0.05390625 0.04453125
0 0.5546875 0.26796875 0.065625 0.06171875
0 0.55703125 0.56171875 0.07265625 0.05625
0 0.0578125 0.03828125 0.078125 0.0734375
0 0.1359375 0.03984375 0.06953125 0.078125
0 0.05234375 0.82421875 0.065625 0.0640625
0 0.30703125 0.56328125 0.07109375 0.06328125
4 0.5015625 0.95625 0.1375 0.05234375
0 0.278125 0.0390625 0.078125 0.07578125
0 0.053125 0.56484375 0.065625 0.0640625
0 0.35703125 0.03984375 0.07578125 0.075
0 0.05859375 0.26640625 0.06796875 0.06328125
0 0.20390625 0.0390625 0.0640625 0.07578125
2 0.74609375 0.21953125 0.47734375 0.23203125
2 0.375 0.49375 0.23984375 0.26171875
2 0.625 0.4921875 0.23359375 0.25859375
4 0.1109375 0.478125 0.16796875 0.03515625
4 0.09375 0.51328125 0.1421875 0.04765625
4 0.33984375 0.48046875 0.13671875 0.03515625
4 0.353125 0.5109375 0.1734375 0.03125
4 0.6109375 0.48046875 0.178125 0.05
4 0.5765625 0.5109375 0.11796875 0.03125
4 0.83984375 0.47890625 0.153125 0.03125
4 0.840625 0.50859375 0.1515625 0.0328125
2 0.49921875 0.77109375 0.98046875 0.22890625