7 0.20234375 0.5625 0.0578125 0.0640625
7 0.440625 0.56015625 0.07421875 0.05859375
2 0.13203125 0.484375 0.246875 0.275
2 0.75 0.2203125 0.49296875 0.23828125
2 0.86796875 0.503125 0.2359375 0.27734375
4 0.7 0.4265625 0.046875 0.04296875
4 0.82578125 0.76953125 0.2984375 0.05
4 0.4453125 0.159375 0.0640625 0.03515625
4 0.2046875 0.42421875 0.05078125 0.0375
4 0.45078125 0.4203125 0.0546875 0.04140625
4 0.82109375 0.21953125 0.30703125 0.040625
4 0.3234375 0.22421875 0.30234375 0.0484375
0 0.20234375 0.56484375 0.06171875 0.0609375
4 0.9421875 0.16015625 0.0578125 0.03828125
4 0.940625 0.71171875 0.06015625 0.0375
4 0.9453125 0.4234375 0.05390625 0.04453125
0 0.4453125 0.26796875 0.065625 0.06171875
0 0.44296875 0.56171875 0.07265625 0.05625
0 0.9421875 0.03828125 0.078125 0.0734375
0 0.8640625 0.03984375 0.06953125 0.078125
0 0.94765625 0.82421875 0.065625 0.0640625
0 0.69296875 0.56328125 0.07109375 0.06328125
4 0.4984375 0.95625 0.1375 0.05234375
0 0.721875 0.0390625 0.078125 0.07578125
0 0.946875 0.56484375 0.065625 0.0640625
0 0.64296875 0.03984375 0.07578125 0.075
0 0.94140625 0.26640625 0.06796875 0.06328125
0 0.79609375 0.0390625 0.0640625 0.07578125
2 0.25390625 0.21953125 0.47734375 0.23203125
2 0.625 0.49375 0.23984375 0.26171875
2 0.375 0.4921875 0.23359375 0.25859375
4 0.8890625 0.478125 0.16796875 0.03515625
4 0.90625 0.51328125 0.1421875 0.04765625
4 0.66015625 0.48046875 0.13671875 0.03515625
4 0.646875 0.5109375 0.1734375 0.03125
4 0.3890625 0.48046875 0.178125 0.05
4 0.4234375 0.5109375 0.11796875 0.03125
4 0.16015625 0.47890625 0.153125 0.03125
4 0.159375 0.50859375 0.1515625 0.0328125
2 0.50078125 0.77109375 0.98046875 0.22890625