4 0.9046875 0.50390625 0.12421875 0.03515625
2 0.75078125 0.21875 0.4859375 0.24921875
2 0.86875 0.49140625 0.23515625 0.2640625
4 0.95078125 0.74296875 0.04296875 0.034375
4 0.31953125 0.21640625 0.31484375 0.0515625
4 0.44609375 0.1578125 0.05703125 0.03828125
4 0.69921875 0.42421875 0.05703125 0.034375
4 0.2046875 0.42109375 0.0515625 0.0375
4 0.8296875 0.79609375 0.28515625 0.03671875
4 0.4421875 0.4234375 0.0703125 0.03671875
4 0.49609375 0.98125 0.1234375 0.03671875
4 0.80625 0.2140625 0.32421875 0.04375
4 0.9484375 0.1578125 0.046875 0.0421875
0 0.20078125 0.5921875 0.0671875 0.06484375
0 0.93671875 0.85078125 0.071875 0.06328125
0 0.44453125 0.56328125 0.07578125 0.06484375
4 0.1875 0.47265625 0.0828125 0.03359375
4 0.95234375 0.42421875 0.03828125 0.03515625
0 0.69453125 0.5640625 0.0703125 0.06328125
0 0.95 0.03828125 0.0640625 0.07421875
0 0.9390625 0.5640625 0.07578125 0.06484375
0 0.4421875 0.26640625 0.07109375 0.0625
0 0.87734375 0.0390625 0.07734375 0.0765625
0 0.9390625 0.26640625 0.07109375 0.0625
2 0.24609375 0.21875 0.48671875 0.23984375
4 0.8875 0.478125 0.18046875 0.03046875
4 0.6234375 0.47890625 0.20390625 0.0359375
4 0.675 0.5125 0.09921875 0.02578125
4 0.40703125 0.478125 0.14296875 0.0328125
4 0.4 0.50625 0.15859375 0.02109375
4 0.1296875 0.51171875 0.20390625 0.02734375
4 0.21953125 0.53671875 0.0296875 0.02265625
2 0.621875 0.4921875 0.23671875 0.26484375
2 0.375 0.4921875 0.2359375 0.2625
2 0.12578125 0.50703125 0.240625 0.2953125
2 0.49921875 0.79921875 0.9828125 0.2421875