2 0.13203125 0.49453125 0.23671875 0.26015625
4 0.55390625 0.15703125 0.059375 0.04453125
4 0.0828125 0.50390625 0.109375 0.03515625
2 0.2515625 0.2203125 0.4890625 0.2328125
4 0.79453125 0.4203125 0.05078125 0.04453125
4 0.80625 0.50546875 0.07421875 0.03203125
0 0.79921875 0.565625 0.05859375 0.05546875
4 0.3015625 0.41875 0.0484375 0.03671875
4 0.55 0.4234375 0.05546875 0.04609375
4 0.684375 0.21875 0.32109375 0.03984375
0 0.5515625 0.56328125 0.07109375 0.06796875
4 0.1703125 0.209375 0.2953125 0.0609375
4 0.05390625 0.1578125 0.05234375 0.0375
4 0.5015625 0.69453125 0.13671875 0.059375
4 0.05625 0.4234375 0.0515625 0.0453125
0 0.05625 0.0390625 0.075 0.0703125
0 0.5578125 0.26640625 0.0734375 0.0640625
0 0.13203125 0.03984375 0.07421875 0.07890625
0 0.275 0.03984375 0.06328125 0.07578125
0 0.30546875 0.5640625 0.06796875 0.06171875
0 0.0578125 0.26796875 0.0671875 0.06328125
0 0.20625 0.0390625 0.0703125 0.0765625
0 0.05703125 0.5640625 0.06796875 0.06484375
4 0.121875 0.47734375 0.1828125 0.03359375
4 0.359375 0.4796875 0.165625 0.025
4 0.34921875 0.5125 0.14765625 0.02578125
4 0.59453125 0.47734375 0.1421875 0.03359375
4 0.5984375 0.5125 0.1515625 0.02890625
4 0.86953125 0.4796875 0.2015625 0.028125
2 0.74765625 0.21796875 0.4828125 0.24453125
2 0.37734375 0.49453125 0.23515625 0.26015625
2 0.6234375 0.49140625 0.23671875 0.2640625
2 0.86953125 0.49140625 0.2359375 0.2578125