2 0.871875 0.48671875 0.23359375 0.25078125
4 0.9484375 0.71171875 0.03984375 0.03515625
4 0.2015625 0.41875 0.05546875 0.040625
2 0.7484375 0.21640625 0.47890625 0.2390625
4 0.44375 0.15703125 0.06640625 0.0421875
4 0.92890625 0.503125 0.0875 0.034375
4 0.80859375 0.77109375 0.31953125 0.04921875
4 0.3171875 0.2140625 0.315625 0.0484375
4 0.69609375 0.42109375 0.05546875 0.0375
4 0.82421875 0.21640625 0.30078125 0.03828125
4 0.45546875 0.4203125 0.0484375 0.03515625
4 0.94453125 0.1578125 0.05390625 0.0390625
0 0.20234375 0.56484375 0.06484375 0.0609375
4 0.940625 0.42265625 0.05546875 0.03671875
0 0.86015625 0.040625 0.07109375 0.075
0 0.4421875 0.56328125 0.07578125 0.0640625
4 0.4984375 0.95625 0.1375 0.05234375
0 0.44296875 0.26796875 0.06953125 0.05859375
0 0.94296875 0.0390625 0.07734375 0.0734375
0 0.9421875 0.82421875 0.0671875 0.0625
0 0.6953125 0.56484375 0.06953125 0.0640625
0 0.93828125 0.56484375 0.0734375 0.059375
0 0.78359375 0.04140625 0.07109375 0.075
0 0.940625 0.265625 0.06953125 0.059375
4 0.87421875 0.4703125 0.19453125 0.03515625
4 0.64140625 0.4765625 0.16953125 0.034375
4 0.646875 0.51015625 0.1578125 0.03125
4 0.38203125 0.475 0.1921875 0.0359375
4 0.4203125 0.5046875 0.12421875 0.02890625
4 0.13125 0.48125 0.1984375 0.02890625
4 0.17265625 0.50625 0.121875 0.03125
2 0.2515625 0.21796875 0.48203125 0.2453125
2 0.62421875 0.4921875 0.234375 0.259375
2 0.375 0.4921875 0.2390625 0.25859375
2 0.13203125 0.4921875 0.23828125 0.26484375
2 0.49921875 0.771875 0.97734375 0.23203125