2 0.128125 0.48671875 0.23359375 0.25078125
4 0.0515625 0.71171875 0.03984375 0.03515625
4 0.7984375 0.41875 0.05546875 0.040625
2 0.2515625 0.21640625 0.47890625 0.2390625
4 0.55625 0.15703125 0.06640625 0.0421875
4 0.07109375 0.503125 0.0875 0.034375
4 0.19140625 0.77109375 0.31953125 0.04921875
4 0.6828125 0.2140625 0.315625 0.0484375
4 0.30390625 0.42109375 0.05546875 0.0375
4 0.17578125 0.21640625 0.30078125 0.03828125
4 0.54453125 0.4203125 0.0484375 0.03515625
4 0.05546875 0.1578125 0.05390625 0.0390625
0 0.79765625 0.56484375 0.06484375 0.0609375
4 0.059375 0.42265625 0.05546875 0.03671875
0 0.13984375 0.040625 0.07109375 0.075
0 0.5578125 0.56328125 0.07578125 0.0640625
4 0.5015625 0.95625 0.1375 0.05234375
0 0.55703125 0.26796875 0.06953125 0.05859375
0 0.05703125 0.0390625 0.07734375 0.0734375
0 0.0578125 0.82421875 0.0671875 0.0625
0 0.3046875 0.56484375 0.06953125 0.0640625
0 0.06171875 0.56484375 0.0734375 0.059375
0 0.21640625 0.04140625 0.07109375 0.075
0 0.059375 0.265625 0.06953125 0.059375
4 0.12578125 0.4703125 0.19453125 0.03515625
4 0.35859375 0.4765625 0.16953125 0.034375
4 0.353125 0.51015625 0.1578125 0.03125
4 0.61796875 0.475 0.1921875 0.0359375
4 0.5796875 0.5046875 0.12421875 0.02890625
4 0.86875 0.48125 0.1984375 0.02890625
4 0.82734375 0.50625 0.121875 0.03125
2 0.7484375 0.21796875 0.48203125 0.2453125
2 0.37578125 0.4921875 0.234375 0.259375
2 0.625 0.4921875 0.2390625 0.25859375
2 0.86796875 0.4921875 0.23828125 0.26484375
2 0.50078125 0.771875 0.97734375 0.23203125