2 0.13046875 0.7609375 0.2484375 0.2921875
2 0.38046875 0.75078125 0.2453125 0.26484375
0 0.83671875 0.0421875 0.1375 0.0828125
2 0.6234375 0.75078125 0.24765625 0.2765625
2 0.87421875 0.75 0.25078125 0.2828125
2 0.746875 0.221875 0.4796875 0.2359375
4 0.94140625 0.421875 0.0578125 0.03515625
4 0.91796875 0.76640625 0.10703125 0.03671875
4 0.95234375 0.68984375 0.03671875 0.03671875
4 0.44453125 0.16015625 0.06171875 0.03515625
4 0.82109375 0.215625 0.2953125 0.03828125
4 0.20703125 0.68515625 0.04765625 0.040625
0 0.19921875 0.82578125 0.06171875 0.0640625
4 0.4515625 0.68359375 0.05078125 0.03828125
4 0.946875 0.16015625 0.04453125 0.0375
0 0.44765625 0.825 0.06015625 0.06484375
4 0.696875 0.684375 0.05703125 0.0453125
4 0.803125 0.4703125 0.34296875 0.0453125
4 0.4984375 0.95546875 0.13515625 0.05625
0 0.8 0.04140625 0.0703125 0.08046875
0 0.9359375 0.53125 0.0734375 0.06328125
0 0.45078125 0.26875 0.05859375 0.0625
0 0.94375 0.03984375 0.0765625 0.0703125
0 0.94453125 0.825 0.06796875 0.06328125
0 0.7296875 0.040625 0.06328125 0.075
0 0.87109375 0.0390625 0.06171875 0.075
0 0.69453125 0.82578125 0.071875 0.06328125
0 0.93984375 0.2671875 0.071875 0.06328125
4 0.31328125 0.215625 0.31640625 0.0375
4 0.8734375 0.73671875 0.203125 0.0296875
4 0.665625 0.74140625 0.128125 0.02890625
4 0.634375 0.77421875 0.1890625 0.0328125
4 0.4078125 0.73828125 0.13828125 0.0296875
4 0.4 0.77109375 0.15859375 0.03125
4 0.13984375 0.73984375 0.1875 0.0328125
4 0.1765625 0.7703125 0.1234375 0.0328125
2 0.25390625 0.21875 0.48046875 0.2390625
2 0.5015625 0.47890625 0.9828125 0.23125