2 0.86953125 0.7609375 0.2484375 0.2921875
2 0.61953125 0.75078125 0.2453125 0.26484375
0 0.16328125 0.0421875 0.1375 0.0828125
2 0.3765625 0.75078125 0.24765625 0.2765625
2 0.12578125 0.75 0.25078125 0.2828125
2 0.253125 0.221875 0.4796875 0.2359375
4 0.05859375 0.421875 0.0578125 0.03515625
4 0.08203125 0.76640625 0.10703125 0.03671875
4 0.04765625 0.68984375 0.03671875 0.03671875
4 0.55546875 0.16015625 0.06171875 0.03515625
4 0.17890625 0.215625 0.2953125 0.03828125
4 0.79296875 0.68515625 0.04765625 0.040625
0 0.80078125 0.82578125 0.06171875 0.0640625
4 0.5484375 0.68359375 0.05078125 0.03828125
4 0.053125 0.16015625 0.04453125 0.0375
0 0.55234375 0.825 0.06015625 0.06484375
4 0.303125 0.684375 0.05703125 0.0453125
4 0.196875 0.4703125 0.34296875 0.0453125
4 0.5015625 0.95546875 0.13515625 0.05625
0 0.2 0.04140625 0.0703125 0.08046875
0 0.0640625 0.53125 0.0734375 0.06328125
0 0.54921875 0.26875 0.05859375 0.0625
0 0.05625 0.03984375 0.0765625 0.0703125
0 0.05546875 0.825 0.06796875 0.06328125
0 0.2703125 0.040625 0.06328125 0.075
0 0.12890625 0.0390625 0.06171875 0.075
0 0.30546875 0.82578125 0.071875 0.06328125
0 0.06015625 0.2671875 0.071875 0.06328125
4 0.68671875 0.215625 0.31640625 0.0375
4 0.1265625 0.73671875 0.203125 0.0296875
4 0.334375 0.74140625 0.128125 0.02890625
4 0.365625 0.77421875 0.1890625 0.0328125
4 0.5921875 0.73828125 0.13828125 0.0296875
4 0.6 0.77109375 0.15859375 0.03125
4 0.86015625 0.73984375 0.1875 0.0328125
4 0.8234375 0.7703125 0.1234375 0.0328125
2 0.74609375 0.21875 0.48046875 0.2390625
2 0.4984375 0.47890625 0.9828125 0.23125