4 0.20703125 0.0796875 0.225 0.07109375
4 0.15078125 0.209375 0.10703125 0.05703125
4 0.21328125 0.30546875 0.22890625 0.04140625
4 0.21875 0.38203125 0.23984375 0.046875
4 0.63828125 0.29296875 0.121875 0.05
4 0.6375 0.3875 0.11484375 0.053125
4 0.88671875 0.296875 0.12734375 0.053125
4 0.88828125 0.39140625 0.14140625 0.05859375
4 0.2421875 0.53203125 0.271875 0.053125
4 0.17890625 0.6421875 0.134375 0.0625
4 0.32734375 0.76171875 0.309375 0.059375
4 0.3296875 0.859375 0.30703125 0.05546875
4 0.77578125 0.63203125 0.35234375 0.05546875
4 0.71640625 0.75546875 0.17265625 0.053125
4 0.903125 0.74921875 0.09765625 0.05703125
4 0.71484375 0.8515625 0.18828125 0.05
4 0.896875 0.840625 0.07265625 0.0640625
5 0.13828125 0.76640625 0.040625 0.04140625
5 0.13984375 0.8703125 0.03125 0.040625
0 0.91015625 0.53828125 0.0875 0.04609375