2 0.4890625 0.175 0.8484375 0.29140625
2 0.27890625 0.4203125 0.371875 0.2375
2 0.70390625 0.440625 0.39296875 0.234375
2 0.68046875 0.68671875 0.390625 0.23203125
2 0.26484375 0.66875 0.38515625 0.21796875
4 0.1890625 0.071875 0.140625 0.05703125
4 0.165625 0.32890625 0.09453125 0.04453125
4 0.59453125 0.35703125 0.09296875 0.0390625
4 0.578125 0.60859375 0.10703125 0.0359375
4 0.171875 0.58671875 0.10390625 0.034375
4 0.2453125 0.134375 0.2390625 0.04453125
4 0.346875 0.3984375 0.2015625 0.05
4 0.7609375 0.42109375 0.178125 0.05
4 0.740625 0.675 0.19296875 0.04453125
4 0.33046875 0.653125 0.17578125 0.04609375
4 0.309375 0.2265625 0.35546875 0.125
4 0.35078125 0.465625 0.2203125 0.08203125
4 0.759375 0.48828125 0.18125 0.07890625
4 0.74375 0.7359375 0.18671875 0.0859375
4 0.3234375 0.70703125 0.18359375 0.071875
3 0.71953125 0.19765625 0.35703125 0.234375
3 0.175 0.43515625 0.11640625 0.11796875
3 0.58984375 0.459375 0.11640625 0.12109375
3 0.56796875 0.703125 0.12421875 0.115625
3 0.1609375 0.68671875 0.11875 0.1125