7 0.80625 0.83515625 0.20859375 0.03125
4 0.60625 0.553125 0.04921875 0.02421875
7 0.8078125 0.88125 0.20703125 0.034375
0 0.2953125 0.6203125 0.0546875 0.02890625
7 0.36796875 0.9109375 0.24921875 0.0296875
4 0.7609375 0.4203125 0.3328125 0.02421875
1 0.29375 0.665625 0.05625 0.02890625
1 0.29375 0.61953125 0.0546875 0.03125
5 0.84296875 0.5515625 0.03203125 0.0265625
4 0.1796875 0.71171875 0.1 0.02421875
4 0.5984375 0.2421875 0.24921875 0.03046875
3 0.834375 0.16640625 0.15 0.0609375
4 0.91640625 0.66953125 0.0671875 0.0234375
3 0.83203125 0.23828125 0.15078125 0.05625
4 0.17421875 0.66875 0.08671875 0.0296875
4 0.27734375 0.5171875 0.36328125 0.03984375
4 0.40625 0.3875 0.2234375 0.05
4 0.1671875 0.571875 0.084375 0.021875
4 0.4046875 0.334375 0.20859375 0.03203125
5 0.83671875 0.58515625 0.0328125 0.021875
4 0.1484375 0.92421875 0.14453125 0.03515625
5 0.60703125 0.6375 0.03125 0.01953125
4 0.39453125 0.609375 0.10703125 0.03359375
4 0.621875 0.84453125 0.10078125 0.0203125
4 0.640625 0.79453125 0.13203125 0.02890625
4 0.75546875 0.37734375 0.36328125 0.04765625
4 0.37578125 0.5640625 0.075 0.0265625
4 0.61328125 0.8984375 0.09140625 0.03671875
1 0.2984375 0.57109375 0.05234375 0.0296875
4 0.7359375 0.3265625 0.13359375 0.03125
4 0.1484375 0.20625 0.10234375 0.02421875
7 0.37265625 0.85390625 0.28046875 0.03515625
4 0.6 0.26328125 0.253125 0.0359375
5 0.60546875 0.5546875 0.04453125 0.025
4 0.1625 0.44296875 0.178125 0.040625
4 0.76484375 0.5015625 0.1640625 0.034375
4 0.70078125 0.553125 0.0984375 0.0296875
4 0.1609375 0.253125 0.1484375 0.02578125
4 0.1359375 0.8109375 0.1203125 0.0296875
4 0.48984375 0.175 0.1359375 0.0265625
4 0.90703125 0.55 0.1171875 0.03203125
4 0.9171875 0.596875 0.090625 0.03203125
4 0.15078125 0.38515625 0.165625 0.02890625
4 0.7046875 0.63125 0.11875 0.0265625
4 0.9171875 0.6375 0.08046875 0.02578125
4 0.1234375 0.865625 0.08046875 0.0328125
4 0.5984375 0.2203125 0.240625 0.02734375
4 0.7140625 0.5875 0.11328125 0.02578125
4 0.153125 0.3015625 0.15859375 0.034375
3 0.37421875 0.240625 0.1234375 0.09609375
4 0.1515625 0.340625 0.16171875 0.0265625
3 0.43984375 0.07109375 0.79765625 0.12421875
2 0.146875 0.321875 0.20546875 0.30546875
2 0.5046875 0.2234375 0.46953125 0.15625
2 0.4015625 0.3875 0.2453125 0.1484375
2 0.7609375 0.37578125 0.41796875 0.14765625
1 0.0828125 0.575 0.04140625 0.028125
1 0.07734375 0.6234375 0.0390625 0.0296875
1 0.0890625 0.671875 0.06015625 0.0265625
1 0.2890625 0.703125 0.0640625 0.0296875
1 0.09375 0.71484375 0.04921875 0.02578125
4 0.17421875 0.62109375 0.1046875 0.02578125
4 0.38515625 0.65859375 0.11171875 0.028125
4 0.38515625 0.70078125 0.11796875 0.03125
2 0.253125 0.6046875 0.459375 0.2453125
2 0.7703125 0.596875 0.459375 0.2328125
5 0.60703125 0.596875 0.04765625 0.0265625
5 0.61015625 0.68671875 0.0421875 0.03125
5 0.83046875 0.63125 0.03671875 0.0265625
5 0.8265625 0.67421875 0.04140625 0.02421875
7 0.3765625 0.7984375 0.3015625 0.0390625
7 0.83046875 0.78359375 0.215625 0.03046875
2 0.50078125 0.86328125 0.92421875 0.20390625