4 0.93359375 0.7984375 0.0765625 0.025
2 0.13125 0.753125 0.23203125 0.2765625
2 0.8703125 0.76328125 0.23828125 0.296875
4 0.203125 0.68515625 0.059375 0.03671875
4 0.446875 0.41953125 0.0609375 0.03828125
4 0.890625 0.7625 0.17265625 0.0375
4 0.4484375 0.68515625 0.05078125 0.04140625
4 0.8125 0.22421875 0.31328125 0.03984375
4 0.94609375 0.41796875 0.05234375 0.0359375
4 0.93828125 0.73515625 0.0671875 0.02890625
4 0.31953125 0.475 0.321875 0.0375
0 0.2 0.82421875 0.05859375 0.06015625
4 0.80703125 0.475 0.3625 0.059375
4 0.496875 0.98046875 0.125 0.0390625
4 0.94609375 0.68515625 0.0484375 0.03125
4 0.6953125 0.68046875 0.06171875 0.04375
0 0.44765625 0.52890625 0.06171875 0.0625
4 0.9421875 0.16171875 0.05703125 0.040625
0 0.93515625 0.853125 0.078125 0.06328125
0 0.94921875 0.52890625 0.05859375 0.0640625
0 0.44765625 0.825 0.06796875 0.0640625
0 0.94296875 0.0390625 0.07578125 0.0703125
0 0.875 0.0390625 0.05546875 0.0765625
0 0.72734375 0.03984375 0.0765625 0.078125
0 0.9421875 0.271875 0.06484375 0.06328125
0 0.80703125 0.04140625 0.07265625 0.07421875
0 0.69375 0.825 0.06875 0.0609375
4 0.6421875 0.74140625 0.16875 0.0296875
4 0.6609375 0.775 0.12890625 0.02734375
4 0.384375 0.74140625 0.18984375 0.03359375
4 0.42734375 0.7703125 0.115625 0.02734375
4 0.16953125 0.73984375 0.12578125 0.03359375
4 0.14140625 0.771875 0.18046875 0.025
2 0.49921875 0.2234375 0.98515625 0.2296875
2 0.74765625 0.4796875 0.48515625 0.24296875
2 0.25234375 0.47578125 0.478125 0.23984375
2 0.6234375 0.75390625 0.24140625 0.2671875
2 0.37734375 0.7546875 0.23828125 0.2625