4 0.06640625 0.7984375 0.0765625 0.025
2 0.86875 0.753125 0.23203125 0.2765625
2 0.1296875 0.76328125 0.23828125 0.296875
4 0.796875 0.68515625 0.059375 0.03671875
4 0.553125 0.41953125 0.0609375 0.03828125
4 0.109375 0.7625 0.17265625 0.0375
4 0.5515625 0.68515625 0.05078125 0.04140625
4 0.1875 0.22421875 0.31328125 0.03984375
4 0.05390625 0.41796875 0.05234375 0.0359375
4 0.06171875 0.73515625 0.0671875 0.02890625
4 0.68046875 0.475 0.321875 0.0375
0 0.8 0.82421875 0.05859375 0.06015625
4 0.19296875 0.475 0.3625 0.059375
4 0.503125 0.98046875 0.125 0.0390625
4 0.05390625 0.68515625 0.0484375 0.03125
4 0.3046875 0.68046875 0.06171875 0.04375
0 0.55234375 0.52890625 0.06171875 0.0625
4 0.0578125 0.16171875 0.05703125 0.040625
0 0.06484375 0.853125 0.078125 0.06328125
0 0.05078125 0.52890625 0.05859375 0.0640625
0 0.55234375 0.825 0.06796875 0.0640625
0 0.05703125 0.0390625 0.07578125 0.0703125
0 0.125 0.0390625 0.05546875 0.0765625
0 0.27265625 0.03984375 0.0765625 0.078125
0 0.0578125 0.271875 0.06484375 0.06328125
0 0.19296875 0.04140625 0.07265625 0.07421875
0 0.30625 0.825 0.06875 0.0609375
4 0.3578125 0.74140625 0.16875 0.0296875
4 0.3390625 0.775 0.12890625 0.02734375
4 0.615625 0.74140625 0.18984375 0.03359375
4 0.57265625 0.7703125 0.115625 0.02734375
4 0.83046875 0.73984375 0.12578125 0.03359375
4 0.85859375 0.771875 0.18046875 0.025
2 0.50078125 0.2234375 0.98515625 0.2296875
2 0.25234375 0.4796875 0.48515625 0.24296875
2 0.74765625 0.47578125 0.478125 0.23984375
2 0.3765625 0.75390625 0.24140625 0.2671875
2 0.62265625 0.7546875 0.23828125 0.2625