1 0.275 0.31953125 0.08359375 0.128125
1 0.41953125 0.1203125 0.096875 0.11484375
1 0.8703125 0.33046875 0.08046875 0.1171875
1 0.26484375 0.1109375 0.096875 0.12265625
1 0.87109375 0.5140625 0.08203125 0.1203125
1 0.72578125 0.3265625 0.08984375 0.125
1 0.26796875 0.51171875 0.0875 0.125
1 0.11484375 0.51796875 0.09140625 0.1328125
1 0.5765625 0.32734375 0.0859375 0.1171875
1 0.73203125 0.1265625 0.09921875 0.128125
1 0.115625 0.3171875 0.0859375 0.12265625
5 0.08984375 0.9046875 0.115625 0.1484375
1 0.1046875 0.1203125 0.13828125 0.140625
1 0.575 0.1265625 0.08203125 0.1171875
1 0.87421875 0.13203125 0.08046875 0.1015625
1 0.578125 0.521875 0.08203125 0.1203125
1 0.72734375 0.521875 0.09296875 0.125
1 0.41875 0.51796875 0.08359375 0.12265625
5 0.409375 0.8984375 0.12109375 0.140625
5 0.8671875 0.91796875 0.10078125 0.1171875
5 0.87578125 0.70625 0.08046875 0.1125
5 0.56796875 0.89921875 0.10625 0.13828125
5 0.4140625 0.70234375 0.0859375 0.13046875
5 0.26796875 0.6984375 0.0875 0.14375
5 0.71484375 0.90703125 0.1234375 0.1328125
5 0.25390625 0.90078125 0.115625 0.14609375
5 0.578125 0.71640625 0.0859375 0.15390625
5 0.7296875 0.7 0.0859375 0.140625
5 0.109375 0.71015625 0.0875 0.1515625
1 0.42109375 0.31953125 0.0875 0.1125