1 0.725 0.31953125 0.08359375 0.128125
1 0.58046875 0.1203125 0.096875 0.11484375
1 0.1296875 0.33046875 0.08046875 0.1171875
1 0.73515625 0.1109375 0.096875 0.12265625
1 0.12890625 0.5140625 0.08203125 0.1203125
1 0.27421875 0.3265625 0.08984375 0.125
1 0.73203125 0.51171875 0.0875 0.125
1 0.88515625 0.51796875 0.09140625 0.1328125
1 0.4234375 0.32734375 0.0859375 0.1171875
1 0.26796875 0.1265625 0.09921875 0.128125
1 0.884375 0.3171875 0.0859375 0.12265625
5 0.91015625 0.9046875 0.115625 0.1484375
1 0.8953125 0.1203125 0.13828125 0.140625
1 0.425 0.1265625 0.08203125 0.1171875
1 0.12578125 0.13203125 0.08046875 0.1015625
1 0.421875 0.521875 0.08203125 0.1203125
1 0.27265625 0.521875 0.09296875 0.125
1 0.58125 0.51796875 0.08359375 0.12265625
5 0.590625 0.8984375 0.12109375 0.140625
5 0.1328125 0.91796875 0.10078125 0.1171875
5 0.12421875 0.70625 0.08046875 0.1125
5 0.43203125 0.89921875 0.10625 0.13828125
5 0.5859375 0.70234375 0.0859375 0.13046875
5 0.73203125 0.6984375 0.0875 0.14375
5 0.28515625 0.90703125 0.1234375 0.1328125
5 0.74609375 0.90078125 0.115625 0.14609375
5 0.421875 0.71640625 0.0859375 0.15390625
5 0.2703125 0.7 0.0859375 0.140625
5 0.890625 0.71015625 0.0875 0.1515625
1 0.57890625 0.31953125 0.0875 0.1125