2 0.3796875 0.23515625 0.2421875 0.27109375
2 0.6203125 0.23203125 0.228125 0.259375
2 0.74765625 0.76953125 0.49453125 0.234375
2 0.12890625 0.22890625 0.22734375 0.27265625
4 0.82578125 0.7703125 0.29140625 0.04140625
4 0.94296875 0.453125 0.05703125 0.0296875
2 0.8765625 0.2359375 0.24453125 0.26875
4 0.32421875 0.76953125 0.2953125 0.0421875
4 0.80703125 0.5078125 0.33203125 0.0421875
4 0.45390625 0.16171875 0.05078125 0.0421875
4 0.20234375 0.16171875 0.05546875 0.0359375
0 0.95078125 0.3046875 0.0546875 0.06015625
4 0.9421875 0.71015625 0.05625 0.03515625
4 0.69609375 0.1640625 0.0625 0.034375
4 0.93671875 0.16328125 0.06171875 0.0359375
4 0.49765625 0.95546875 0.13515625 0.05859375
0 0.44453125 0.30390625 0.071875 0.0609375
0 0.44453125 0.81875 0.06953125 0.0609375
0 0.86171875 0.03984375 0.071875 0.0734375
0 0.65546875 0.03984375 0.084375 0.07578125
0 0.94140625 0.5640625 0.0703125 0.06015625
0 0.94296875 0.040625 0.0765625 0.071875
0 0.69296875 0.30390625 0.06796875 0.05703125
0 0.196875 0.30390625 0.071875 0.06015625
0 0.73046875 0.040625 0.05546875 0.07265625
0 0.79140625 0.03984375 0.059375 0.075
0 0.93828125 0.8203125 0.07265625 0.06328125
4 0.90078125 0.2203125 0.1515625 0.02578125
4 0.89296875 0.2515625 0.17109375 0.02578125
4 0.62421875 0.2203125 0.20390625 0.0296875
4 0.67734375 0.2515625 0.11328125 0.0328125
4 0.40234375 0.21953125 0.1609375 0.03203125
4 0.41015625 0.25234375 0.1453125 0.03125
4 0.1546875 0.21953125 0.14921875 0.040625
4 0.16015625 0.25390625 0.15234375 0.03125
4 0.4484375 0.7171875 0.05078125 0.05078125
2 0.4984375 0.5109375 0.98046875 0.234375
2 0.25078125 0.7703125 0.47890625 0.23671875