2 0.6203125 0.23515625 0.2421875 0.27109375
2 0.3796875 0.23203125 0.228125 0.259375
2 0.25234375 0.76953125 0.49453125 0.234375
2 0.87109375 0.22890625 0.22734375 0.27265625
4 0.17421875 0.7703125 0.29140625 0.04140625
4 0.05703125 0.453125 0.05703125 0.0296875
2 0.1234375 0.2359375 0.24453125 0.26875
4 0.67578125 0.76953125 0.2953125 0.0421875
4 0.19296875 0.5078125 0.33203125 0.0421875
4 0.54609375 0.16171875 0.05078125 0.0421875
4 0.79765625 0.16171875 0.05546875 0.0359375
0 0.04921875 0.3046875 0.0546875 0.06015625
4 0.0578125 0.71015625 0.05625 0.03515625
4 0.30390625 0.1640625 0.0625 0.034375
4 0.06328125 0.16328125 0.06171875 0.0359375
4 0.50234375 0.95546875 0.13515625 0.05859375
0 0.55546875 0.30390625 0.071875 0.0609375
0 0.55546875 0.81875 0.06953125 0.0609375
0 0.13828125 0.03984375 0.071875 0.0734375
0 0.34453125 0.03984375 0.084375 0.07578125
0 0.05859375 0.5640625 0.0703125 0.06015625
0 0.05703125 0.040625 0.0765625 0.071875
0 0.30703125 0.30390625 0.06796875 0.05703125
0 0.803125 0.30390625 0.071875 0.06015625
0 0.26953125 0.040625 0.05546875 0.07265625
0 0.20859375 0.03984375 0.059375 0.075
0 0.06171875 0.8203125 0.07265625 0.06328125
4 0.09921875 0.2203125 0.1515625 0.02578125
4 0.10703125 0.2515625 0.17109375 0.02578125
4 0.37578125 0.2203125 0.20390625 0.0296875
4 0.32265625 0.2515625 0.11328125 0.0328125
4 0.59765625 0.21953125 0.1609375 0.03203125
4 0.58984375 0.25234375 0.1453125 0.03125
4 0.8453125 0.21953125 0.14921875 0.040625
4 0.83984375 0.25390625 0.15234375 0.03125
4 0.5515625 0.7171875 0.05078125 0.05078125
2 0.5015625 0.5109375 0.98046875 0.234375
2 0.74921875 0.7703125 0.47890625 0.23671875