4 0.80390625 0.046875 0.26875 0.06796875
4 0.80078125 0.14453125 0.20859375 0.046875
4 0.79375 0.19296875 0.10234375 0.0359375
4 0.81328125 0.253125 0.07109375 0.0359375
4 0.7875 0.30703125 0.1125 0.04140625
4 0.82109375 0.38515625 0.22890625 0.0515625
4 0.70546875 0.4515625 0.31640625 0.053125
4 0.72421875 0.51953125 0.28671875 0.053125
4 0.8109375 0.58515625 0.109375 0.04609375
4 0.86796875 0.6796875 0.11484375 0.040625
4 0.8953125 0.778125 0.06953125 0.05390625
5 0.88203125 0.45546875 0.028125 0.03359375
5 0.88671875 0.51875 0.03125 0.04609375
5 0.8875 0.59140625 0.02890625 0.04140625
7 0.68828125 0.67421875 0.21640625 0.05703125
6 0.75390625 0.77421875 0.16484375 0.065625
0 0.83828125 0.9 0.17421875 0.096875