4 0.19609375 0.046875 0.26875 0.06796875
4 0.19921875 0.14453125 0.20859375 0.046875
4 0.20625 0.19296875 0.10234375 0.0359375
4 0.18671875 0.253125 0.07109375 0.0359375
4 0.2125 0.30703125 0.1125 0.04140625
4 0.17890625 0.38515625 0.22890625 0.0515625
4 0.29453125 0.4515625 0.31640625 0.053125
4 0.27578125 0.51953125 0.28671875 0.053125
4 0.1890625 0.58515625 0.109375 0.04609375
4 0.13203125 0.6796875 0.11484375 0.040625
4 0.1046875 0.778125 0.06953125 0.05390625
5 0.11796875 0.45546875 0.028125 0.03359375
5 0.11328125 0.51875 0.03125 0.04609375
5 0.1125 0.59140625 0.02890625 0.04140625
7 0.31171875 0.67421875 0.21640625 0.05703125
6 0.24609375 0.77421875 0.16484375 0.065625
0 0.16171875 0.9 0.17421875 0.096875