4 0.1765625 0.421875 0.1375 0.02421875
0 0.565625 0.9234375 0.1921875 0.0453125
4 0.18125 0.52421875 0.16015625 0.0375
1 0.12734375 0.790625 0.05234375 0.03046875
5 0.32890625 0.4328125 0.0421875 0.0328125
4 0.05234375 0.7859375 0.0765625 0.02734375
0 0.1578125 0.90546875 0.190625 0.0609375
0 0.8046875 0.9375 0.1953125 0.04609375
5 0.315625 0.578125 0.05703125 0.03671875
4 0.1578125 0.5734375 0.21640625 0.03515625
4 0.1765625 0.678125 0.30859375 0.03671875
5 0.33203125 0.48125 0.04453125 0.028125
5 0.325 0.52890625 0.0390625 0.0359375
4 0.7453125 0.37890625 0.12109375 0.02890625
0 0.35546875 0.90859375 0.1390625 0.04609375
4 0.215625 0.47109375 0.0828125 0.03046875
4 0.71640625 0.71953125 0.41484375 0.053125
1 0.31171875 0.740625 0.05234375 0.028125
3 0.8890625 0.46796875 0.08828125 0.09765625
4 0.27265625 0.3671875 0.121875 0.034375
3 0.76328125 0.4578125 0.08125 0.11875
3 0.51484375 0.44765625 0.08671875 0.1296875
3 0.5578125 0.56640625 0.18515625 0.084375
3 0.63203125 0.46171875 0.08828125 0.109375
3 0.815625 0.57578125 0.2 0.0828125
3 0.51953125 0.24453125 0.88984375 0.15859375
0 0.85859375 0.12578125 0.2046875 0.05
0 0.69375 0.1203125 0.12421875 0.0484375
0 0.58125 0.1171875 0.10078125 0.0578125
7 0.2 0.03359375 0.3109375 0.05625
4 0.4421875 0.05703125 0.1453125 0.034375
4 0.88203125 0.37890625 0.10625 0.028125
2 0.6921875 0.4828125 0.5390625 0.2890625
2 0.21875 0.4640625 0.36015625 0.2796875
4 0.70390625 0.78671875 0.42734375 0.04296875
4 0.69609375 0.825 0.42734375 0.0328125
2 0.70546875 0.77265625 0.5296875 0.203125
1 0.1328125 0.7328125 0.05 0.0421875
1 0.30625 0.7921875 0.05625 0.0390625
4 0.06171875 0.73203125 0.08125 0.0375
4 0.22265625 0.73984375 0.0765625 0.03671875
4 0.2109375 0.78515625 0.09609375 0.03359375
2 0.20234375 0.74140625 0.40390625 0.21484375