4 0.8234375 0.421875 0.1375 0.02421875
0 0.434375 0.9234375 0.1921875 0.0453125
4 0.81875 0.52421875 0.16015625 0.0375
1 0.87265625 0.790625 0.05234375 0.03046875
5 0.67109375 0.4328125 0.0421875 0.0328125
4 0.94765625 0.7859375 0.0765625 0.02734375
0 0.8421875 0.90546875 0.190625 0.0609375
0 0.1953125 0.9375 0.1953125 0.04609375
5 0.684375 0.578125 0.05703125 0.03671875
4 0.8421875 0.5734375 0.21640625 0.03515625
4 0.8234375 0.678125 0.30859375 0.03671875
5 0.66796875 0.48125 0.04453125 0.028125
5 0.675 0.52890625 0.0390625 0.0359375
4 0.2546875 0.37890625 0.12109375 0.02890625
0 0.64453125 0.90859375 0.1390625 0.04609375
4 0.784375 0.47109375 0.0828125 0.03046875
4 0.28359375 0.71953125 0.41484375 0.053125
1 0.68828125 0.740625 0.05234375 0.028125
3 0.1109375 0.46796875 0.08828125 0.09765625
4 0.72734375 0.3671875 0.121875 0.034375
3 0.23671875 0.4578125 0.08125 0.11875
3 0.48515625 0.44765625 0.08671875 0.1296875
3 0.4421875 0.56640625 0.18515625 0.084375
3 0.36796875 0.46171875 0.08828125 0.109375
3 0.184375 0.57578125 0.2 0.0828125
3 0.48046875 0.24453125 0.88984375 0.15859375
0 0.14140625 0.12578125 0.2046875 0.05
0 0.30625 0.1203125 0.12421875 0.0484375
0 0.41875 0.1171875 0.10078125 0.0578125
7 0.8 0.03359375 0.3109375 0.05625
4 0.5578125 0.05703125 0.1453125 0.034375
4 0.11796875 0.37890625 0.10625 0.028125
2 0.3078125 0.4828125 0.5390625 0.2890625
2 0.78125 0.4640625 0.36015625 0.2796875
4 0.29609375 0.78671875 0.42734375 0.04296875
4 0.30390625 0.825 0.42734375 0.0328125
2 0.29453125 0.77265625 0.5296875 0.203125
1 0.8671875 0.7328125 0.05 0.0421875
1 0.69375 0.7921875 0.05625 0.0390625
4 0.93828125 0.73203125 0.08125 0.0375
4 0.77734375 0.73984375 0.0765625 0.03671875
4 0.7890625 0.78515625 0.09609375 0.03359375
2 0.79765625 0.74140625 0.40390625 0.21484375