2 0.37734375 0.2375 0.234375 0.28828125
4 0.09921875 0.21328125 0.14453125 0.0296875
2 0.62109375 0.22890625 0.23046875 0.2609375
2 0.86953125 0.2265625 0.234375 0.2796875
3 0.12890625 0.040625 0.0703125 0.08046875
2 0.246875 0.51484375 0.49296875 0.2421875
4 0.553125 0.44921875 0.059375 0.03828125
4 0.1734375 0.76640625 0.29296875 0.04296875
4 0.678125 0.5109375 0.30625 0.0453125
4 0.79609375 0.1625 0.05859375 0.0359375
4 0.17578125 0.503125 0.28671875 0.0375
4 0.553125 0.16484375 0.0578125 0.03828125
0 0.796875 0.30546875 0.059375 0.06015625
4 0.05703125 0.44921875 0.059375 0.0359375
4 0.0578125 0.71015625 0.05390625 0.0328125
4 0.3078125 0.1640625 0.065625 0.03828125
0 0.30859375 0.30390625 0.0703125 0.06015625
0 0.55703125 0.55625 0.0734375 0.06015625
4 0.05390625 0.16171875 0.05 0.0375
0 0.2828125 0.040625 0.07734375 0.07265625
0 0.05234375 0.825 0.06640625 0.06640625
4 0.5015625 0.95625 0.13671875 0.05078125
0 0.05703125 0.5546875 0.06953125 0.0578125
0 0.5546875 0.3046875 0.07109375 0.06328125
0 0.128125 0.0390625 0.06875 0.0734375
0 0.2046875 0.040625 0.07734375 0.07578125
0 0.0546875 0.30546875 0.0640625 0.0625
0 0.0546875 0.0390625 0.0734375 0.07265625
4 0.1140625 0.24921875 0.1734375 0.03125
4 0.35703125 0.21875 0.16640625 0.03359375
4 0.34609375 0.25234375 0.1484375 0.03046875
4 0.62109375 0.21953125 0.19921875 0.02734375
4 0.58046875 0.24921875 0.12421875 0.02734375
4 0.8328125 0.21796875 0.12890625 0.02421875
4 0.8734375 0.25 0.20390625 0.04296875
2 0.1265625 0.2328125 0.2359375 0.2640625
2 0.74765625 0.50625 0.4796875 0.23828125
2 0.50078125 0.775 0.9828125 0.23828125