4 0.81328125 0.47734375 0.321875 0.03671875
4 0.815625 0.2171875 0.3140625 0.04296875
4 0.946875 0.42421875 0.04765625 0.034375
4 0.9453125 0.16328125 0.0546875 0.03515625
4 0.49921875 0.66640625 0.13515625 0.05625
0 0.94609375 0.5328125 0.06015625 0.06328125
0 0.878125 0.04140625 0.065625 0.075
0 0.9390625 0.27109375 0.07265625 0.0640625
0 0.94765625 0.03984375 0.06640625 0.071875
0 0.803125 0.040625 0.078125 0.07734375
2 0.50078125 0.22265625 0.978125 0.23125
2 0.50078125 0.48203125 0.97890625 0.2453125