4 0.18671875 0.47734375 0.321875 0.03671875
4 0.184375 0.2171875 0.3140625 0.04296875
4 0.053125 0.42421875 0.04765625 0.034375
4 0.0546875 0.16328125 0.0546875 0.03515625
4 0.50078125 0.66640625 0.13515625 0.05625
0 0.05390625 0.5328125 0.06015625 0.06328125
0 0.121875 0.04140625 0.065625 0.075
0 0.0609375 0.27109375 0.07265625 0.0640625
0 0.05234375 0.03984375 0.06640625 0.071875
0 0.196875 0.040625 0.078125 0.07734375
2 0.49921875 0.22265625 0.978125 0.23125
2 0.49921875 0.48203125 0.97890625 0.2453125