4 0.13984375 0.02265625 0.109375 0.0453125
4 0.13203125 0.12421875 0.09453125 0.040625
4 0.31796875 0.2234375 0.23359375 0.04453125
4 0.28125 0.2765625 0.14140625 0.05
4 0.32265625 0.39765625 0.21875 0.0484375
4 0.2765625 0.459375 0.13203125 0.04453125
4 0.59453125 0.153125 0.06953125 0.0484375
4 0.840625 0.17265625 0.09609375 0.04609375
4 0.85390625 0.26328125 0.134375 0.0625
4 0.84921875 0.44609375 0.11953125 0.0640625
4 0.84296875 0.60546875 0.14140625 0.06953125
4 0.8375 0.728125 0.13359375 0.0609375
4 0.83515625 0.834375 0.12890625 0.07109375
4 0.5859375 0.6078125 0.11328125 0.05703125
4 0.5953125 0.725 0.11171875 0.05546875
4 0.15859375 0.596875 0.146875 0.04296875
4 0.22890625 0.71796875 0.29296875 0.0640625
4 0.14375 0.834375 0.10234375 0.04296875
3 0.14609375 0.24765625 0.09296875 0.13203125
3 0.15390625 0.440625 0.08359375 0.1265625
0 0.2671875 0.9484375 0.428125 0.09453125
0 0.7078125 0.9515625 0.40703125 0.096875