4 0.86015625 0.02265625 0.109375 0.0453125
4 0.86796875 0.12421875 0.09453125 0.040625
4 0.68203125 0.2234375 0.23359375 0.04453125
4 0.71875 0.2765625 0.14140625 0.05
4 0.67734375 0.39765625 0.21875 0.0484375
4 0.7234375 0.459375 0.13203125 0.04453125
4 0.40546875 0.153125 0.06953125 0.0484375
4 0.159375 0.17265625 0.09609375 0.04609375
4 0.14609375 0.26328125 0.134375 0.0625
4 0.15078125 0.44609375 0.11953125 0.0640625
4 0.15703125 0.60546875 0.14140625 0.06953125
4 0.1625 0.728125 0.13359375 0.0609375
4 0.16484375 0.834375 0.12890625 0.07109375
4 0.4140625 0.6078125 0.11328125 0.05703125
4 0.4046875 0.725 0.11171875 0.05546875
4 0.84140625 0.596875 0.146875 0.04296875
4 0.77109375 0.71796875 0.29296875 0.0640625
4 0.85625 0.834375 0.10234375 0.04296875
3 0.85390625 0.24765625 0.09296875 0.13203125
3 0.84609375 0.440625 0.08359375 0.1265625
0 0.7328125 0.9484375 0.428125 0.09453125
0 0.2921875 0.9515625 0.40703125 0.096875