4 0.9046875 0.73515625 0.13515625 0.03125
2 0.7484375 0.4796875 0.490625 0.23515625
0 0.79453125 0.04140625 0.13359375 0.08203125
4 0.20703125 0.6796875 0.04765625 0.0375
4 0.80703125 0.2171875 0.32734375 0.03515625
2 0.5 0.2203125 0.98671875 0.23515625
4 0.44453125 0.41875 0.0578125 0.03828125
4 0.696875 0.6828125 0.05859375 0.04296875
4 0.32421875 0.47265625 0.296875 0.04140625
4 0.9421875 0.41796875 0.0515625 0.0390625
4 0.9484375 0.6859375 0.046875 0.0359375
0 0.19765625 0.828125 0.071875 0.05546875
4 0.94140625 0.1640625 0.05859375 0.03515625
4 0.203125 0.7671875 0.05546875 0.03203125
0 0.94609375 0.27265625 0.06015625 0.0625
0 0.44765625 0.82578125 0.06953125 0.06328125
4 0.4984375 0.9546875 0.134375 0.0578125
4 0.7984375 0.4796875 0.32578125 0.0546875
0 0.69375 0.825 0.06640625 0.05859375
0 0.4453125 0.52890625 0.06796875 0.0578125
0 0.9484375 0.82578125 0.06328125 0.06328125
0 0.93671875 0.52890625 0.0734375 0.06328125
0 0.7453125 0.03984375 0.08046875 0.07578125
0 0.88359375 0.0421875 0.05546875 0.0765625
0 0.94921875 0.03984375 0.0640625 0.071875
0 0.82109375 0.040625 0.0625 0.075
4 0.8921875 0.7734375 0.15546875 0.03515625
4 0.6375 0.7390625 0.17421875 0.028125
4 0.6640625 0.77265625 0.13125 0.02578125
4 0.45078125 0.696875 0.06171875 0.06015625
4 0.38046875 0.73828125 0.209375 0.02578125
4 0.4265625 0.76953125 0.1109375 0.025
4 0.12578125 0.73984375 0.209375 0.0328125
2 0.25078125 0.47734375 0.48203125 0.240625
2 0.8703125 0.75078125 0.234375 0.26484375
2 0.62421875 0.75234375 0.240625 0.265625
2 0.3765625 0.753125 0.23671875 0.2625
2 0.1296875 0.75546875 0.24140625 0.2671875