5 0.7671875 0.28203125 0.0203125 0.025
7 0.36484375 0.8546875 0.16328125 0.0421875
6 0.61171875 0.11015625 0.14453125 0.046875
2 0.2078125 0.1703125 0.28359375 0.33515625
4 0.265625 0.9109375 0.090625 0.04609375
6 0.353125 0.73828125 0.1828125 0.04765625
6 0.3515625 0.5234375 0.1953125 0.04765625
7 0.35234375 0.7359375 0.1875 0.04765625
6 0.78515625 0.71015625 0.21640625 0.071875
5 0.1171875 0.1140625 0.025 0.03125
6 0.3625 0.8546875 0.16796875 0.04453125
4 0.14296875 0.4765625 0.1109375 0.0296875
1 0.678125 0.57578125 0.04609375 0.0484375
2 0.28046875 0.828125 0.4984375 0.34375
6 0.784375 0.7109375 0.21953125 0.07265625
4 0.7359375 0.4140625 0.1375 0.04140625
7 0.3453125 0.79453125 0.1859375 0.040625
4 0.1953125 0.26953125 0.09921875 0.06015625
4 0.10625 0.8625 0.0875 0.0359375
4 0.82421875 0.27890625 0.075 0.034375
4 0.49375 0.02421875 0.11875 0.0375
2 0.5515625 0.078125 0.2921875 0.15546875
5 0.1171875 0.2265625 0.02734375 0.0296875
4 0.8640625 0.040625 0.2171875 0.05234375
4 0.825 0.234375 0.0796875 0.034375
4 0.63515625 0.01875 0.075 0.0265625
4 0.83671875 0.86875 0.15703125 0.05703125
1 0.671875 0.47109375 0.03671875 0.03203125
5 0.76796875 0.23359375 0.01953125 0.021875
4 0.16328125 0.52578125 0.14765625 0.03828125
2 0.7546875 0.50625 0.30390625 0.24765625
4 0.15078125 0.73828125 0.1734375 0.040625
4 0.8328125 0.78671875 0.1234375 0.04609375
2 0.8421875 0.1734375 0.29765625 0.31484375
4 0.63046875 0.07265625 0.0828125 0.0265625
0 0.1578125 0.578125 0.12265625 0.05078125
4 0.78203125 0.509375 0.1359375 0.040625
2 0.54375 0.24765625 0.33203125 0.15390625
5 0.11640625 0.16796875 0.03046875 0.03203125
4 0.21640625 0.86015625 0.103125 0.03828125
4 0.2109375 0.2109375 0.11875 0.03828125
1 0.7109375 0.87421875 0.059375 0.06171875
1 0.715625 0.78984375 0.0703125 0.0578125
4 0.10859375 0.921875 0.09453125 0.040625
0 0.12890625 0.97265625 0.13359375 0.05
5 0.76640625 0.15234375 0.02265625 0.0234375
4 0.17890625 0.1046875 0.0703125 0.0375
4 0.2078125 0.04609375 0.14296875 0.0453125
4 0.8296875 0.18984375 0.08359375 0.034375
4 0.14375 0.8 0.15078125 0.040625
4 0.23046875 0.15078125 0.1734375 0.0546875
4 0.80703125 0.10390625 0.0921875 0.0359375
5 0.7703125 0.1875 0.0203125 0.02109375
4 0.7828125 0.46328125 0.1203125 0.0421875
4 0.83125 0.14765625 0.0828125 0.0359375
5 0.1203125 0.27890625 0.03515625 0.03125
4 0.496875 0.2640625 0.05 0.0453125
4 0.5953125 0.2625 0.06015625 0.053125
5 0.45390625 0.2625 0.028125 0.03203125
5 0.546875 0.26796875 0.03203125 0.03203125
4 0.5578125 0.20390625 0.22890625 0.04453125
4 0.64765625 0.0453125 0.084375 0.02578125
4 0.47421875 0.1078125 0.1125 0.03125
7 0.35859375 0.46953125 0.2046875 0.04296875
4 0.2578125 0.4171875 0.18359375 0.0375
2 0.30859375 0.4984375 0.51328125 0.23984375
1 0.66953125 0.521875 0.0375 0.03125
4 0.4359375 0.915625 0.1171875 0.04609375
5 0.35703125 0.9171875 0.0203125 0.028125
2 0.771875 0.82890625 0.3265625 0.3328125