4 0.89765625 0.740625 0.14296875 0.025
0 0.90625 0.04140625 0.12265625 0.07734375
2 0.13203125 0.7625 0.23046875 0.28515625
4 0.64296875 0.73984375 0.16015625 0.0296875
2 0.5015625 0.47578125 0.9921875 0.25234375
4 0.3171875 0.21484375 0.31328125 0.0484375
4 0.940625 0.42578125 0.05859375 0.0359375
2 0.74921875 0.21953125 0.48515625 0.240625
4 0.94453125 0.6859375 0.04765625 0.03359375
4 0.4421875 0.1578125 0.065625 0.0359375
4 0.8203125 0.21171875 0.3046875 0.04765625
4 0.44765625 0.68046875 0.0609375 0.04296875
4 0.69453125 0.68203125 0.06171875 0.0375
4 0.20390625 0.68515625 0.05546875 0.040625
0 0.70078125 0.82734375 0.04921875 0.059375
4 0.9421875 0.1625 0.06328125 0.0390625
4 0.82109375 0.4765625 0.30625 0.03515625
0 0.20234375 0.82578125 0.0609375 0.06484375
0 0.9375 0.5296875 0.07265625 0.06171875
0 0.9484375 0.825 0.065625 0.0671875
0 0.45234375 0.82578125 0.0609375 0.06328125
4 0.4984375 0.95546875 0.13515625 0.05703125
0 0.81015625 0.03984375 0.07578125 0.075
0 0.9484375 0.0390625 0.06796875 0.071875
0 0.94453125 0.26875 0.0625 0.06015625
0 0.88203125 0.040625 0.0578125 0.07421875
0 0.44453125 0.26796875 0.06796875 0.06328125
4 0.89453125 0.76875 0.1515625 0.02890625
4 0.6421875 0.76875 0.16484375 0.034375
4 0.40859375 0.7375 0.1421875 0.04140625
4 0.3953125 0.7734375 0.165625 0.028125
4 0.16484375 0.7390625 0.13671875 0.03125
4 0.15 0.7703125 0.1625 0.0296875
2 0.25390625 0.2171875 0.47734375 0.23515625
2 0.871875 0.75390625 0.23671875 0.26796875
2 0.62734375 0.7546875 0.23984375 0.26875
2 0.378125 0.75 0.23359375 0.26640625