2 0.24921875 0.23046875 0.496875 0.2640625
4 0.66875 0.76875 0.10859375 0.03515625
2 0.13203125 0.7453125 0.24453125 0.29453125
2 0.753125 0.225 0.490625 0.25703125
4 0.90390625 0.76484375 0.1234375 0.0359375
4 0.44296875 0.15859375 0.0640625 0.03828125
2 0.50234375 0.48046875 0.9875 0.23671875
4 0.20078125 0.68046875 0.05859375 0.03671875
4 0.81796875 0.4796875 0.30703125 0.03203125
4 0.44921875 0.68203125 0.05546875 0.0390625
4 0.8203125 0.2140625 0.32421875 0.06640625
0 0.20234375 0.825 0.0578125 0.06484375
4 0.94140625 0.68203125 0.05390625 0.0375
0 0.45234375 0.26875 0.05390625 0.0625
4 0.69765625 0.6828125 0.05078125 0.0359375
4 0.93828125 0.42421875 0.06328125 0.034375
0 0.94765625 0.53125 0.06015625 0.0625
4 0.93984375 0.15859375 0.06015625 0.04140625
4 0.4984375 0.95546875 0.134375 0.05703125
0 0.86640625 0.03984375 0.07734375 0.0765625
0 0.93984375 0.82578125 0.0734375 0.06484375
0 0.44375 0.8234375 0.0734375 0.06171875
0 0.9453125 0.03828125 0.07421875 0.07265625
0 0.6921875 0.82578125 0.07421875 0.06484375
0 0.93984375 0.2671875 0.06796875 0.06171875
4 0.325 0.21796875 0.303125 0.0453125
4 0.8875 0.73671875 0.16953125 0.0328125
4 0.6234375 0.73984375 0.20390625 0.021875
4 0.38671875 0.7390625 0.18046875 0.0375
4 0.41796875 0.7765625 0.12734375 0.02734375
4 0.12734375 0.7421875 0.20390625 0.028125
4 0.17890625 0.77109375 0.1140625 0.03125
2 0.87109375 0.75390625 0.240625 0.26640625
2 0.625 0.75078125 0.23671875 0.26484375
2 0.378125 0.75390625 0.234375 0.26796875