2 0.75078125 0.23046875 0.496875 0.2640625
4 0.33125 0.76875 0.10859375 0.03515625
2 0.86796875 0.7453125 0.24453125 0.29453125
2 0.246875 0.225 0.490625 0.25703125
4 0.09609375 0.76484375 0.1234375 0.0359375
4 0.55703125 0.15859375 0.0640625 0.03828125
2 0.49765625 0.48046875 0.9875 0.23671875
4 0.79921875 0.68046875 0.05859375 0.03671875
4 0.18203125 0.4796875 0.30703125 0.03203125
4 0.55078125 0.68203125 0.05546875 0.0390625
4 0.1796875 0.2140625 0.32421875 0.06640625
0 0.79765625 0.825 0.0578125 0.06484375
4 0.05859375 0.68203125 0.05390625 0.0375
0 0.54765625 0.26875 0.05390625 0.0625
4 0.30234375 0.6828125 0.05078125 0.0359375
4 0.06171875 0.42421875 0.06328125 0.034375
0 0.05234375 0.53125 0.06015625 0.0625
4 0.06015625 0.15859375 0.06015625 0.04140625
4 0.5015625 0.95546875 0.134375 0.05703125
0 0.13359375 0.03984375 0.07734375 0.0765625
0 0.06015625 0.82578125 0.0734375 0.06484375
0 0.55625 0.8234375 0.0734375 0.06171875
0 0.0546875 0.03828125 0.07421875 0.07265625
0 0.3078125 0.82578125 0.07421875 0.06484375
0 0.06015625 0.2671875 0.06796875 0.06171875
4 0.675 0.21796875 0.303125 0.0453125
4 0.1125 0.73671875 0.16953125 0.0328125
4 0.3765625 0.73984375 0.20390625 0.021875
4 0.61328125 0.7390625 0.18046875 0.0375
4 0.58203125 0.7765625 0.12734375 0.02734375
4 0.87265625 0.7421875 0.20390625 0.028125
4 0.82109375 0.77109375 0.1140625 0.03125
2 0.12890625 0.75390625 0.240625 0.26640625
2 0.375 0.75078125 0.23671875 0.26484375
2 0.621875 0.75390625 0.234375 0.26796875