2 0.25 0.2140625 0.49453125 0.2421875
2 0.1296875 0.7515625 0.23046875 0.2859375
4 0.31640625 0.21484375 0.31484375 0.046875
2 0.86875 0.753125 0.2421875 0.275
2 0.746875 0.2234375 0.48515625 0.23515625
4 0.9484375 0.4234375 0.04453125 0.0375
4 0.1984375 0.68125 0.06015625 0.04140625
4 0.7 0.6875 0.04765625 0.03984375
4 0.44453125 0.16015625 0.05859375 0.03984375
0 0.45078125 0.26875 0.05 0.05546875
4 0.8234375 0.4796875 0.29140625 0.03984375
0 0.2015625 0.8265625 0.05859375 0.0609375
4 0.4578125 0.68046875 0.046875 0.0375
4 0.9453125 0.1578125 0.0515625 0.03671875
4 0.82578125 0.215625 0.28828125 0.03984375
0 0.93984375 0.825 0.07109375 0.06484375
0 0.4484375 0.82265625 0.065625 0.06484375
0 0.934375 0.53203125 0.078125 0.06484375
4 0.4984375 0.95546875 0.134375 0.05625
4 0.94765625 0.684375 0.0453125 0.03984375
0 0.9421875 0.03984375 0.0765625 0.06875
0 0.86640625 0.03984375 0.07265625 0.0765625
0 0.7140625 0.03984375 0.05390625 0.07734375
0 0.64296875 0.03984375 0.08046875 0.07578125
0 0.6921875 0.8234375 0.0734375 0.06015625
0 0.78359375 0.03984375 0.0734375 0.07734375
0 0.940625 0.265625 0.07109375 0.0609375
4 0.878125 0.73671875 0.18671875 0.0375
4 0.90625 0.771875 0.134375 0.03203125
4 0.6328125 0.73984375 0.1890625 0.02265625
4 0.653125 0.7703125 0.15078125 0.0265625
4 0.38125 0.740625 0.190625 0.03203125
4 0.42890625 0.7734375 0.10546875 0.02734375
4 0.17734375 0.7390625 0.109375 0.034375
4 0.13828125 0.77421875 0.1921875 0.02578125
2 0.5 0.4828125 0.9765625 0.2390625
2 0.6234375 0.75234375 0.23828125 0.2640625
2 0.3765625 0.75078125 0.23671875 0.26171875