4 0.50859375 0.06171875 0.2984375 0.0765625
4 0.55859375 0.16875 0.73203125 0.0734375
4 0.51640625 0.2515625 0.465625 0.0640625
4 0.48984375 0.34609375 0.1859375 0.07265625
3 0.215625 0.54296875 0.17109375 0.15703125
3 0.46796875 0.5359375 0.18515625 0.16796875
3 0.7078125 0.540625 0.17421875 0.175
4 0.209375 0.65078125 0.1859375 0.0359375
4 0.2203125 0.71953125 0.21875 0.04609375
4 0.4609375 0.64921875 0.19296875 0.04140625
4 0.47109375 0.7171875 0.22109375 0.04140625
4 0.72109375 0.65546875 0.18125 0.04296875
4 0.7171875 0.71484375 0.20078125 0.05546875
4 0.2125 0.8359375 0.23359375 0.13359375
4 0.46015625 0.8296875 0.240625 0.1375
4 0.71484375 0.828125 0.22578125 0.14296875