4 0.49140625 0.06171875 0.2984375 0.0765625
4 0.44140625 0.16875 0.73203125 0.0734375
4 0.48359375 0.2515625 0.465625 0.0640625
4 0.51015625 0.34609375 0.1859375 0.07265625
3 0.784375 0.54296875 0.17109375 0.15703125
3 0.53203125 0.5359375 0.18515625 0.16796875
3 0.2921875 0.540625 0.17421875 0.175
4 0.790625 0.65078125 0.1859375 0.0359375
4 0.7796875 0.71953125 0.21875 0.04609375
4 0.5390625 0.64921875 0.19296875 0.04140625
4 0.52890625 0.7171875 0.22109375 0.04140625
4 0.27890625 0.65546875 0.18125 0.04296875
4 0.2828125 0.71484375 0.20078125 0.05546875
4 0.7875 0.8359375 0.23359375 0.13359375
4 0.53984375 0.8296875 0.240625 0.1375
4 0.28515625 0.828125 0.22578125 0.14296875