2 0.75 0.21953125 0.48359375 0.240625
2 0.13046875 0.49296875 0.240625 0.26484375
4 0.896875 0.478125 0.15234375 0.02265625
4 0.4515625 0.15859375 0.04765625 0.0359375
4 0.6984375 0.42109375 0.04609375 0.03359375
2 0.25234375 0.22265625 0.47890625 0.2359375
4 0.45 0.421875 0.0578125 0.04375
4 0.2015625 0.42109375 0.0578125 0.0453125
4 0.3203125 0.21484375 0.31015625 0.04765625
4 0.81328125 0.77109375 0.32890625 0.03203125
0 0.45234375 0.565625 0.0515625 0.0625
4 0.9453125 0.159375 0.05390625 0.0390625
4 0.81796875 0.21796875 0.32421875 0.04296875
0 0.19921875 0.5640625 0.071875 0.0640625
4 0.94140625 0.71015625 0.05703125 0.0328125
0 0.93671875 0.8234375 0.0734375 0.06171875
4 0.9375 0.42265625 0.059375 0.0375
0 0.95 0.26875 0.05859375 0.06328125
0 0.4421875 0.2671875 0.071875 0.06484375
0 0.69296875 0.5640625 0.06875 0.06015625
0 0.94453125 0.03828125 0.07421875 0.07421875
4 0.4984375 0.95625 0.13671875 0.05234375
0 0.9453125 0.56484375 0.065625 0.06328125
0 0.86796875 0.0390625 0.07421875 0.075
4 0.8984375 0.51015625 0.15234375 0.02890625
4 0.63984375 0.47734375 0.16875 0.03203125
4 0.65859375 0.51328125 0.13671875 0.03046875
4 0.37421875 0.48125 0.20859375 0.03125
4 0.42578125 0.5140625 0.10390625 0.02890625
4 0.1453125 0.47734375 0.17109375 0.02578125
4 0.16328125 0.50625 0.14296875 0.034375
2 0.87109375 0.4875 0.2421875 0.25859375
2 0.62421875 0.4921875 0.2359375 0.259375
2 0.3765625 0.49296875 0.2359375 0.26015625
2 0.4984375 0.7703125 0.98359375 0.23671875