2 0.25 0.21953125 0.48359375 0.240625
2 0.86953125 0.49296875 0.240625 0.26484375
4 0.103125 0.478125 0.15234375 0.02265625
4 0.5484375 0.15859375 0.04765625 0.0359375
4 0.3015625 0.42109375 0.04609375 0.03359375
2 0.74765625 0.22265625 0.47890625 0.2359375
4 0.55 0.421875 0.0578125 0.04375
4 0.7984375 0.42109375 0.0578125 0.0453125
4 0.6796875 0.21484375 0.31015625 0.04765625
4 0.18671875 0.77109375 0.32890625 0.03203125
0 0.54765625 0.565625 0.0515625 0.0625
4 0.0546875 0.159375 0.05390625 0.0390625
4 0.18203125 0.21796875 0.32421875 0.04296875
0 0.80078125 0.5640625 0.071875 0.0640625
4 0.05859375 0.71015625 0.05703125 0.0328125
0 0.06328125 0.8234375 0.0734375 0.06171875
4 0.0625 0.42265625 0.059375 0.0375
0 0.05 0.26875 0.05859375 0.06328125
0 0.5578125 0.2671875 0.071875 0.06484375
0 0.30703125 0.5640625 0.06875 0.06015625
0 0.05546875 0.03828125 0.07421875 0.07421875
4 0.5015625 0.95625 0.13671875 0.05234375
0 0.0546875 0.56484375 0.065625 0.06328125
0 0.13203125 0.0390625 0.07421875 0.075
4 0.1015625 0.51015625 0.15234375 0.02890625
4 0.36015625 0.47734375 0.16875 0.03203125
4 0.34140625 0.51328125 0.13671875 0.03046875
4 0.62578125 0.48125 0.20859375 0.03125
4 0.57421875 0.5140625 0.10390625 0.02890625
4 0.8546875 0.47734375 0.17109375 0.02578125
4 0.83671875 0.50625 0.14296875 0.034375
2 0.12890625 0.4875 0.2421875 0.25859375
2 0.37578125 0.4921875 0.2359375 0.259375
2 0.6234375 0.49296875 0.2359375 0.26015625
2 0.5015625 0.7703125 0.98359375 0.23671875