2 0.86953125 0.7515625 0.24765625 0.2796875
4 0.70546875 0.684375 0.03828125 0.03203125
4 0.2109375 0.6828125 0.03984375 0.03828125
4 0.446875 0.41640625 0.06171875 0.04453125
4 0.31796875 0.47734375 0.31328125 0.04375
4 0.45078125 0.68046875 0.05703125 0.03828125
4 0.821875 0.221875 0.30390625 0.0359375
0 0.20625 0.82578125 0.0515625 0.06171875
4 0.94140625 0.41875 0.06015625 0.03515625
4 0.94453125 0.68125 0.05546875 0.0421875
0 0.44140625 0.528125 0.0703125 0.06171875
4 0.94140625 0.16640625 0.05390625 0.03515625
0 0.44765625 0.82578125 0.06953125 0.065625
4 0.815625 0.478125 0.30859375 0.0453125
4 0.4984375 0.9546875 0.134375 0.0578125
0 0.9390625 0.27109375 0.0671875 0.0609375
0 0.71171875 0.040625 0.07265625 0.07578125
0 0.69609375 0.825 0.0671875 0.06484375
0 0.93671875 0.5296875 0.07734375 0.06328125
0 0.94375 0.03984375 0.0734375 0.06953125
0 0.86796875 0.03984375 0.0734375 0.0765625
0 0.79140625 0.03984375 0.0765625 0.078125
0 0.94140625 0.82421875 0.07109375 0.065625
4 0.88203125 0.740625 0.18671875 0.03203125
4 0.9078125 0.7703125 0.1328125 0.0328125
4 0.63046875 0.7390625 0.1921875 0.02734375
4 0.66015625 0.771875 0.1453125 0.0375
4 0.3984375 0.73828125 0.16171875 0.0265625
4 0.40078125 0.76640625 0.16328125 0.034375
4 0.13984375 0.73828125 0.184375 0.0359375
4 0.16484375 0.7734375 0.13828125 0.0375
2 0.50078125 0.221875 0.98125 0.2359375
2 0.75078125 0.475 0.47578125 0.24140625
2 0.253125 0.4796875 0.478125 0.2453125
2 0.62578125 0.7515625 0.2359375 0.2671875
2 0.375 0.75078125 0.234375 0.2625
2 0.13046875 0.7546875 0.23359375 0.2640625