2 0.13046875 0.7515625 0.24765625 0.2796875
4 0.29453125 0.684375 0.03828125 0.03203125
4 0.7890625 0.6828125 0.03984375 0.03828125
4 0.553125 0.41640625 0.06171875 0.04453125
4 0.68203125 0.47734375 0.31328125 0.04375
4 0.54921875 0.68046875 0.05703125 0.03828125
4 0.178125 0.221875 0.30390625 0.0359375
0 0.79375 0.82578125 0.0515625 0.06171875
4 0.05859375 0.41875 0.06015625 0.03515625
4 0.05546875 0.68125 0.05546875 0.0421875
0 0.55859375 0.528125 0.0703125 0.06171875
4 0.05859375 0.16640625 0.05390625 0.03515625
0 0.55234375 0.82578125 0.06953125 0.065625
4 0.184375 0.478125 0.30859375 0.0453125
4 0.5015625 0.9546875 0.134375 0.0578125
0 0.0609375 0.27109375 0.0671875 0.0609375
0 0.28828125 0.040625 0.07265625 0.07578125
0 0.30390625 0.825 0.0671875 0.06484375
0 0.06328125 0.5296875 0.07734375 0.06328125
0 0.05625 0.03984375 0.0734375 0.06953125
0 0.13203125 0.03984375 0.0734375 0.0765625
0 0.20859375 0.03984375 0.0765625 0.078125
0 0.05859375 0.82421875 0.07109375 0.065625
4 0.11796875 0.740625 0.18671875 0.03203125
4 0.0921875 0.7703125 0.1328125 0.0328125
4 0.36953125 0.7390625 0.1921875 0.02734375
4 0.33984375 0.771875 0.1453125 0.0375
4 0.6015625 0.73828125 0.16171875 0.0265625
4 0.59921875 0.76640625 0.16328125 0.034375
4 0.86015625 0.73828125 0.184375 0.0359375
4 0.83515625 0.7734375 0.13828125 0.0375
2 0.49921875 0.221875 0.98125 0.2359375
2 0.24921875 0.475 0.47578125 0.24140625
2 0.746875 0.4796875 0.478125 0.2453125
2 0.37421875 0.7515625 0.2359375 0.2671875
2 0.625 0.75078125 0.234375 0.2625
2 0.86953125 0.7546875 0.23359375 0.2640625