2 0.8671875 0.75546875 0.234375 0.27734375
4 0.9453125 0.4234375 0.05859375 0.0296875
4 0.32890625 0.21953125 0.290625 0.04765625
2 0.1328125 0.753125 0.234375 0.2625
2 0.7453125 0.22265625 0.48125 0.23359375
4 0.2046875 0.68515625 0.05078125 0.0421875
4 0.453125 0.68125 0.05234375 0.03671875
4 0.82421875 0.21171875 0.31796875 0.06640625
4 0.44140625 0.1609375 0.0671875 0.0359375
0 0.453125 0.26953125 0.05390625 0.06328125
4 0.82578125 0.47265625 0.3234375 0.06640625
4 0.94453125 0.15703125 0.05390625 0.040625
4 0.69765625 0.68203125 0.05234375 0.0375
0 0.1984375 0.825 0.0703125 0.0609375
4 0.946875 0.68203125 0.04921875 0.03984375
4 0.4984375 0.95546875 0.13515625 0.05703125
0 0.9390625 0.5296875 0.06953125 0.0609375
0 0.94375 0.82578125 0.07109375 0.06328125
0 0.734375 0.03828125 0.0671875 0.075
0 0.8671875 0.03984375 0.07421875 0.07578125
0 0.94453125 0.03984375 0.07578125 0.07265625
0 0.946875 0.26796875 0.05859375 0.0609375
0 0.6671875 0.03984375 0.06171875 0.0734375
0 0.69296875 0.82421875 0.07109375 0.06328125
0 0.79765625 0.03828125 0.05703125 0.075
0 0.44453125 0.8234375 0.0734375 0.0625
2 0.25078125 0.21640625 0.4765625 0.2359375
2 0.4984375 0.48125 0.98125 0.23125
4 0.90546875 0.74140625 0.12890625 0.01953125
4 0.8890625 0.76953125 0.16484375 0.02734375
4 0.63359375 0.73984375 0.19375 0.0328125
4 0.66640625 0.7703125 0.121875 0.025
4 0.3828125 0.73515625 0.19765625 0.03203125
4 0.425 0.765625 0.11484375 0.0359375
4 0.15078125 0.73828125 0.16328125 0.02578125
4 0.15390625 0.7734375 0.15703125 0.03125
2 0.621875 0.75 0.2375 0.25703125
2 0.375 0.7484375 0.24140625 0.25625