1 0.77578125 0.13515625 0.0515625 0.04296875
3 0.771875 0.1328125 0.0515625 0.0421875
0 0.540625 0.5 0.103125 0.0359375
2 0.615625 0.4421875 0.32421875 0.17890625
4 0.48984375 0.8859375 0.03203125 0.021875
0 0.65625 0.50390625 0.10625 0.0359375
7 0.18984375 0.9625 0.23515625 0.04375
4 0.196875 0.6015625 0.28671875 0.0359375
7 0.18671875 0.65234375 0.2609375 0.03515625
4 0.54609375 0.58828125 0.228125 0.0390625
5 0.259375 0.1609375 0.028125 0.034375
2 0.2109375 0.44140625 0.4203125 0.20625
2 0.534375 0.646875 0.2984375 0.178125
2 0.63671875 0.8765625 0.47265625 0.22734375
4 0.54921875 0.384375 0.11484375 0.03359375
3 0.84765625 0.621875 0.09609375 0.06171875
4 0.21953125 0.371875 0.29453125 0.04453125
4 0.575 0.15703125 0.084375 0.03984375
2 0.88984375 0.44453125 0.18359375 0.1953125
7 0.19453125 0.88515625 0.24140625 0.03828125
7 0.62109375 0.84296875 0.2921875 0.040625
4 0.5453125 0.459375 0.0796875 0.02578125
4 0.8875 0.23125 0.1015625 0.03046875
4 0.58125 0.91640625 0.1171875 0.03046875
4 0.340625 0.04921875 0.1140625 0.03359375
4 0.20546875 0.79453125 0.32578125 0.046875
1 0.7796875 0.24140625 0.04609375 0.03203125
5 0.26015625 0.0859375 0.04375 0.04296875
1 0.09296875 0.5109375 0.04296875 0.03125
4 0.16328125 0.4515625 0.07109375 0.0265625
1 0.784375 0.1921875 0.0578125 0.0375
5 0.48828125 0.8859375 0.0265625 0.02265625
0 0.34296875 0.49765625 0.11953125 0.05625
2 0.1984375 0.88046875 0.3765625 0.23046875
1 0.09375 0.4578125 0.0453125 0.0359375
4 0.33046875 0.09375 0.08125 0.0359375
2 0.2546875 0.16171875 0.35703125 0.28125
1 0.09140625 0.41953125 0.03671875 0.03515625
2 0.56640625 0.18125 0.2453125 0.275
4 0.5890625 0.8 0.26640625 0.04609375
5 0.49375 0.9171875 0.02890625 0.021875
4 0.8765625 0.18828125 0.07578125 0.03203125
4 0.56640625 0.884375 0.090625 0.034375
4 0.1828125 0.4953125 0.08984375 0.03984375
4 0.33125 0.15859375 0.084375 0.0390625
4 0.8609375 0.13125 0.0546875 0.0296875
2 0.846875 0.1921875 0.2828125 0.2671875
3 0.1921875 0.153125 0.1 0.059375
3 0.1765625 0.075 0.0796875 0.059375
4 0.1140625 0.93046875 0.0625 0.03203125
3 0.1953125 0.22890625 0.096875 0.05859375
4 0.1421875 0.84921875 0.1171875 0.0359375
5 0.26875 0.234375 0.02421875 0.02578125
4 0.33359375 0.23359375 0.075 0.04453125
4 0.56875 0.075 0.10703125 0.03359375
4 0.59609375 0.21484375 0.1234375 0.040625
4 0.578125 0.271875 0.0796875 0.05234375
4 0.5734375 0.11328125 0.10546875 0.034375
5 0.49453125 0.11640625 0.0390625 0.04375
5 0.49296875 0.1640625 0.04609375 0.040625
5 0.49921875 0.2203125 0.03125 0.03046875
5 0.50703125 0.271875 0.0421875 0.05078125
4 0.84921875 0.0890625 0.15546875 0.04453125
4 0.89296875 0.2796875 0.11484375 0.046875
1 0.7875 0.2859375 0.0625 0.04609375
4 0.58125 0.42421875 0.103125 0.03984375
4 0.7125 0.4234375 0.09375 0.0421875
4 0.8671875 0.38046875 0.09375 0.03046875
4 0.90078125 0.4140625 0.0515625 0.03515625
4 0.925 0.45390625 0.090625 0.0375
4 0.921875 0.51015625 0.1046875 0.0359375
5 0.51328125 0.428125 0.0421875 0.0296875
5 0.65078125 0.42890625 0.0234375 0.03203125
5 0.8453125 0.42265625 0.0390625 0.03671875
5 0.84375 0.4578125 0.0546875 0.0296875
5 0.84921875 0.50859375 0.040625 0.0390625
7 0.53515625 0.6359375 0.17890625 0.0296875
7 0.53359375 0.68125 0.17578125 0.03203125
4 0.85234375 0.6921875 0.1265625 0.04296875
2 0.8421875 0.65078125 0.2234375 0.1703125
2 0.203125 0.6453125 0.34453125 0.1546875
4 0.6015625 0.94609375 0.175 0.03828125
5 0.4921875 0.953125 0.0265625 0.0359375