4 0.684375 0.08125 0.2625 0.0734375
3 0.7625 0.240625 0.09765625 0.1359375
4 0.575 0.20234375 0.23359375 0.04609375
4 0.64453125 0.25859375 0.10234375 0.04140625
4 0.2546875 0.26015625 0.15703125 0.040625
4 0.70234375 0.4140625 0.221875 0.046875
4 0.4328125 0.5140625 0.11171875 0.05859375
4 0.73515625 0.60625 0.15078125 0.059375
4 0.74765625 0.7734375 0.10390625 0.04453125
7 0.6234375 0.6984375 0.36953125 0.071875
7 0.61484375 0.90625 0.37734375 0.1734375
0 0.26796875 0.93203125 0.23671875 0.10859375