1 0.91484375 0.10625 0.0421875 0.046875
4 0.825 0.6046875 0.24921875 0.06875
5 0.93359375 0.79375 0.0203125 0.0234375
2 0.146875 0.7046875 0.29375 0.346875
0 0.8890625 0.41171875 0.0890625 0.075
5 0.92421875 0.68359375 0.02265625 0.0296875
0 0.7984375 0.40546875 0.0859375 0.0796875
4 0.82578125 0.28984375 0.084375 0.06875
4 0.4921875 0.61015625 0.29921875 0.0953125
2 0.83125 0.725 0.2890625 0.33203125
2 0.834375 0.2671875 0.2546875 0.47734375
5 0.61875 0.2375 0.02109375 0.02734375
5 0.62265625 0.18515625 0.02109375 0.03671875
5 0.621875 0.30546875 0.0140625 0.034375
2 0.1984375 0.24765625 0.3125 0.45078125
6 0.4890625 0.75625 0.24609375 0.14609375
4 0.559375 0.23984375 0.0734375 0.05
1 0.909375 0.1953125 0.0421875 0.0609375
5 0.93125 0.73671875 0.0234375 0.03203125
4 0.83671875 0.69375 0.10234375 0.05234375
4 0.83828125 0.090625 0.0796875 0.0609375
4 0.55625 0.303125 0.07890625 0.04453125
1 0.9078125 0.30546875 0.04765625 0.06171875
4 0.5640625 0.1703125 0.0734375 0.04765625
4 0.8359375 0.1875 0.08125 0.05546875
4 0.5328125 0.36171875 0.1171875 0.04296875
4 0.5296875 0.4140625 0.1234375 0.046875
4 0.5359375 0.0859375 0.21171875 0.065625
5 0.6203125 0.37265625 0.021875 0.04296875
5 0.6125 0.4328125 0.03046875 0.046875
2 0.53359375 0.25546875 0.26796875 0.459375
4 0.19375 0.10390625 0.2328125 0.07109375
4 0.228125 0.19453125 0.0734375 0.05546875
4 0.22265625 0.2625 0.0703125 0.0578125
4 0.20390625 0.328125 0.10390625 0.0421875
4 0.20703125 0.403125 0.0875 0.07109375
5 0.29765625 0.20546875 0.028125 0.05
5 0.29140625 0.26875 0.03203125 0.05546875
5 0.296875 0.34296875 0.028125 0.046875
5 0.28828125 0.41640625 0.02890625 0.0421875
4 0.82734375 0.74609375 0.12578125 0.0421875
4 0.83984375 0.79921875 0.121875 0.046875
4 0.82890625 0.85078125 0.15625 0.05234375
5 0.93515625 0.84296875 0.025 0.04296875
2 0.49375 0.72578125 0.31328125 0.33984375
4 0.14140625 0.6015625 0.2203125 0.06875
4 0.16875 0.671875 0.10078125 0.05625
4 0.1734375 0.73671875 0.0921875 0.0578125
4 0.14921875 0.7984375 0.1328125 0.07734375
5 0.24453125 0.6875 0.02265625 0.046875
5 0.24609375 0.75390625 0.025 0.05234375
5 0.24375 0.82734375 0.02890625 0.05546875