2 0.8703125 0.74765625 0.24140625 0.26796875
2 0.7484375 0.47890625 0.47890625 0.24375
2 0.1265625 0.7546875 0.228125 0.2828125
4 0.1984375 0.68359375 0.0625 0.0359375
4 0.92109375 0.76640625 0.109375 0.0390625
4 0.4515625 0.68515625 0.0484375 0.0375
4 0.696875 0.6828125 0.06015625 0.03515625
4 0.4421875 0.4171875 0.065625 0.03828125
4 0.94140625 0.41875 0.06328125 0.03515625
4 0.80625 0.465625 0.334375 0.0703125
0 0.7015625 0.82734375 0.05546875 0.06171875
0 0.1953125 0.82265625 0.0734375 0.059375
4 0.83359375 0.221875 0.27421875 0.03046875
4 0.94453125 0.684375 0.05625 0.03671875
4 0.94609375 0.165625 0.05234375 0.04140625
4 0.309375 0.47265625 0.3359375 0.06640625
4 0.4984375 0.9546875 0.134375 0.0578125
0 0.44453125 0.528125 0.06640625 0.0609375
0 0.94296875 0.8234375 0.06796875 0.0609375
0 0.44609375 0.825 0.07109375 0.06328125
0 0.86796875 0.0421875 0.0796875 0.075
0 0.93828125 0.27109375 0.07109375 0.0625
0 0.78515625 0.03828125 0.07890625 0.075
0 0.94453125 0.52890625 0.06484375 0.059375
0 0.94609375 0.0390625 0.06796875 0.07265625
4 0.8765625 0.74140625 0.1953125 0.0328125
4 0.62890625 0.74140625 0.1921875 0.02890625
4 0.66328125 0.771875 0.12890625 0.03046875
4 0.384375 0.740625 0.1953125 0.040625
4 0.425 0.7703125 0.1171875 0.025
4 0.16484375 0.7375 0.13828125 0.028125
4 0.14921875 0.7671875 0.1765625 0.0328125
2 0.4984375 0.22265625 0.975 0.23828125
2 0.25234375 0.48359375 0.48046875 0.23515625
2 0.62578125 0.75078125 0.23515625 0.26171875
2 0.378125 0.7546875 0.234375 0.2625