2 0.1296875 0.74765625 0.24140625 0.26796875
2 0.2515625 0.47890625 0.47890625 0.24375
2 0.8734375 0.7546875 0.228125 0.2828125
4 0.8015625 0.68359375 0.0625 0.0359375
4 0.07890625 0.76640625 0.109375 0.0390625
4 0.5484375 0.68515625 0.0484375 0.0375
4 0.303125 0.6828125 0.06015625 0.03515625
4 0.5578125 0.4171875 0.065625 0.03828125
4 0.05859375 0.41875 0.06328125 0.03515625
4 0.19375 0.465625 0.334375 0.0703125
0 0.2984375 0.82734375 0.05546875 0.06171875
0 0.8046875 0.82265625 0.0734375 0.059375
4 0.16640625 0.221875 0.27421875 0.03046875
4 0.05546875 0.684375 0.05625 0.03671875
4 0.05390625 0.165625 0.05234375 0.04140625
4 0.690625 0.47265625 0.3359375 0.06640625
4 0.5015625 0.9546875 0.134375 0.0578125
0 0.55546875 0.528125 0.06640625 0.0609375
0 0.05703125 0.8234375 0.06796875 0.0609375
0 0.55390625 0.825 0.07109375 0.06328125
0 0.13203125 0.0421875 0.0796875 0.075
0 0.06171875 0.27109375 0.07109375 0.0625
0 0.21484375 0.03828125 0.07890625 0.075
0 0.05546875 0.52890625 0.06484375 0.059375
0 0.05390625 0.0390625 0.06796875 0.07265625
4 0.1234375 0.74140625 0.1953125 0.0328125
4 0.37109375 0.74140625 0.1921875 0.02890625
4 0.33671875 0.771875 0.12890625 0.03046875
4 0.615625 0.740625 0.1953125 0.040625
4 0.575 0.7703125 0.1171875 0.025
4 0.83515625 0.7375 0.13828125 0.028125
4 0.85078125 0.7671875 0.1765625 0.0328125
2 0.5015625 0.22265625 0.975 0.23828125
2 0.74765625 0.48359375 0.48046875 0.23515625
2 0.37421875 0.75078125 0.23515625 0.26171875
2 0.621875 0.7546875 0.234375 0.2625