2 0.62578125 0.2359375 0.2390625 0.27109375
2 0.3765625 0.24921875 0.2484375 0.29921875
2 0.86953125 0.2296875 0.24140625 0.290625
2 0.24765625 0.53984375 0.49453125 0.2359375
2 0.13125 0.221875 0.23828125 0.26015625
4 0.80078125 0.1625 0.06015625 0.03515625
4 0.05703125 0.4796875 0.05546875 0.0375
4 0.5515625 0.1609375 0.0578125 0.03828125
0 0.79296875 0.3046875 0.05390625 0.0578125
4 0.6875 0.53125 0.328125 0.05234375
4 0.1796875 0.79921875 0.31328125 0.03515625
4 0.55546875 0.4765625 0.059375 0.0359375
4 0.30625 0.1625 0.0671875 0.0375
4 0.5015625 0.98125 0.1265625 0.03671875
4 0.17890625 0.53984375 0.31015625 0.05
4 0.0625 0.74375 0.0734375 0.0375
0 0.05078125 0.853125 0.05703125 0.06484375
4 0.05703125 0.16171875 0.053125 0.0421875
0 0.55859375 0.5859375 0.06953125 0.05859375
4 0.31875 0.21328125 0.09375 0.034375
0 0.55703125 0.30390625 0.0734375 0.06484375
0 0.059375 0.5875 0.07265625 0.059375
0 0.3015625 0.334375 0.0625 0.06171875
0 0.115625 0.03984375 0.0671875 0.0734375
0 0.05078125 0.03828125 0.0625 0.075
0 0.05703125 0.30546875 0.06640625 0.06328125
4 0.09140625 0.2203125 0.12734375 0.03125
4 0.1234375 0.25234375 0.19296875 0.03515625
4 0.34921875 0.25078125 0.1484375 0.02734375
4 0.31953125 0.2765625 0.08828125 0.02421875
4 0.6171875 0.22109375 0.18984375 0.02734375
4 0.57265625 0.2484375 0.10859375 0.0328125
4 0.83203125 0.2203125 0.13046875 0.0296875
4 0.8546875 0.246875 0.17421875 0.02734375
2 0.746875 0.53671875 0.47890625 0.23984375
2 0.503125 0.80390625 0.984375 0.23984375