2 0.37421875 0.2359375 0.2390625 0.27109375
2 0.6234375 0.24921875 0.2484375 0.29921875
2 0.13046875 0.2296875 0.24140625 0.290625
2 0.75234375 0.53984375 0.49453125 0.2359375
2 0.86875 0.221875 0.23828125 0.26015625
4 0.19921875 0.1625 0.06015625 0.03515625
4 0.94296875 0.4796875 0.05546875 0.0375
4 0.4484375 0.1609375 0.0578125 0.03828125
0 0.20703125 0.3046875 0.05390625 0.0578125
4 0.3125 0.53125 0.328125 0.05234375
4 0.8203125 0.79921875 0.31328125 0.03515625
4 0.44453125 0.4765625 0.059375 0.0359375
4 0.69375 0.1625 0.0671875 0.0375
4 0.4984375 0.98125 0.1265625 0.03671875
4 0.82109375 0.53984375 0.31015625 0.05
4 0.9375 0.74375 0.0734375 0.0375
0 0.94921875 0.853125 0.05703125 0.06484375
4 0.94296875 0.16171875 0.053125 0.0421875
0 0.44140625 0.5859375 0.06953125 0.05859375
4 0.68125 0.21328125 0.09375 0.034375
0 0.44296875 0.30390625 0.0734375 0.06484375
0 0.940625 0.5875 0.07265625 0.059375
0 0.6984375 0.334375 0.0625 0.06171875
0 0.884375 0.03984375 0.0671875 0.0734375
0 0.94921875 0.03828125 0.0625 0.075
0 0.94296875 0.30546875 0.06640625 0.06328125
4 0.90859375 0.2203125 0.12734375 0.03125
4 0.8765625 0.25234375 0.19296875 0.03515625
4 0.65078125 0.25078125 0.1484375 0.02734375
4 0.68046875 0.2765625 0.08828125 0.02421875
4 0.3828125 0.22109375 0.18984375 0.02734375
4 0.42734375 0.2484375 0.10859375 0.0328125
4 0.16796875 0.2203125 0.13046875 0.0296875
4 0.1453125 0.246875 0.17421875 0.02734375
2 0.253125 0.53671875 0.47890625 0.23984375
2 0.496875 0.80390625 0.984375 0.23984375