2 0.61953125 0.49609375 0.23828125 0.2640625
4 0.8234375 0.2171875 0.309375 0.03515625
4 0.44921875 0.709375 0.0640625 0.03671875
2 0.24609375 0.77265625 0.4921875 0.24609375
4 0.18828125 0.5109375 0.0859375 0.03515625
2 0.86953125 0.4953125 0.2328125 0.25546875
4 0.8046875 0.7640625 0.33984375 0.0453125
4 0.19453125 0.4203125 0.0734375 0.03984375
2 0.49765625 0.215625 0.98984375 0.2421875
4 0.4515625 0.4265625 0.05390625 0.03828125
4 0.33515625 0.76796875 0.2859375 0.0390625
4 0.94296875 0.71015625 0.05390625 0.03515625
4 0.94140625 0.42421875 0.05703125 0.03671875
0 0.2 0.5671875 0.06796875 0.05859375
4 0.69921875 0.42578125 0.053125 0.03125
4 0.946875 0.165625 0.04765625 0.03828125
0 0.44921875 0.5671875 0.0671875 0.06484375
4 0.4984375 0.95546875 0.13515625 0.05703125
0 0.940625 0.56484375 0.07109375 0.0625
0 0.9390625 0.271875 0.07265625 0.06484375
0 0.69296875 0.56484375 0.06640625 0.06015625
0 0.73046875 0.0421875 0.071875 0.0796875
0 0.94296875 0.03828125 0.075 0.07109375
0 0.65234375 0.040625 0.07734375 0.0796875
0 0.8078125 0.040625 0.0734375 0.07578125
0 0.940625 0.8203125 0.07109375 0.0625
0 0.87421875 0.0390625 0.0578125 0.07578125
0 0.4453125 0.8203125 0.071875 0.0625
4 0.8859375 0.4796875 0.1765625 0.034375
4 0.909375 0.5125 0.1296875 0.02890625
4 0.6765625 0.47890625 0.09609375 0.02890625
4 0.38046875 0.48046875 0.19921875 0.0296875
4 0.42265625 0.51015625 0.1140625 0.0328125
4 0.134375 0.48125 0.19921875 0.03359375
4 0.6265625 0.5109375 0.1953125 0.03125
2 0.37734375 0.4953125 0.2359375 0.26484375
2 0.13125 0.49140625 0.23828125 0.2578125
2 0.74609375 0.7703125 0.478125 0.23828125