2 0.38125 0.746875 0.240625 0.26171875
2 0.87265625 0.7515625 0.24765625 0.28046875
2 0.25234375 0.47734375 0.490625 0.23671875
4 0.29921875 0.68515625 0.0484375 0.0359375
4 0.55390625 0.41796875 0.05703125 0.03984375
4 0.54765625 0.68828125 0.04921875 0.03828125
0 0.54765625 0.53046875 0.053125 0.06015625
4 0.79921875 0.68046875 0.059375 0.040625
0 0.7953125 0.825 0.05390625 0.05625
4 0.6765625 0.47734375 0.3046875 0.040625
4 0.0546875 0.41953125 0.0484375 0.03671875
4 0.17890625 0.2140625 0.3140625 0.065625
0 0.55 0.82421875 0.0546875 0.065625
4 0.05703125 0.6859375 0.053125 0.04453125
4 0.17421875 0.47109375 0.315625 0.06328125
4 0.05859375 0.165625 0.06171875 0.03828125
0 0.05234375 0.82578125 0.0609375 0.06328125
4 0.5015625 0.95546875 0.13515625 0.05859375
0 0.06328125 0.27109375 0.07109375 0.0640625
0 0.30703125 0.82578125 0.07109375 0.0625
0 0.1328125 0.0390625 0.0796875 0.0765625
0 0.0609375 0.52734375 0.071875 0.0625
0 0.0546875 0.0375 0.07265625 0.07109375
2 0.4984375 0.2234375 0.98125 0.2453125
2 0.7484375 0.48125 0.47421875 0.23828125
2 0.13046875 0.75234375 0.2390625 0.26875
4 0.128125 0.7453125 0.1953125 0.03515625
4 0.084375 0.775 0.12265625 0.028125
4 0.34921875 0.73984375 0.1515625 0.02890625
4 0.35859375 0.77109375 0.1765625 0.0359375
4 0.60859375 0.740625 0.17265625 0.03125
4 0.58984375 0.771875 0.1390625 0.040625
4 0.8296875 0.73828125 0.1234375 0.03515625
4 0.86328125 0.77265625 0.1953125 0.03359375
4 0.62421875 0.75 0.2359375 0.2609375