2 0.8390625 0.134375 0.28203125 0.18046875
4 0.140625 0.58125 0.209375 0.05
4 0.78203125 0.46953125 0.10625 0.0484375
0 0.0328125 0.01640625 0.05859375 0.0203125
0 0.03125 0.0421875 0.05859375 0.028125
4 0.0921875 0.42890625 0.11640625 0.0421875
0 0.09453125 0.9484375 0.11640625 0.05
4 0.109375 0.7046875 0.15078125 0.0484375
7 0.3359375 0.5875 0.16484375 0.05
7 0.2859375 0.42890625 0.26171875 0.05390625
4 0.83828125 0.084375 0.23125 0.03203125
4 0.828125 0.134375 0.1875 0.03984375
4 0.80703125 0.18359375 0.1046875 0.05
2 0.1375 0.13671875 0.271875 0.1484375
4 0.1046875 0.15390625 0.12890625 0.07421875
7 0.20546875 0.83359375 0.35 0.1609375
2 0.21796875 0.6828125 0.4328125 0.634375
3 0.7890625 0.56640625 0.378125 0.39375
4 0.7734375 0.41171875 0.175 0.05625
2 0.77734375 0.89140625 0.38828125 0.1890625
4 0.7859375 0.8421875 0.27578125 0.05
4 0.75234375 0.89765625 0.32578125 0.0484375
4 0.76328125 0.946875 0.146875 0.0421875