2 0.62421875 0.75625 0.23828125 0.27265625
2 0.1296875 0.75546875 0.2390625 0.2703125
2 0.75078125 0.47734375 0.4890625 0.24375
2 0.8703125 0.7546875 0.234375 0.26484375
4 0.2109375 0.68515625 0.0390625 0.03359375
4 0.4578125 0.684375 0.04375 0.03515625
4 0.7 0.68359375 0.04921875 0.03828125
4 0.32578125 0.475 0.296875 0.03828125
4 0.43828125 0.41796875 0.07421875 0.03984375
0 0.6984375 0.8265625 0.05859375 0.06484375
4 0.8171875 0.21328125 0.315625 0.0359375
4 0.93984375 0.421875 0.06015625 0.034375
0 0.9390625 0.82578125 0.0765625 0.0609375
4 0.9421875 0.16171875 0.06328125 0.0390625
4 0.94609375 0.68359375 0.05390625 0.0421875
4 0.49921875 0.96015625 0.12421875 0.0359375
4 0.82265625 0.47734375 0.315625 0.0328125
0 0.1984375 0.825 0.07109375 0.06328125
0 0.93828125 0.27578125 0.07109375 0.05546875
0 0.44296875 0.8234375 0.0765625 0.06171875
0 0.72734375 0.03984375 0.08203125 0.07890625
0 0.44296875 0.52734375 0.0703125 0.0609375
0 0.93984375 0.528125 0.07265625 0.0609375
0 0.94921875 0.03828125 0.06171875 0.07265625
0 0.80859375 0.0421875 0.071875 0.07421875
0 0.88203125 0.0421875 0.0671875 0.07265625
4 0.8859375 0.73984375 0.16875 0.03125
4 0.90390625 0.771875 0.13515625 0.025
4 0.63046875 0.7390625 0.184375 0.034375
4 0.659375 0.76875 0.12578125 0.02890625
4 0.3921875 0.7359375 0.17265625 0.03125
4 0.415625 0.76796875 0.1296875 0.03046875
4 0.1453125 0.7375 0.1734375 0.034375
4 0.16015625 0.76640625 0.13828125 0.03046875
2 0.5 0.22109375 0.9890625 0.2375
2 0.2515625 0.4765625 0.48203125 0.2453125
2 0.3765625 0.75625 0.23671875 0.26875