2 0.13046875 0.7515625 0.23828125 0.278125
2 0.87109375 0.76015625 0.23828125 0.26796875
2 0.75234375 0.21796875 0.48515625 0.23828125
4 0.45078125 0.68203125 0.059375 0.03984375
4 0.440625 0.1578125 0.06640625 0.03984375
4 0.2046875 0.68671875 0.0515625 0.04296875
4 0.815625 0.2140625 0.3171875 0.02578125
4 0.69296875 0.6828125 0.065625 0.03515625
4 0.9421875 0.42578125 0.053125 0.03359375
0 0.453125 0.82578125 0.05625 0.0640625
0 0.20078125 0.825 0.059375 0.059375
4 0.94296875 0.159375 0.05390625 0.0359375
0 0.93984375 0.53359375 0.06171875 0.05859375
0 0.45 0.2703125 0.04921875 0.05859375
4 0.81484375 0.47265625 0.31328125 0.03125
4 0.93984375 0.68125 0.0625 0.03984375
4 0.50078125 0.96015625 0.1234375 0.03515625
0 0.87734375 0.03984375 0.071875 0.07578125
0 0.9484375 0.03984375 0.06484375 0.0734375
0 0.94453125 0.82265625 0.05625 0.06328125
0 0.69453125 0.825 0.06875 0.06171875
0 0.94609375 0.26796875 0.05234375 0.0546875
0 0.7953125 0.040625 0.07890625 0.07421875
4 0.32265625 0.21484375 0.30390625 0.02734375
2 0.25 0.21796875 0.484375 0.23828125
2 0.5015625 0.48203125 0.97890625 0.2375
4 0.8796875 0.740625 0.18203125 0.03203125
4 0.915625 0.7671875 0.11171875 0.021875
2 0.62265625 0.753125 0.23515625 0.2625
4 0.63046875 0.7390625 0.1875 0.0171875
4 0.6625 0.76953125 0.121875 0.02265625
2 0.3796875 0.75390625 0.23203125 0.2671875
4 0.3859375 0.740625 0.18359375 0.025
4 0.41953125 0.7734375 0.1109375 0.028125
4 0.13203125 0.7375 0.19921875 0.034375
4 0.18125 0.7703125 0.09140625 0.02265625