2 0.86953125 0.7515625 0.23828125 0.278125
2 0.12890625 0.76015625 0.23828125 0.26796875
2 0.24765625 0.21796875 0.48515625 0.23828125
4 0.54921875 0.68203125 0.059375 0.03984375
4 0.559375 0.1578125 0.06640625 0.03984375
4 0.7953125 0.68671875 0.0515625 0.04296875
4 0.184375 0.2140625 0.3171875 0.02578125
4 0.30703125 0.6828125 0.065625 0.03515625
4 0.0578125 0.42578125 0.053125 0.03359375
0 0.546875 0.82578125 0.05625 0.0640625
0 0.79921875 0.825 0.059375 0.059375
4 0.05703125 0.159375 0.05390625 0.0359375
0 0.06015625 0.53359375 0.06171875 0.05859375
0 0.55 0.2703125 0.04921875 0.05859375
4 0.18515625 0.47265625 0.31328125 0.03125
4 0.06015625 0.68125 0.0625 0.03984375
4 0.49921875 0.96015625 0.1234375 0.03515625
0 0.12265625 0.03984375 0.071875 0.07578125
0 0.0515625 0.03984375 0.06484375 0.0734375
0 0.05546875 0.82265625 0.05625 0.06328125
0 0.30546875 0.825 0.06875 0.06171875
0 0.05390625 0.26796875 0.05234375 0.0546875
0 0.2046875 0.040625 0.07890625 0.07421875
4 0.67734375 0.21484375 0.30390625 0.02734375
2 0.75 0.21796875 0.484375 0.23828125
2 0.4984375 0.48203125 0.97890625 0.2375
4 0.1203125 0.740625 0.18203125 0.03203125
4 0.084375 0.7671875 0.11171875 0.021875
2 0.37734375 0.753125 0.23515625 0.2625
4 0.36953125 0.7390625 0.1875 0.0171875
4 0.3375 0.76953125 0.121875 0.02265625
2 0.6203125 0.75390625 0.23203125 0.2671875
4 0.6140625 0.740625 0.18359375 0.025
4 0.58046875 0.7734375 0.1109375 0.028125
4 0.86796875 0.7375 0.19921875 0.034375
4 0.81875 0.7703125 0.09140625 0.02265625