2 0.8703125 0.50703125 0.23984375 0.2984375
4 0.44453125 0.740625 0.06015625 0.03515625
2 0.25234375 0.803125 0.4828125 0.2453125
4 0.42265625 0.50859375 0.1078125 0.03359375
2 0.74921875 0.8 0.48671875 0.25
2 0.13046875 0.496875 0.23828125 0.27421875
4 0.8203125 0.79765625 0.30703125 0.03515625
4 0.69375 0.4234375 0.06484375 0.040625
4 0.45234375 0.42421875 0.059375 0.034375
0 0.94609375 0.27421875 0.046875 0.059375
4 0.825 0.21484375 0.2984375 0.03203125
0 0.1984375 0.5671875 0.0625 0.0609375
4 0.33359375 0.7953125 0.2828125 0.04296875
4 0.5 0.98671875 0.1265625 0.0265625
4 0.203125 0.425 0.0515625 0.0453125
4 0.946875 0.16328125 0.05 0.03671875
4 0.94765625 0.425 0.0484375 0.0359375
0 0.9390625 0.85 0.071875 0.05703125
0 0.4390625 0.85 0.0671875 0.05703125
0 0.69296875 0.56484375 0.0671875 0.0609375
0 0.44609375 0.56640625 0.0703125 0.06328125
0 0.94453125 0.0390625 0.07421875 0.07265625
0 0.86796875 0.03984375 0.07578125 0.0734375
0 0.94765625 0.59453125 0.05703125 0.0609375
2 0.49921875 0.2203125 0.9828125 0.2390625
4 0.96015625 0.48203125 0.0234375 0.02265625
4 0.871875 0.5109375 0.1953125 0.02421875
4 0.93359375 0.53984375 0.08515625 0.025
4 0.63359375 0.47734375 0.18203125 0.02578125
4 0.66015625 0.51015625 0.12734375 0.02578125
2 0.6234375 0.4953125 0.2421875 0.27265625
4 0.38046875 0.478125 0.190625 0.02734375
2 0.3765625 0.4953125 0.23671875 0.26875
4 0.16875 0.48125 0.121875 0.02421875
4 0.1390625 0.51171875 0.17890625 0.03515625
4 0.94609375 0.7484375 0.04765625 0.046875