2 0.1296875 0.50703125 0.23984375 0.2984375
4 0.55546875 0.740625 0.06015625 0.03515625
2 0.74765625 0.803125 0.4828125 0.2453125
4 0.57734375 0.50859375 0.1078125 0.03359375
2 0.25078125 0.8 0.48671875 0.25
2 0.86953125 0.496875 0.23828125 0.27421875
4 0.1796875 0.79765625 0.30703125 0.03515625
4 0.30625 0.4234375 0.06484375 0.040625
4 0.54765625 0.42421875 0.059375 0.034375
0 0.05390625 0.27421875 0.046875 0.059375
4 0.175 0.21484375 0.2984375 0.03203125
0 0.8015625 0.5671875 0.0625 0.0609375
4 0.66640625 0.7953125 0.2828125 0.04296875
4 0.5 0.98671875 0.1265625 0.0265625
4 0.796875 0.425 0.0515625 0.0453125
4 0.053125 0.16328125 0.05 0.03671875
4 0.05234375 0.425 0.0484375 0.0359375
0 0.0609375 0.85 0.071875 0.05703125
0 0.5609375 0.85 0.0671875 0.05703125
0 0.30703125 0.56484375 0.0671875 0.0609375
0 0.55390625 0.56640625 0.0703125 0.06328125
0 0.05546875 0.0390625 0.07421875 0.07265625
0 0.13203125 0.03984375 0.07578125 0.0734375
0 0.05234375 0.59453125 0.05703125 0.0609375
2 0.50078125 0.2203125 0.9828125 0.2390625
4 0.03984375 0.48203125 0.0234375 0.02265625
4 0.128125 0.5109375 0.1953125 0.02421875
4 0.06640625 0.53984375 0.08515625 0.025
4 0.36640625 0.47734375 0.18203125 0.02578125
4 0.33984375 0.51015625 0.12734375 0.02578125
2 0.3765625 0.4953125 0.2421875 0.27265625
4 0.61953125 0.478125 0.190625 0.02734375
2 0.6234375 0.4953125 0.23671875 0.26875
4 0.83125 0.48125 0.121875 0.02421875
4 0.8609375 0.51171875 0.17890625 0.03515625
4 0.05390625 0.7484375 0.04765625 0.046875