2 0.25234375 0.47890625 0.484375 0.25546875
2 0.74765625 0.4796875 0.48671875 0.2515625
2 0.25078125 0.2171875 0.48046875 0.23515625
4 0.5515625 0.1578125 0.05 0.03828125
4 0.18671875 0.21328125 0.32890625 0.03671875
4 0.68671875 0.471875 0.3296875 0.06796875
4 0.553125 0.41640625 0.053125 0.0375
4 0.1828125 0.47265625 0.31328125 0.0359375
4 0.66875 0.21484375 0.2953125 0.03046875
4 0.05625 0.159375 0.05078125 0.0375
4 0.05703125 0.4203125 0.05078125 0.04453125
4 0.49921875 0.66640625 0.12890625 0.03828125
0 0.55703125 0.26640625 0.06953125 0.0578125
0 0.190625 0.03984375 0.07578125 0.07578125
0 0.27578125 0.03828125 0.0765625 0.075
0 0.115625 0.03984375 0.065625 0.0734375
0 0.05078125 0.0390625 0.06328125 0.071875
0 0.55703125 0.525 0.07109375 0.0640625
0 0.05703125 0.26796875 0.065625 0.059375
0 0.05546875 0.52734375 0.06640625 0.06484375
2 0.74921875 0.21875 0.48515625 0.24375