2 0.74765625 0.47890625 0.484375 0.25546875
2 0.25234375 0.4796875 0.48671875 0.2515625
2 0.74921875 0.2171875 0.48046875 0.23515625
4 0.4484375 0.1578125 0.05 0.03828125
4 0.81328125 0.21328125 0.32890625 0.03671875
4 0.31328125 0.471875 0.3296875 0.06796875
4 0.446875 0.41640625 0.053125 0.0375
4 0.8171875 0.47265625 0.31328125 0.0359375
4 0.33125 0.21484375 0.2953125 0.03046875
4 0.94375 0.159375 0.05078125 0.0375
4 0.94296875 0.4203125 0.05078125 0.04453125
4 0.50078125 0.66640625 0.12890625 0.03828125
0 0.44296875 0.26640625 0.06953125 0.0578125
0 0.809375 0.03984375 0.07578125 0.07578125
0 0.72421875 0.03828125 0.0765625 0.075
0 0.884375 0.03984375 0.065625 0.0734375
0 0.94921875 0.0390625 0.06328125 0.071875
0 0.44296875 0.525 0.07109375 0.0640625
0 0.94296875 0.26796875 0.065625 0.059375
0 0.94453125 0.52734375 0.06640625 0.06484375
2 0.25078125 0.21875 0.48515625 0.24375