2 0.37734375 0.7546875 0.23828125 0.26953125
2 0.7484375 0.4796875 0.48671875 0.23671875
4 0.2015625 0.68125 0.06171875 0.03828125
4 0.94609375 0.4203125 0.05390625 0.0375
4 0.45 0.68828125 0.05859375 0.03984375
4 0.440625 0.4171875 0.06484375 0.0390625
4 0.825 0.21953125 0.30078125 0.03046875
4 0.94453125 0.68515625 0.05 0.03125
4 0.33203125 0.475 0.28046875 0.03828125
0 0.19921875 0.8234375 0.07109375 0.0609375
4 0.81484375 0.47578125 0.31640625 0.0328125
4 0.94609375 0.165625 0.05625 0.04140625
4 0.50078125 0.9578125 0.1296875 0.03203125
0 0.44375 0.52890625 0.06953125 0.0609375
0 0.946875 0.82578125 0.05546875 0.06640625
0 0.93828125 0.2734375 0.0671875 0.0625
0 0.94375 0.03984375 0.075 0.07109375
0 0.9421875 0.52890625 0.06953125 0.0609375
0 0.69375 0.82421875 0.0671875 0.06171875
0 0.44453125 0.8234375 0.07109375 0.0640625
0 0.87109375 0.03984375 0.0671875 0.075
2 0.50078125 0.22421875 0.98203125 0.2390625
2 0.25234375 0.48203125 0.48125 0.2421875
4 0.875 0.74140625 0.19296875 0.02890625
4 0.91640625 0.76875 0.109375 0.02578125
2 0.871875 0.75390625 0.24453125 0.26796875
4 0.7015625 0.68984375 0.04453125 0.04140625
4 0.6453125 0.73671875 0.15546875 0.02734375
4 0.646875 0.7671875 0.153125 0.021875
2 0.62265625 0.75546875 0.234375 0.27265625
4 0.4 0.74140625 0.15859375 0.025
4 0.4 0.76953125 0.15234375 0.0296875
4 0.134375 0.740625 0.19453125 0.03203125
4 0.18203125 0.76953125 0.09765625 0.025
2 0.128125 0.753125 0.2359375 0.2671875