2 0.62265625 0.7546875 0.23828125 0.26953125
2 0.2515625 0.4796875 0.48671875 0.23671875
4 0.7984375 0.68125 0.06171875 0.03828125
4 0.05390625 0.4203125 0.05390625 0.0375
4 0.55 0.68828125 0.05859375 0.03984375
4 0.559375 0.4171875 0.06484375 0.0390625
4 0.175 0.21953125 0.30078125 0.03046875
4 0.05546875 0.68515625 0.05 0.03125
4 0.66796875 0.475 0.28046875 0.03828125
0 0.80078125 0.8234375 0.07109375 0.0609375
4 0.18515625 0.47578125 0.31640625 0.0328125
4 0.05390625 0.165625 0.05625 0.04140625
4 0.49921875 0.9578125 0.1296875 0.03203125
0 0.55625 0.52890625 0.06953125 0.0609375
0 0.053125 0.82578125 0.05546875 0.06640625
0 0.06171875 0.2734375 0.0671875 0.0625
0 0.05625 0.03984375 0.075 0.07109375
0 0.0578125 0.52890625 0.06953125 0.0609375
0 0.30625 0.82421875 0.0671875 0.06171875
0 0.55546875 0.8234375 0.07109375 0.0640625
0 0.12890625 0.03984375 0.0671875 0.075
2 0.49921875 0.22421875 0.98203125 0.2390625
2 0.74765625 0.48203125 0.48125 0.2421875
4 0.125 0.74140625 0.19296875 0.02890625
4 0.08359375 0.76875 0.109375 0.02578125
2 0.128125 0.75390625 0.24453125 0.26796875
4 0.2984375 0.68984375 0.04453125 0.04140625
4 0.3546875 0.73671875 0.15546875 0.02734375
4 0.353125 0.7671875 0.153125 0.021875
2 0.37734375 0.75546875 0.234375 0.27265625
4 0.6 0.74140625 0.15859375 0.025
4 0.6 0.76953125 0.15234375 0.0296875
4 0.865625 0.740625 0.19453125 0.03203125
4 0.81796875 0.76953125 0.09765625 0.025
2 0.871875 0.753125 0.2359375 0.2671875