0 0.30703125 0.8234375 0.065625 0.0640625
2 0.25234375 0.4796875 0.48359375 0.23984375
2 0.86953125 0.7671875 0.2453125 0.3046875
2 0.12890625 0.75078125 0.246875 0.284375
4 0.0890625 0.7671875 0.12890625 0.03125
4 0.3046875 0.68359375 0.06484375 0.03828125
4 0.8078125 0.734375 0.07421875 0.03203125
4 0.5640625 0.7703125 0.08515625 0.0375
4 0.55546875 0.41875 0.05859375 0.0421875
4 0.67421875 0.47421875 0.309375 0.03359375
4 0.55 0.68125 0.05546875 0.03828125
4 0.18984375 0.475 0.33046875 0.028125
4 0.0546875 0.684375 0.0578125 0.034375
0 0.04765625 0.53046875 0.05625 0.0640625
4 0.50234375 0.98671875 0.1234375 0.0265625
4 0.0578125 0.421875 0.0546875 0.0375
4 0.1671875 0.2171875 0.28984375 0.03984375
4 0.05859375 0.16328125 0.059375 0.0328125
4 0.79609375 0.6859375 0.05390625 0.03984375
0 0.06015625 0.825 0.0734375 0.0609375
0 0.7984375 0.8515625 0.0609375 0.06015625
0 0.5546875 0.82421875 0.071875 0.0609375
0 0.5546875 0.52890625 0.06171875 0.0640625
0 0.05703125 0.271875 0.0640625 0.0625
0 0.05546875 0.03984375 0.075 0.06875
0 0.13359375 0.0390625 0.07421875 0.0765625
0 0.20546875 0.0390625 0.065625 0.0765625
4 0.1140625 0.7390625 0.17421875 0.028125
4 0.35625 0.7375 0.1578125 0.0359375
4 0.34453125 0.76796875 0.140625 0.02265625
4 0.621875 0.73671875 0.1984375 0.0375
4 0.85703125 0.76953125 0.1765625 0.025
4 0.78203125 0.79921875 0.021875 0.02421875
2 0.5 0.2234375 0.984375 0.2375
2 0.7484375 0.4765625 0.48125 0.2421875
2 0.378125 0.75546875 0.2375 0.27265625
2 0.62421875 0.75234375 0.23828125 0.27109375