0 0.69296875 0.8234375 0.065625 0.0640625
2 0.74765625 0.4796875 0.48359375 0.23984375
2 0.13046875 0.7671875 0.2453125 0.3046875
2 0.87109375 0.75078125 0.246875 0.284375
4 0.9109375 0.7671875 0.12890625 0.03125
4 0.6953125 0.68359375 0.06484375 0.03828125
4 0.1921875 0.734375 0.07421875 0.03203125
4 0.4359375 0.7703125 0.08515625 0.0375
4 0.44453125 0.41875 0.05859375 0.0421875
4 0.32578125 0.47421875 0.309375 0.03359375
4 0.45 0.68125 0.05546875 0.03828125
4 0.81015625 0.475 0.33046875 0.028125
4 0.9453125 0.684375 0.0578125 0.034375
0 0.95234375 0.53046875 0.05625 0.0640625
4 0.49765625 0.98671875 0.1234375 0.0265625
4 0.9421875 0.421875 0.0546875 0.0375
4 0.8328125 0.2171875 0.28984375 0.03984375
4 0.94140625 0.16328125 0.059375 0.0328125
4 0.20390625 0.6859375 0.05390625 0.03984375
0 0.93984375 0.825 0.0734375 0.0609375
0 0.2015625 0.8515625 0.0609375 0.06015625
0 0.4453125 0.82421875 0.071875 0.0609375
0 0.4453125 0.52890625 0.06171875 0.0640625
0 0.94296875 0.271875 0.0640625 0.0625
0 0.94453125 0.03984375 0.075 0.06875
0 0.86640625 0.0390625 0.07421875 0.0765625
0 0.79453125 0.0390625 0.065625 0.0765625
4 0.8859375 0.7390625 0.17421875 0.028125
4 0.64375 0.7375 0.1578125 0.0359375
4 0.65546875 0.76796875 0.140625 0.02265625
4 0.378125 0.73671875 0.1984375 0.0375
4 0.14296875 0.76953125 0.1765625 0.025
4 0.21796875 0.79921875 0.021875 0.02421875
2 0.5 0.2234375 0.984375 0.2375
2 0.2515625 0.4765625 0.48125 0.2421875
2 0.621875 0.75546875 0.2375 0.27265625
2 0.37578125 0.75234375 0.23828125 0.27109375