2 0.25234375 0.22109375 0.48515625 0.2453125
0 0.88515625 0.03984375 0.0671875 0.07734375
4 0.8921875 0.4796875 0.15234375 0.03125
4 0.20390625 0.41796875 0.04921875 0.0421875
2 0.74765625 0.21484375 0.48359375 0.2546875
4 0.821875 0.765625 0.31171875 0.03671875
4 0.44453125 0.16015625 0.065625 0.03984375
4 0.45546875 0.41796875 0.0484375 0.0390625
2 0.8703125 0.4953125 0.24296875 0.26875
4 0.31640625 0.2171875 0.3203125 0.03515625
4 0.9453125 0.1578125 0.05078125 0.040625
4 0.9390625 0.7140625 0.06171875 0.0359375
0 0.69921875 0.56640625 0.05 0.06328125
0 0.446875 0.56171875 0.0734375 0.05859375
4 0.94921875 0.42421875 0.04453125 0.03671875
4 0.821875 0.2125 0.30703125 0.0265625
0 0.20625 0.56484375 0.05546875 0.0546875
0 0.9484375 0.03828125 0.05859375 0.075
0 0.9484375 0.5671875 0.059375 0.05859375
0 0.4421875 0.26640625 0.0703125 0.059375
4 0.49765625 0.96171875 0.12421875 0.03515625
0 0.8859375 0.03984375 0.065625 0.071875
0 0.93828125 0.8234375 0.06640625 0.06484375
0 0.93984375 0.26875 0.065625 0.0578125
4 0.896875 0.509375 0.14609375 0.03203125
4 0.6953125 0.42734375 0.05078125 0.0390625
4 0.6171875 0.47734375 0.21171875 0.0234375
4 0.71328125 0.50546875 0.02734375 0.0171875
4 0.38046875 0.478125 0.19140625 0.0328125
4 0.4296875 0.51015625 0.09765625 0.0296875
4 0.134375 0.47578125 0.19453125 0.02578125
4 0.17109375 0.50859375 0.121875 0.0296875
2 0.6234375 0.49375 0.23828125 0.271875
2 0.3765625 0.49375 0.23984375 0.271875
2 0.12890625 0.49453125 0.2421875 0.27265625
2 0.49921875 0.7734375 0.9796875 0.2484375