4 0.1015625 0.140625 0.165625 0.1734375
4 0.2734375 0.41796875 0.53203125 0.1859375
4 0.12578125 0.7515625 0.10859375 0.1453125
4 0.328125 0.73984375 0.1328125 0.1484375
4 0.54140625 0.68671875 0.109375 0.1671875
4 0.740625 0.6421875 0.128125 0.1734375
4 0.93671875 0.615625 0.10859375 0.1703125
1 0.84609375 0.6265625 0.0375 0.1796875
1 0.63984375 0.67421875 0.03671875 0.1484375
1 0.446875 0.72109375 0.04296875 0.1609375
1 0.2296875 0.7609375 0.03984375 0.1578125
1 0.0390625 0.7546875 0.034375 0.1578125
7 0.30546875 0.13125 0.1921875 0.1671875