2 0.86875 0.49609375 0.2453125 0.271875
4 0.5515625 0.159375 0.0453125 0.03359375
2 0.12734375 0.490625 0.2390625 0.27265625
2 0.25234375 0.2171875 0.484375 0.2453125
4 0.18046875 0.765625 0.30546875 0.046875
4 0.30625 0.42109375 0.065625 0.03984375
4 0.6765625 0.215625 0.30234375 0.03984375
4 0.0625 0.71328125 0.065625 0.03671875
4 0.79921875 0.4234375 0.06171875 0.04453125
4 0.55546875 0.42265625 0.071875 0.040625
4 0.0578125 0.4234375 0.0578125 0.03515625
4 0.1703125 0.2171875 0.2859375 0.0328125
0 0.05078125 0.565625 0.0578125 0.059375
4 0.0546875 0.15703125 0.0484375 0.03671875
0 0.3 0.56328125 0.06171875 0.06328125
0 0.553125 0.5625 0.07109375 0.0671875
0 0.8 0.5640625 0.07109375 0.0625
0 0.0609375 0.8234375 0.07265625 0.065625
0 0.05703125 0.03984375 0.078125 0.07421875
4 0.4984375 0.95625 0.1296875 0.03125
0 0.553125 0.26796875 0.0640625 0.06484375
0 0.14140625 0.0390625 0.0796875 0.075
0 0.0609375 0.26640625 0.07109375 0.0625
4 0.1078125 0.47890625 0.15859375 0.02890625
4 0.1 0.51484375 0.14296875 0.03046875
4 0.365625 0.47890625 0.1828125 0.03125
4 0.33984375 0.509375 0.134375 0.025
4 0.6125 0.48125 0.17734375 0.03359375
4 0.58984375 0.51015625 0.12890625 0.01875
4 0.84453125 0.4796875 0.15703125 0.0265625
4 0.84296875 0.50859375 0.1546875 0.02578125
2 0.37578125 0.490625 0.24140625 0.27734375
2 0.62265625 0.49296875 0.23515625 0.27421875
2 0.75078125 0.21796875 0.48359375 0.2515625
2 0.50078125 0.77109375 0.98203125 0.24609375