2 0.8703125 0.2359375 0.234375 0.2703125
2 0.61953125 0.23125 0.23359375 0.265625
2 0.1296875 0.23671875 0.23671875 0.26875
2 0.37578125 0.2328125 0.2265625 0.2703125
4 0.2 0.16328125 0.06953125 0.0375
0 0.45859375 0.30703125 0.04765625 0.06171875
0 0.20078125 0.3078125 0.0609375 0.0671875
0 0.95078125 0.30703125 0.05703125 0.06484375
4 0.6921875 0.165625 0.06484375 0.0328125
4 0.93984375 0.16328125 0.06015625 0.03671875
4 0.4984375 0.434375 0.12578125 0.03671875
0 0.809375 0.03984375 0.0609375 0.0703125
0 0.94453125 0.03828125 0.07421875 0.07265625
0 0.69296875 0.3046875 0.07109375 0.0640625
0 0.8734375 0.03828125 0.06171875 0.0734375
4 0.8828125 0.21640625 0.1765625 0.02890625
4 0.89609375 0.24609375 0.15078125 0.02578125
4 0.63828125 0.21875 0.17890625 0.02890625
4 0.65546875 0.25 0.134375 0.02890625
4 0.45390625 0.1734375 0.0453125 0.04765625
4 0.41171875 0.215625 0.125 0.02734375
4 0.378125 0.2484375 0.1984375 0.0296875
4 0.1765625 0.21953125 0.11171875 0.0375
4 0.13359375 0.25390625 0.19140625 0.028125