2 0.25078125 0.77265625 0.48359375 0.23984375
2 0.8703125 0.4953125 0.23671875 0.265625
4 0.82578125 0.76640625 0.30390625 0.03828125
4 0.6984375 0.4296875 0.04609375 0.03828125
2 0.753125 0.76875 0.490625 0.246875
4 0.94140625 0.71015625 0.06171875 0.03671875
4 0.20078125 0.4234375 0.0578125 0.03984375
4 0.4515625 0.4234375 0.05703125 0.03828125
4 0.31640625 0.76484375 0.315625 0.0453125
0 0.70078125 0.5671875 0.05546875 0.059375
4 0.82265625 0.21171875 0.30390625 0.0390625
4 0.95 0.1640625 0.04609375 0.0328125
0 0.88125 0.040625 0.05390625 0.07421875
0 0.1984375 0.56484375 0.0703125 0.0625
4 0.9359375 0.42265625 0.065625 0.03828125
4 0.49765625 0.95546875 0.13515625 0.05703125
0 0.446875 0.565625 0.071875 0.06640625
0 0.93515625 0.271875 0.07890625 0.065625
0 0.9421875 0.565625 0.06875 0.0625
0 0.4484375 0.8203125 0.0671875 0.06328125
0 0.94609375 0.0390625 0.06953125 0.07109375
0 0.94609375 0.82109375 0.06796875 0.06171875
4 0.8828125 0.4828125 0.18125 0.0328125
4 0.915625 0.509375 0.11171875 0.025
4 0.61796875 0.4796875 0.2140625 0.028125
4 0.67734375 0.51015625 0.090625 0.02890625
4 0.37734375 0.4796875 0.19375 0.028125
4 0.4109375 0.50859375 0.12109375 0.02578125
4 0.153125 0.48125 0.15546875 0.02421875
4 0.16484375 0.5140625 0.1296875 0.03203125
2 0.6234375 0.49765625 0.23984375 0.26875
2 0.37578125 0.49609375 0.23828125 0.27421875
2 0.1296875 0.496875 0.2375 0.27265625
2 0.4984375 0.22109375 0.98046875 0.2375