2 0.7515625 0.77421875 0.4921875 0.23515625
4 0.3265625 0.76484375 0.29765625 0.04140625
4 0.2109375 0.16328125 0.040625 0.03671875
4 0.825 0.76640625 0.30078125 0.03828125
4 0.94296875 0.71015625 0.0546875 0.03125
4 0.821875 0.50703125 0.309375 0.03984375
4 0.9453125 0.45 0.059375 0.03984375
0 0.1984375 0.30390625 0.07109375 0.05703125
4 0.44609375 0.1625 0.065625 0.03671875
0 0.45234375 0.30546875 0.05625 0.06484375
4 0.6921875 0.16484375 0.06484375 0.03203125
4 0.9390625 0.16328125 0.059375 0.03515625
0 0.8640625 0.0390625 0.071875 0.0765625
4 0.5015625 0.9609375 0.12734375 0.04765625
0 0.784375 0.0390625 0.07265625 0.0734375
0 0.690625 0.303125 0.0703125 0.05703125
0 0.94140625 0.3046875 0.06875 0.06171875
0 0.94375 0.03984375 0.07578125 0.0703125
0 0.7109375 0.040625 0.0671875 0.07109375
0 0.9390625 0.8203125 0.0703125 0.0625
0 0.4453125 0.8203125 0.0703125 0.06484375
0 0.94375 0.5640625 0.06953125 0.06171875
4 0.8765625 0.21875 0.190625 0.03359375
4 0.9140625 0.24765625 0.11796875 0.02109375
4 0.625 0.21953125 0.20078125 0.03125
4 0.6734375 0.2453125 0.103125 0.025
4 0.4109375 0.21796875 0.134375 0.02734375
4 0.39140625 0.25078125 0.1734375 0.03046875
4 0.128125 0.21796875 0.1984375 0.034375
4 0.1671875 0.25078125 0.128125 0.0328125
2 0.24921875 0.7671875 0.48203125 0.25078125
2 0.5 0.51171875 0.9796875 0.24296875
2 0.8703125 0.2328125 0.23984375 0.27109375
2 0.6234375 0.2328125 0.23671875 0.27109375
2 0.37578125 0.234375 0.23828125 0.27421875
2 0.1296875 0.23359375 0.24296875 0.27265625