2 0.8703125 0.75234375 0.234375 0.2640625
2 0.75 0.478125 0.48125 0.24453125
4 0.45234375 0.678125 0.053125 0.03984375
4 0.69453125 0.68359375 0.06640625 0.034375
0 0.93828125 0.825 0.0671875 0.05859375
4 0.2 0.68125 0.0671875 0.04140625
4 0.4453125 0.4171875 0.05859375 0.0421875
4 0.3109375 0.4765625 0.33671875 0.04140625
0 0.45078125 0.825 0.0546875 0.0640625
4 0.81796875 0.215625 0.30859375 0.0328125
4 0.9421875 0.4171875 0.05859375 0.03515625
4 0.81171875 0.47578125 0.3296875 0.05703125
4 0.94140625 0.68046875 0.06171875 0.03828125
4 0.9421875 0.1609375 0.065625 0.0390625
0 0.20078125 0.825 0.0625 0.0640625
0 0.44609375 0.52890625 0.0640625 0.0609375
4 0.95234375 0.76640625 0.0375 0.025
0 0.9484375 0.528125 0.05703125 0.0578125
4 0.4984375 0.9546875 0.13515625 0.0578125
0 0.69140625 0.825 0.07109375 0.059375
0 0.93515625 0.27109375 0.07734375 0.06484375
0 0.8671875 0.04140625 0.08046875 0.0765625
0 0.946875 0.0390625 0.06796875 0.07109375
4 0.8671875 0.73984375 0.215625 0.03125
4 0.65390625 0.73984375 0.1421875 0.03125
4 0.64765625 0.771875 0.1578125 0.02734375
4 0.40546875 0.73984375 0.14296875 0.02890625
4 0.4046875 0.7734375 0.14765625 0.028125
4 0.1390625 0.74140625 0.18671875 0.0328125
4 0.17578125 0.7671875 0.11171875 0.0125
2 0.50234375 0.2234375 0.984375 0.2453125
2 0.24921875 0.4796875 0.48515625 0.25
2 0.62265625 0.753125 0.2390625 0.27265625
2 0.375 0.75703125 0.2390625 0.278125
2 0.12734375 0.7546875 0.23984375 0.28359375