4 0.8 0.1640625 0.06015625 0.03359375
4 0.546875 0.159375 0.0515625 0.0375
0 0.79765625 0.3078125 0.06015625 0.065625
4 0.303125 0.1609375 0.059375 0.0375
0 0.55390625 0.30546875 0.06875 0.065625
4 0.059375 0.16171875 0.0609375 0.0390625
4 0.49921875 0.4421875 0.13046875 0.0484375
0 0.059375 0.3046875 0.06953125 0.0625
0 0.0546875 0.0375 0.071875 0.07421875
0 0.30625 0.30546875 0.0671875 0.0609375
0 0.1296875 0.03828125 0.07421875 0.07421875
4 0.1203125 0.21875 0.184375 0.0296875
4 0.09296875 0.25 0.1328125 0.03125
4 0.365625 0.21875 0.1796875 0.03359375
4 0.34453125 0.25078125 0.14453125 0.03515625
4 0.6046875 0.21953125 0.1640625 0.02734375
4 0.60625 0.24921875 0.16953125 0.02421875
4 0.8671875 0.2171875 0.2015625 0.03515625
4 0.825 0.25078125 0.11484375 0.025
2 0.1296875 0.2328125 0.240625 0.27109375
2 0.3765625 0.234375 0.23828125 0.27734375
2 0.625 0.23671875 0.23984375 0.275
2 0.87109375 0.2328125 0.23671875 0.27578125