4 0.2 0.1640625 0.06015625 0.03359375
4 0.453125 0.159375 0.0515625 0.0375
0 0.20234375 0.3078125 0.06015625 0.065625
4 0.696875 0.1609375 0.059375 0.0375
0 0.44609375 0.30546875 0.06875 0.065625
4 0.940625 0.16171875 0.0609375 0.0390625
4 0.50078125 0.4421875 0.13046875 0.0484375
0 0.940625 0.3046875 0.06953125 0.0625
0 0.9453125 0.0375 0.071875 0.07421875
0 0.69375 0.30546875 0.0671875 0.0609375
0 0.8703125 0.03828125 0.07421875 0.07421875
4 0.8796875 0.21875 0.184375 0.0296875
4 0.90703125 0.25 0.1328125 0.03125
4 0.634375 0.21875 0.1796875 0.03359375
4 0.65546875 0.25078125 0.14453125 0.03515625
4 0.3953125 0.21953125 0.1640625 0.02734375
4 0.39375 0.24921875 0.16953125 0.02421875
4 0.1328125 0.2171875 0.2015625 0.03515625
4 0.175 0.25078125 0.11484375 0.025
2 0.8703125 0.2328125 0.240625 0.27109375
2 0.6234375 0.234375 0.23828125 0.27734375
2 0.375 0.23671875 0.23984375 0.275
2 0.12890625 0.2328125 0.23671875 0.27578125