4 0.453125 0.15546875 0.040625 0.040625
4 0.32578125 0.21796875 0.29140625 0.03125
2 0.75078125 0.2203125 0.48515625 0.24140625
4 0.8140625 0.21171875 0.3203125 0.0296875
4 0.9421875 0.16015625 0.05859375 0.034375
4 0.5015625 0.40703125 0.12734375 0.05390625
0 0.81171875 0.03984375 0.0609375 0.07421875
0 0.68515625 0.03984375 0.06328125 0.07421875
0 0.43984375 0.26796875 0.0765625 0.06640625
0 0.94453125 0.03984375 0.07421875 0.0703125
0 0.74765625 0.0390625 0.059375 0.0765625
0 0.93671875 0.2671875 0.07421875 0.06484375
0 0.8734375 0.0390625 0.06328125 0.075
2 0.25078125 0.21953125 0.4890625 0.2484375