2 0.75 0.21171875 0.4828125 0.2359375
4 0.203125 0.4203125 0.0515625 0.04140625
2 0.87421875 0.48984375 0.24765625 0.28125
4 0.896875 0.4796875 0.15234375 0.02109375
4 0.6859375 0.47578125 0.07890625 0.03046875
4 0.82265625 0.7625 0.29296875 0.05078125
4 0.4484375 0.159375 0.0484375 0.03671875
4 0.45546875 0.41953125 0.0484375 0.040625
4 0.8265625 0.2109375 0.29765625 0.040625
4 0.69609375 0.42421875 0.05078125 0.03515625
4 0.94296875 0.15859375 0.059375 0.03828125
4 0.3234375 0.2140625 0.29921875 0.04375
0 0.20078125 0.56484375 0.06953125 0.0609375
0 0.4453125 0.56328125 0.0703125 0.0609375
4 0.946875 0.421875 0.05078125 0.0359375
0 0.44296875 0.26640625 0.0703125 0.0625
4 0.4984375 0.95625 0.13671875 0.05234375
0 0.69140625 0.56328125 0.07265625 0.0609375
0 0.9453125 0.0390625 0.07265625 0.071875
0 0.94296875 0.825 0.06953125 0.06640625
0 0.9421875 0.2671875 0.0671875 0.0625
0 0.94375 0.56484375 0.0703125 0.06484375
0 0.8703125 0.03984375 0.07109375 0.07578125
0 0.7984375 0.0390625 0.065625 0.075
4 0.89921875 0.51171875 0.14765625 0.0296875
4 0.61875 0.51015625 0.215625 0.02890625
4 0.4046875 0.4765625 0.14765625 0.034375
4 0.39765625 0.51015625 0.15859375 0.02578125
4 0.14296875 0.47890625 0.178125 0.0359375
4 0.1703125 0.51015625 0.12734375 0.0296875
4 0.94921875 0.71640625 0.0515625 0.03515625
2 0.25078125 0.21875 0.48359375 0.25
2 0.62265625 0.4921875 0.23984375 0.275
2 0.37578125 0.49296875 0.240625 0.2703125
2 0.13046875 0.49453125 0.23828125 0.275
2 0.49921875 0.7734375 0.98671875 0.2484375