2 0.25 0.21171875 0.4828125 0.2359375
4 0.796875 0.4203125 0.0515625 0.04140625
2 0.12578125 0.48984375 0.24765625 0.28125
4 0.103125 0.4796875 0.15234375 0.02109375
4 0.3140625 0.47578125 0.07890625 0.03046875
4 0.17734375 0.7625 0.29296875 0.05078125
4 0.5515625 0.159375 0.0484375 0.03671875
4 0.54453125 0.41953125 0.0484375 0.040625
4 0.1734375 0.2109375 0.29765625 0.040625
4 0.30390625 0.42421875 0.05078125 0.03515625
4 0.05703125 0.15859375 0.059375 0.03828125
4 0.6765625 0.2140625 0.29921875 0.04375
0 0.79921875 0.56484375 0.06953125 0.0609375
0 0.5546875 0.56328125 0.0703125 0.0609375
4 0.053125 0.421875 0.05078125 0.0359375
0 0.55703125 0.26640625 0.0703125 0.0625
4 0.5015625 0.95625 0.13671875 0.05234375
0 0.30859375 0.56328125 0.07265625 0.0609375
0 0.0546875 0.0390625 0.07265625 0.071875
0 0.05703125 0.825 0.06953125 0.06640625
0 0.0578125 0.2671875 0.0671875 0.0625
0 0.05625 0.56484375 0.0703125 0.06484375
0 0.1296875 0.03984375 0.07109375 0.07578125
0 0.2015625 0.0390625 0.065625 0.075
4 0.10078125 0.51171875 0.14765625 0.0296875
4 0.38125 0.51015625 0.215625 0.02890625
4 0.5953125 0.4765625 0.14765625 0.034375
4 0.60234375 0.51015625 0.15859375 0.02578125
4 0.85703125 0.47890625 0.178125 0.0359375
4 0.8296875 0.51015625 0.12734375 0.0296875
4 0.05078125 0.71640625 0.0515625 0.03515625
2 0.74921875 0.21875 0.48359375 0.25
2 0.37734375 0.4921875 0.23984375 0.275
2 0.62421875 0.49296875 0.240625 0.2703125
2 0.86953125 0.49453125 0.23828125 0.275
2 0.50078125 0.7734375 0.98671875 0.2484375