2 0.37578125 0.23203125 0.23671875 0.26875
2 0.25 0.7734375 0.4796875 0.2421875
4 0.35859375 0.21875 0.1703125 0.03359375
4 0.671875 0.7640625 0.30078125 0.04375
2 0.8703125 0.23515625 0.24140625 0.275
4 0.5515625 0.16484375 0.05546875 0.0390625
4 0.17421875 0.50625 0.29609375 0.03828125
4 0.803125 0.1625 0.075 0.0390625
4 0.0625 0.709375 0.06875 0.0375
4 0.0609375 0.453125 0.06796875 0.0375
0 0.8015625 0.30546875 0.0625 0.06015625
4 0.30078125 0.16484375 0.0515625 0.03515625
4 0.04921875 0.16328125 0.0421875 0.0328125
0 0.5578125 0.81875 0.07265625 0.059375
4 0.50234375 0.95546875 0.13515625 0.05859375
0 0.12265625 0.040625 0.07578125 0.07421875
0 0.05390625 0.3078125 0.0640625 0.06328125
0 0.04921875 0.82109375 0.0625 0.06171875
0 0.0609375 0.56328125 0.07109375 0.0609375
0 0.5546875 0.3046875 0.0703125 0.0640625
0 0.04921875 0.03828125 0.0609375 0.0734375
0 0.3078125 0.3046875 0.06953125 0.06171875
4 0.12734375 0.21953125 0.20078125 0.03125
4 0.07890625 0.25 0.1015625 0.034375
4 0.35390625 0.24921875 0.1578125 0.028125
4 0.6046875 0.21953125 0.165625 0.03203125
4 0.58359375 0.2546875 0.125 0.0296875
4 0.86328125 0.2203125 0.18984375 0.0328125
4 0.82890625 0.25078125 0.1234375 0.02734375
4 0.1734375 0.77109375 0.29375 0.0359375
2 0.128125 0.23046875 0.2390625 0.27109375
2 0.6234375 0.23515625 0.23984375 0.27265625
2 0.5 0.5125 0.98125 0.2359375
2 0.74921875 0.775 0.48203125 0.2515625