2 0.62421875 0.23203125 0.23671875 0.26875
2 0.75 0.7734375 0.4796875 0.2421875
4 0.64140625 0.21875 0.1703125 0.03359375
4 0.328125 0.7640625 0.30078125 0.04375
2 0.1296875 0.23515625 0.24140625 0.275
4 0.4484375 0.16484375 0.05546875 0.0390625
4 0.82578125 0.50625 0.29609375 0.03828125
4 0.196875 0.1625 0.075 0.0390625
4 0.9375 0.709375 0.06875 0.0375
4 0.9390625 0.453125 0.06796875 0.0375
0 0.1984375 0.30546875 0.0625 0.06015625
4 0.69921875 0.16484375 0.0515625 0.03515625
4 0.95078125 0.16328125 0.0421875 0.0328125
0 0.4421875 0.81875 0.07265625 0.059375
4 0.49765625 0.95546875 0.13515625 0.05859375
0 0.87734375 0.040625 0.07578125 0.07421875
0 0.94609375 0.3078125 0.0640625 0.06328125
0 0.95078125 0.82109375 0.0625 0.06171875
0 0.9390625 0.56328125 0.07109375 0.0609375
0 0.4453125 0.3046875 0.0703125 0.0640625
0 0.95078125 0.03828125 0.0609375 0.0734375
0 0.6921875 0.3046875 0.06953125 0.06171875
4 0.87265625 0.21953125 0.20078125 0.03125
4 0.92109375 0.25 0.1015625 0.034375
4 0.64609375 0.24921875 0.1578125 0.028125
4 0.3953125 0.21953125 0.165625 0.03203125
4 0.41640625 0.2546875 0.125 0.0296875
4 0.13671875 0.2203125 0.18984375 0.0328125
4 0.17109375 0.25078125 0.1234375 0.02734375
4 0.8265625 0.77109375 0.29375 0.0359375
2 0.871875 0.23046875 0.2390625 0.27109375
2 0.3765625 0.23515625 0.23984375 0.27265625
2 0.5 0.5125 0.98125 0.2359375
2 0.25078125 0.775 0.48203125 0.2515625