4 0.3265625 0.5015625 0.29609375 0.03984375
2 0.74921875 0.51015625 0.48828125 0.24296875
4 0.20234375 0.16328125 0.0625 0.0328125
4 0.828125 0.76328125 0.29453125 0.0421875
4 0.453125 0.1609375 0.05078125 0.0359375
4 0.44296875 0.4484375 0.06796875 0.0390625
4 0.7 0.16484375 0.05390625 0.03203125
4 0.94296875 0.7109375 0.05078125 0.03203125
0 0.45546875 0.30546875 0.0546875 0.06015625
0 0.196875 0.303125 0.0734375 0.0578125
4 0.81328125 0.50703125 0.31796875 0.046875
4 0.9453125 0.1640625 0.0578125 0.0421875
4 0.94609375 0.44765625 0.04921875 0.03046875
0 0.4515625 0.5578125 0.0640625 0.0640625
0 0.728125 0.04140625 0.08046875 0.07421875
0 0.81015625 0.03984375 0.071875 0.071875
4 0.4984375 0.95625 0.13671875 0.05078125
0 0.69296875 0.30390625 0.0671875 0.059375
0 0.9453125 0.30546875 0.0640625 0.0625
0 0.9421875 0.82421875 0.06953125 0.06171875
0 0.940625 0.55625 0.07109375 0.059375
0 0.94765625 0.0390625 0.065625 0.06875
0 0.88203125 0.040625 0.06171875 0.07421875
4 0.88046875 0.22109375 0.18828125 0.034375
4 0.91484375 0.25390625 0.11953125 0.02734375
4 0.6484375 0.21953125 0.15859375 0.03203125
4 0.6546875 0.253125 0.1453125 0.02890625
4 0.38046875 0.215625 0.1953125 0.03046875
4 0.421875 0.25 0.11328125 0.02578125
4 0.1484375 0.21875 0.16875 0.0296875
4 0.16171875 0.25 0.140625 0.034375
2 0.8703125 0.23203125 0.2390625 0.2671875
2 0.62265625 0.2359375 0.24140625 0.27109375
2 0.3765625 0.2328125 0.2421875 0.27421875
2 0.12890625 0.23203125 0.23671875 0.27265625
2 0.2515625 0.509375 0.48125 0.2546875
2 0.49921875 0.77265625 0.98203125 0.24609375