4 0.6734375 0.5015625 0.29609375 0.03984375
2 0.25078125 0.51015625 0.48828125 0.24296875
4 0.79765625 0.16328125 0.0625 0.0328125
4 0.171875 0.76328125 0.29453125 0.0421875
4 0.546875 0.1609375 0.05078125 0.0359375
4 0.55703125 0.4484375 0.06796875 0.0390625
4 0.3 0.16484375 0.05390625 0.03203125
4 0.05703125 0.7109375 0.05078125 0.03203125
0 0.54453125 0.30546875 0.0546875 0.06015625
0 0.803125 0.303125 0.0734375 0.0578125
4 0.18671875 0.50703125 0.31796875 0.046875
4 0.0546875 0.1640625 0.0578125 0.0421875
4 0.05390625 0.44765625 0.04921875 0.03046875
0 0.5484375 0.5578125 0.0640625 0.0640625
0 0.271875 0.04140625 0.08046875 0.07421875
0 0.18984375 0.03984375 0.071875 0.071875
4 0.5015625 0.95625 0.13671875 0.05078125
0 0.30703125 0.30390625 0.0671875 0.059375
0 0.0546875 0.30546875 0.0640625 0.0625
0 0.0578125 0.82421875 0.06953125 0.06171875
0 0.059375 0.55625 0.07109375 0.059375
0 0.05234375 0.0390625 0.065625 0.06875
0 0.11796875 0.040625 0.06171875 0.07421875
4 0.11953125 0.22109375 0.18828125 0.034375
4 0.08515625 0.25390625 0.11953125 0.02734375
4 0.3515625 0.21953125 0.15859375 0.03203125
4 0.3453125 0.253125 0.1453125 0.02890625
4 0.61953125 0.215625 0.1953125 0.03046875
4 0.578125 0.25 0.11328125 0.02578125
4 0.8515625 0.21875 0.16875 0.0296875
4 0.83828125 0.25 0.140625 0.034375
2 0.1296875 0.23203125 0.2390625 0.2671875
2 0.37734375 0.2359375 0.24140625 0.27109375
2 0.6234375 0.2328125 0.2421875 0.27421875
2 0.87109375 0.23203125 0.23671875 0.27265625
2 0.7484375 0.509375 0.48125 0.2546875
2 0.50078125 0.77265625 0.98203125 0.24609375