4 0.2125 0.16640625 0.0390625 0.03984375
3 0.78984375 0.03984375 0.0640625 0.075
2 0.7515625 0.50859375 0.4875 0.23984375
4 0.32109375 0.5046875 0.29921875 0.040625
4 0.8265625 0.77109375 0.29921875 0.04765625
4 0.81328125 0.50390625 0.32109375 0.03828125
4 0.44765625 0.1640625 0.06484375 0.0328125
2 0.86875 0.23359375 0.24140625 0.27265625
4 0.6953125 0.16484375 0.0546875 0.0375
4 0.44140625 0.44609375 0.07109375 0.03828125
4 0.94609375 0.1609375 0.04921875 0.03515625
0 0.2 0.3046875 0.06796875 0.0625
4 0.93828125 0.7140625 0.07421875 0.034375
4 0.9453125 0.4484375 0.05 0.03203125
0 0.9515625 0.5578125 0.059375 0.05859375
0 0.6984375 0.30546875 0.05859375 0.06171875
0 0.44765625 0.5578125 0.05625 0.06171875
0 0.7265625 0.0390625 0.0609375 0.07265625
0 0.865625 0.03984375 0.075 0.075
4 0.4984375 0.95625 0.13671875 0.05078125
0 0.4453125 0.3046875 0.07109375 0.0625
0 0.9421875 0.3046875 0.0703125 0.06015625
0 0.790625 0.040625 0.0609375 0.07421875
0 0.9453125 0.03984375 0.075 0.0703125
0 0.940625 0.825 0.07109375 0.0640625
4 0.8859375 0.21796875 0.171875 0.034375
4 0.89296875 0.24765625 0.159375 0.02890625
4 0.63046875 0.21875 0.1921875 0.0328125
4 0.67421875 0.2515625 0.10390625 0.02890625
4 0.3875 0.2203125 0.184375 0.0328125
4 0.42109375 0.25 0.11640625 0.02890625
4 0.13828125 0.21953125 0.18828125 0.03046875
4 0.16875 0.25078125 0.13046875 0.03515625
2 0.621875 0.23125 0.23984375 0.27109375
2 0.375 0.23359375 0.23984375 0.275
2 0.12890625 0.23046875 0.24140625 0.28046875
2 0.25 0.509375 0.48125 0.25234375
2 0.49921875 0.771875 0.98828125 0.2421875