4 0.7875 0.16640625 0.0390625 0.03984375
3 0.21015625 0.03984375 0.0640625 0.075
2 0.2484375 0.50859375 0.4875 0.23984375
4 0.67890625 0.5046875 0.29921875 0.040625
4 0.1734375 0.77109375 0.29921875 0.04765625
4 0.18671875 0.50390625 0.32109375 0.03828125
4 0.55234375 0.1640625 0.06484375 0.0328125
2 0.13125 0.23359375 0.24140625 0.27265625
4 0.3046875 0.16484375 0.0546875 0.0375
4 0.55859375 0.44609375 0.07109375 0.03828125
4 0.05390625 0.1609375 0.04921875 0.03515625
0 0.8 0.3046875 0.06796875 0.0625
4 0.06171875 0.7140625 0.07421875 0.034375
4 0.0546875 0.4484375 0.05 0.03203125
0 0.0484375 0.5578125 0.059375 0.05859375
0 0.3015625 0.30546875 0.05859375 0.06171875
0 0.55234375 0.5578125 0.05625 0.06171875
0 0.2734375 0.0390625 0.0609375 0.07265625
0 0.134375 0.03984375 0.075 0.075
4 0.5015625 0.95625 0.13671875 0.05078125
0 0.5546875 0.3046875 0.07109375 0.0625
0 0.0578125 0.3046875 0.0703125 0.06015625
0 0.209375 0.040625 0.0609375 0.07421875
0 0.0546875 0.03984375 0.075 0.0703125
0 0.059375 0.825 0.07109375 0.0640625
4 0.1140625 0.21796875 0.171875 0.034375
4 0.10703125 0.24765625 0.159375 0.02890625
4 0.36953125 0.21875 0.1921875 0.0328125
4 0.32578125 0.2515625 0.10390625 0.02890625
4 0.6125 0.2203125 0.184375 0.0328125
4 0.57890625 0.25 0.11640625 0.02890625
4 0.86171875 0.21953125 0.18828125 0.03046875
4 0.83125 0.25078125 0.13046875 0.03515625
2 0.378125 0.23125 0.23984375 0.27109375
2 0.625 0.23359375 0.23984375 0.275
2 0.87109375 0.23046875 0.24140625 0.28046875
2 0.75 0.509375 0.48125 0.25234375
2 0.50078125 0.771875 0.98828125 0.2421875