2 0.128125 0.23359375 0.2421875 0.2765625
4 0.903125 0.25 0.13984375 0.0453125
2 0.74765625 0.77109375 0.48359375 0.25234375
4 0.94453125 0.4546875 0.046875 0.0359375
4 0.44453125 0.7078125 0.06796875 0.04375
4 0.32109375 0.76875 0.303125 0.0359375
4 0.4421875 0.159375 0.07109375 0.03671875
4 0.82265625 0.50390625 0.30390625 0.04140625
2 0.87265625 0.23828125 0.24140625 0.265625
0 0.2 0.30703125 0.06171875 0.0640625
4 0.9421875 0.709375 0.0546875 0.03515625
4 0.49765625 0.95546875 0.134375 0.05859375
0 0.87421875 0.0390625 0.06640625 0.07265625
0 0.44375 0.8203125 0.06953125 0.06171875
4 0.690625 0.16484375 0.06640625 0.03515625
4 0.94765625 0.1625 0.04921875 0.034375
0 0.44453125 0.3046875 0.07109375 0.0625
0 0.94609375 0.82265625 0.0515625 0.065625
0 0.94765625 0.03984375 0.06640625 0.07109375
0 0.9421875 0.5640625 0.0703125 0.06171875
0 0.69296875 0.3046875 0.0671875 0.059375
0 0.79609375 0.040625 0.078125 0.07265625
0 0.94140625 0.3046875 0.07265625 0.0640625
4 0.63125 0.22109375 0.1921875 0.0375
4 0.67109375 0.2515625 0.11640625 0.0234375
4 0.39765625 0.21875 0.15390625 0.0328125
4 0.39921875 0.25 0.15703125 0.0328125
4 0.20546875 0.1734375 0.04921875 0.05
4 0.14609375 0.22109375 0.16484375 0.0375
4 0.16953125 0.253125 0.125 0.02890625
4 0.8140625 0.7671875 0.3140625 0.04609375
2 0.62265625 0.2328125 0.24140625 0.27578125
2 0.37578125 0.2328125 0.23828125 0.27109375
2 0.50078125 0.5140625 0.98515625 0.24921875
2 0.24921875 0.77109375 0.4828125 0.25078125