4 0.7921875 0.1625 0.0453125 0.03515625
4 0.17265625 0.76484375 0.2921875 0.0359375
2 0.871875 0.22734375 0.23828125 0.28828125
4 0.55234375 0.45 0.0625 0.03671875
2 0.621875 0.23125 0.23359375 0.26875
4 0.67734375 0.50234375 0.30703125 0.0421875
2 0.2515625 0.50625 0.48671875 0.2484375
2 0.12890625 0.2359375 0.23515625 0.26640625
0 0.79921875 0.30390625 0.0671875 0.05546875
4 0.05546875 0.446875 0.05390625 0.03828125
4 0.17109375 0.5046875 0.2921875 0.04921875
4 0.30234375 0.165625 0.053125 0.0375
4 0.0609375 0.7109375 0.06328125 0.0375
0 0.546875 0.30703125 0.05546875 0.06015625
4 0.5484375 0.159375 0.0578125 0.04140625
4 0.05390625 0.1625 0.04921875 0.03515625
0 0.0625 0.8234375 0.07265625 0.0671875
0 0.2 0.03984375 0.07578125 0.07265625
0 0.30390625 0.30546875 0.0640625 0.0625
4 0.5015625 0.95625 0.13671875 0.0515625
0 0.05703125 0.03828125 0.07734375 0.0703125
0 0.55078125 0.55859375 0.06015625 0.06015625
0 0.0578125 0.3046875 0.065625 0.06015625
0 0.28203125 0.03984375 0.078125 0.0734375
0 0.0609375 0.5578125 0.0734375 0.0609375
0 0.12734375 0.03828125 0.059375 0.07421875
4 0.11796875 0.2203125 0.184375 0.03125
4 0.08671875 0.25 0.1265625 0.0328125
4 0.37265625 0.21953125 0.19140625 0.03046875
4 0.3390625 0.2515625 0.1265625 0.02578125
4 0.61171875 0.21953125 0.1828125 0.03125
4 0.5765625 0.2515625 0.11328125 0.03203125
4 0.86875 0.21953125 0.196875 0.0375
4 0.815625 0.2515625 0.09609375 0.0234375
2 0.37578125 0.23203125 0.2421875 0.27265625
2 0.74921875 0.51171875 0.48515625 0.25390625
2 0.5015625 0.7734375 0.98359375 0.2515625