4 0.2078125 0.1625 0.0453125 0.03515625
4 0.82734375 0.76484375 0.2921875 0.0359375
2 0.128125 0.22734375 0.23828125 0.28828125
4 0.44765625 0.45 0.0625 0.03671875
2 0.378125 0.23125 0.23359375 0.26875
4 0.32265625 0.50234375 0.30703125 0.0421875
2 0.7484375 0.50625 0.48671875 0.2484375
2 0.87109375 0.2359375 0.23515625 0.26640625
0 0.20078125 0.30390625 0.0671875 0.05546875
4 0.94453125 0.446875 0.05390625 0.03828125
4 0.82890625 0.5046875 0.2921875 0.04921875
4 0.69765625 0.165625 0.053125 0.0375
4 0.9390625 0.7109375 0.06328125 0.0375
0 0.453125 0.30703125 0.05546875 0.06015625
4 0.4515625 0.159375 0.0578125 0.04140625
4 0.94609375 0.1625 0.04921875 0.03515625
0 0.9375 0.8234375 0.07265625 0.0671875
0 0.8 0.03984375 0.07578125 0.07265625
0 0.69609375 0.30546875 0.0640625 0.0625
4 0.4984375 0.95625 0.13671875 0.0515625
0 0.94296875 0.03828125 0.07734375 0.0703125
0 0.44921875 0.55859375 0.06015625 0.06015625
0 0.9421875 0.3046875 0.065625 0.06015625
0 0.71796875 0.03984375 0.078125 0.0734375
0 0.9390625 0.5578125 0.0734375 0.0609375
0 0.87265625 0.03828125 0.059375 0.07421875
4 0.88203125 0.2203125 0.184375 0.03125
4 0.91328125 0.25 0.1265625 0.0328125
4 0.62734375 0.21953125 0.19140625 0.03046875
4 0.6609375 0.2515625 0.1265625 0.02578125
4 0.38828125 0.21953125 0.1828125 0.03125
4 0.4234375 0.2515625 0.11328125 0.03203125
4 0.13125 0.21953125 0.196875 0.0375
4 0.184375 0.2515625 0.09609375 0.0234375
2 0.62421875 0.23203125 0.2421875 0.27265625
2 0.25078125 0.51171875 0.48515625 0.25390625
2 0.4984375 0.7734375 0.98359375 0.2515625