2 0.12890625 0.76640625 0.24296875 0.31015625
2 0.74921875 0.478125 0.48203125 0.2421875
2 0.62421875 0.75625 0.23984375 0.26328125
4 0.95078125 0.684375 0.04140625 0.03828125
4 0.1765625 0.7328125 0.109375 0.034375
2 0.86875 0.75546875 0.2375 0.27421875
4 0.20390625 0.6828125 0.0515625 0.046875
4 0.69609375 0.68671875 0.06015625 0.040625
0 0.4546875 0.8265625 0.05546875 0.06015625
4 0.95625 0.16328125 0.03828125 0.0328125
4 0.8234375 0.21796875 0.303125 0.034375
4 0.953125 0.41953125 0.0375 0.03046875
4 0.44140625 0.41875 0.0671875 0.03828125
4 0.496875 0.98046875 0.125 0.03828125
4 0.31484375 0.475 0.31875 0.0375
0 0.69921875 0.82578125 0.0578125 0.0625
0 0.20078125 0.85234375 0.06171875 0.06328125
4 0.8203125 0.47421875 0.31875 0.03984375
0 0.9359375 0.52890625 0.07578125 0.0609375
0 0.86015625 0.03984375 0.07265625 0.075
0 0.44921875 0.5296875 0.05859375 0.06015625
0 0.94140625 0.0390625 0.078125 0.0734375
0 0.7046875 0.04140625 0.07890625 0.07578125
0 0.9390625 0.27109375 0.0703125 0.06015625
0 0.7828125 0.040625 0.06953125 0.075
0 0.94140625 0.825 0.071875 0.065625
4 0.90703125 0.73984375 0.13046875 0.0328125
4 0.88671875 0.77265625 0.17578125 0.0328125
4 0.63046875 0.73984375 0.19140625 0.0328125
4 0.66484375 0.77265625 0.12578125 0.0296875
4 0.45234375 0.69453125 0.04765625 0.05234375
4 0.38984375 0.7390625 0.1765625 0.028125
4 0.4140625 0.7703125 0.13671875 0.034375
4 0.1296875 0.7671875 0.19921875 0.03203125
4 0.2203125 0.80078125 0.02421875 0.02734375
2 0.49921875 0.221875 0.98203125 0.2453125
2 0.25 0.47734375 0.490625 0.23984375
2 0.3765625 0.7546875 0.23984375 0.27578125