2 0.13046875 0.7546875 0.23984375 0.27265625
2 0.6234375 0.7546875 0.23828125 0.27421875
4 0.3921875 0.7375 0.171875 0.03515625
2 0.87265625 0.7703125 0.2453125 0.30078125
4 0.6515625 0.73359375 0.14375 0.03515625
2 0.75 0.215625 0.484375 0.23984375
4 0.446875 0.15546875 0.05625 0.0390625
4 0.32734375 0.21171875 0.29453125 0.03984375
4 0.4453125 0.68203125 0.0609375 0.03515625
4 0.20390625 0.68125 0.05078125 0.03984375
4 0.8171875 0.20859375 0.315625 0.03671875
4 0.93125 0.73359375 0.0890625 0.028125
4 0.69765625 0.6890625 0.05390625 0.03984375
0 0.7015625 0.82421875 0.059375 0.06171875
4 0.9390625 0.68671875 0.05859375 0.03984375
4 0.496875 0.98046875 0.125 0.0390625
0 0.20703125 0.8265625 0.053125 0.05703125
4 0.79921875 0.46796875 0.3515625 0.04296875
4 0.9453125 0.1578125 0.0515625 0.0375
0 0.4484375 0.82421875 0.071875 0.06640625
0 0.934375 0.53203125 0.075 0.06171875
4 0.940625 0.421875 0.06015625 0.03515625
0 0.9421875 0.0390625 0.07890625 0.07265625
0 0.4453125 0.26796875 0.06640625 0.06171875
0 0.94453125 0.8546875 0.065625 0.0640625
0 0.94140625 0.26640625 0.06796875 0.06171875
0 0.86875 0.0390625 0.0671875 0.075
4 0.87421875 0.76796875 0.19609375 0.02734375
4 0.95703125 0.80078125 0.0265625 0.028125
4 0.64296875 0.76640625 0.1640625 0.02734375
4 0.40390625 0.7703125 0.146875 0.0296875
4 0.1390625 0.740625 0.184375 0.0375
4 0.1640625 0.7703125 0.12890625 0.028125
2 0.2484375 0.215625 0.48046875 0.25
2 0.5015625 0.478125 0.98515625 0.2453125
2 0.37734375 0.75625 0.23515625 0.2734375