4 0.66796875 0.76953125 0.296875 0.03984375
2 0.128125 0.234375 0.23515625 0.26484375
4 0.1859375 0.50546875 0.3171875 0.03984375
4 0.54921875 0.1625 0.05546875 0.04140625
4 0.5515625 0.70703125 0.06015625 0.0453125
4 0.18828125 0.76640625 0.32265625 0.04921875
4 0.79609375 0.16015625 0.05 0.034375
4 0.06171875 0.7125 0.065625 0.0375
0 0.55 0.8203125 0.0640625 0.06015625
4 0.30703125 0.16328125 0.0609375 0.034375
0 0.79765625 0.3046875 0.05859375 0.06484375
0 0.54921875 0.30625 0.0640625 0.0671875
4 0.0609375 0.45390625 0.0640625 0.0375
4 0.50234375 0.95546875 0.13515625 0.05859375
0 0.30078125 0.30625 0.0578125 0.0625
4 0.06015625 0.16328125 0.06328125 0.03671875
0 0.0609375 0.82109375 0.0703125 0.0609375
0 0.05390625 0.5640625 0.06328125 0.059375
0 0.12890625 0.040625 0.075 0.075
0 0.05390625 0.03828125 0.06953125 0.07109375
0 0.05703125 0.30546875 0.0671875 0.06484375
4 0.11796875 0.21875 0.18359375 0.0296875
4 0.0890625 0.25 0.125 0.03515625
4 0.3578125 0.21875 0.16484375 0.0296875
4 0.3359375 0.24921875 0.12109375 0.03125
4 0.6140625 0.21953125 0.18359375 0.03515625
4 0.5890625 0.25 0.134375 0.0296875
4 0.8515625 0.215625 0.16171875 0.0328125
4 0.83671875 0.2484375 0.13515625 0.0328125
2 0.3765625 0.2328125 0.2390625 0.27109375
2 0.62421875 0.23359375 0.240625 0.27265625
2 0.86953125 0.23125 0.23671875 0.27578125
2 0.5015625 0.5109375 0.98671875 0.25234375
2 0.25 0.7703125 0.4828125 0.2453125
2 0.74921875 0.771875 0.48359375 0.24921875