2 0.2515625 0.4796875 0.48671875 0.23828125
4 0.69453125 0.475 0.34453125 0.0453125
4 0.5515625 0.41640625 0.0546875 0.04375
4 0.04921875 0.165625 0.046875 0.03125
4 0.1765625 0.4671875 0.3046875 0.03984375
4 0.17734375 0.2203125 0.29765625 0.04140625
4 0.053125 0.42109375 0.05078125 0.0375
0 0.54765625 0.5296875 0.0546875 0.0625
4 0.5015625 0.66484375 0.13359375 0.06015625
0 0.12109375 0.04296875 0.07109375 0.0765625
0 0.0609375 0.27109375 0.071875 0.06171875
0 0.05 0.03984375 0.06328125 0.071875
0 0.196875 0.03984375 0.071875 0.07734375
0 0.06171875 0.528125 0.07421875 0.06484375
2 0.5 0.21953125 0.9890625 0.24140625
2 0.746875 0.48046875 0.47890625 0.246875