4 0.32890625 0.4734375 0.2921875 0.04140625
4 0.4453125 0.41796875 0.06171875 0.03828125
4 0.8203125 0.478125 0.3015625 0.0421875
4 0.821875 0.21796875 0.3078125 0.034375
4 0.9453125 0.4203125 0.05390625 0.0359375
4 0.94453125 0.16171875 0.05546875 0.0359375
0 0.45 0.5296875 0.059375 0.06328125
4 0.5 0.6703125 0.1296875 0.03984375
0 0.94140625 0.2703125 0.06640625 0.06015625
0 0.94453125 0.03984375 0.075 0.0703125
0 0.79140625 0.040625 0.0828125 0.078125
0 0.9453125 0.52890625 0.065625 0.06328125
0 0.8703125 0.040625 0.06796875 0.07578125
2 0.49921875 0.21875 0.98046875 0.24375
2 0.7484375 0.47890625 0.48359375 0.24375
2 0.2515625 0.48046875 0.484375 0.25