2 0.37578125 0.784375 0.2421875 0.2671875
4 0.8140625 0.4765625 0.09453125 0.0328125
2 0.87109375 0.49375 0.23984375 0.271875
4 0.10703125 0.48046875 0.15859375 0.0328125
2 0.12890625 0.7890625 0.2453125 0.26953125
4 0.54921875 0.71328125 0.0484375 0.03515625
2 0.12578125 0.4921875 0.2453125 0.2609375
4 0.5515625 0.425 0.0640625 0.0453125
4 0.17734375 0.21328125 0.303125 0.03671875
4 0.30625 0.421875 0.06171875 0.03515625
4 0.80546875 0.42578125 0.0671875 0.04140625
0 0.7921875 0.56640625 0.05390625 0.05859375
4 0.79765625 0.71328125 0.053125 0.0421875
4 0.503125 0.98125 0.12421875 0.0375
4 0.303125 0.715625 0.0640625 0.03828125
4 0.06015625 0.7140625 0.0671875 0.03984375
0 0.7953125 0.8546875 0.05703125 0.0609375
4 0.06015625 0.421875 0.0609375 0.03828125
4 0.0609375 0.16484375 0.0609375 0.03828125
0 0.55390625 0.565625 0.0703125 0.06171875
0 0.309375 0.85390625 0.07421875 0.06015625
0 0.0578125 0.565625 0.06796875 0.0609375
0 0.0484375 0.03828125 0.05234375 0.07265625
0 0.5546875 0.85390625 0.07109375 0.0609375
0 0.17890625 0.03984375 0.078125 0.078125
0 0.0625 0.2703125 0.07578125 0.06484375
0 0.259375 0.03984375 0.07578125 0.07734375
0 0.05625 0.85390625 0.06796875 0.0640625
0 0.30703125 0.56484375 0.06796875 0.0609375
0 0.33359375 0.03984375 0.07421875 0.07734375
0 0.1078125 0.040625 0.0578125 0.07578125
4 0.09921875 0.5109375 0.14765625 0.0265625
4 0.35703125 0.478125 0.1625 0.02734375
4 0.33515625 0.5078125 0.12265625 0.0265625
4 0.6171875 0.4796875 0.18984375 0.034375
4 0.571875 0.51015625 0.09765625 0.02890625
4 0.86640625 0.51171875 0.2015625 0.0328125
4 0.121875 0.7703125 0.1921875 0.0296875
4 0.08984375 0.79921875 0.1203125 0.03125
4 0.3671875 0.76953125 0.1859375 0.0296875
4 0.33046875 0.8 0.11796875 0.02890625
4 0.61953125 0.7703125 0.19296875 0.03125
4 0.5734375 0.8 0.09609375 0.0296875
4 0.846875 0.77265625 0.15234375 0.0296875
4 0.84921875 0.80078125 0.1609375 0.03125
2 0.4984375 0.21953125 0.9828125 0.2453125
2 0.37734375 0.49140625 0.2390625 0.27734375
2 0.625 0.490625 0.2421875 0.27265625
2 0.625 0.784375 0.240625 0.2671875
2 0.8703125 0.78515625 0.240625 0.27109375