2 0.13046875 0.75625 0.23359375 0.26875
4 0.32265625 0.21640625 0.30390625 0.046875
2 0.871875 0.75859375 0.2390625 0.278125
4 0.20234375 0.6828125 0.0609375 0.0359375
2 0.75078125 0.2171875 0.484375 0.2453125
4 0.4484375 0.6796875 0.06171875 0.040625
4 0.8234375 0.21171875 0.3046875 0.040625
4 0.44453125 0.1578125 0.0640625 0.0359375
4 0.94453125 0.6828125 0.05546875 0.0375
4 0.7 0.684375 0.0421875 0.034375
0 0.2046875 0.825 0.0546875 0.05078125
4 0.93828125 0.42734375 0.06484375 0.0421875
4 0.4421875 0.76796875 0.07265625 0.03046875
4 0.81796875 0.47578125 0.3046875 0.0359375
4 0.9390625 0.15859375 0.0609375 0.0390625
0 0.8859375 0.03984375 0.05703125 0.075
0 0.4453125 0.825 0.07109375 0.06171875
0 0.93515625 0.53125 0.07421875 0.0609375
0 0.9375 0.825 0.078125 0.0625
4 0.4984375 0.95546875 0.134375 0.05625
0 0.6609375 0.0421875 0.06875 0.07421875
0 0.734375 0.040625 0.0734375 0.07578125
0 0.45 0.27265625 0.05859375 0.0625
0 0.8140625 0.0390625 0.0734375 0.0765625
0 0.94921875 0.26875 0.05859375 0.06171875
0 0.95 0.03828125 0.0640625 0.07109375
0 0.69453125 0.8234375 0.06953125 0.0625
4 0.88203125 0.7375 0.18046875 0.034375
4 0.91171875 0.76953125 0.12734375 0.0296875
4 0.62734375 0.73828125 0.196875 0.03515625
4 0.66484375 0.7703125 0.1234375 0.02734375
4 0.3765625 0.73671875 0.2046875 0.03515625
4 0.14765625 0.7390625 0.16953125 0.028125
4 0.1609375 0.771875 0.14453125 0.03046875
2 0.25078125 0.2171875 0.48203125 0.25
2 0.5015625 0.48203125 0.9859375 0.23984375
2 0.6234375 0.753125 0.2375 0.275
2 0.37578125 0.7546875 0.23828125 0.27578125