2 0.25078125 0.21875 0.48359375 0.23046875
4 0.67265625 0.2109375 0.2953125 0.046875
2 0.13125 0.753125 0.23828125 0.27734375
4 0.55078125 0.68359375 0.05859375 0.046875
4 0.19140625 0.2140625 0.33046875 0.034375
4 0.55625 0.1578125 0.0640625 0.03984375
4 0.79765625 0.68125 0.05703125 0.0359375
4 0.31328125 0.73359375 0.07421875 0.0328125
4 0.05703125 0.684375 0.05859375 0.03359375
4 0.50234375 0.98125 0.13125 0.0375
4 0.06171875 0.42421875 0.05859375 0.03515625
4 0.30625 0.68828125 0.0546875 0.04375
0 0.546875 0.82421875 0.05 0.05859375
0 0.7984375 0.825 0.0609375 0.06328125
4 0.1875 0.475 0.32265625 0.0421875
4 0.0484375 0.16015625 0.0390625 0.03359375
0 0.05703125 0.03984375 0.07578125 0.07109375
0 0.29765625 0.03984375 0.071875 0.07734375
0 0.13984375 0.040625 0.07265625 0.07421875
0 0.0625 0.5296875 0.07109375 0.0625
0 0.2203125 0.04140625 0.07578125 0.0765625
0 0.05859375 0.82421875 0.07421875 0.0640625
0 0.309375 0.85078125 0.07265625 0.06015625
0 0.0609375 0.26796875 0.0734375 0.06171875
0 0.55625 0.26796875 0.06953125 0.06328125
4 0.10859375 0.740625 0.1671875 0.0421875
4 0.096875 0.775 0.14453125 0.03125
4 0.37421875 0.7703125 0.1953125 0.028125
4 0.29375 0.79765625 0.0390625 0.02734375
4 0.62109375 0.73984375 0.19453125 0.0328125
4 0.58671875 0.76875 0.13046875 0.02890625
4 0.8265625 0.7390625 0.11171875 0.03125
4 0.865625 0.771875 0.1890625 0.03125
2 0.7484375 0.21796875 0.49296875 0.23828125
2 0.5015625 0.4796875 0.9890625 0.2453125
2 0.37578125 0.7703125 0.23671875 0.30078125
2 0.6234375 0.753125 0.23671875 0.27734375
2 0.86953125 0.753125 0.23984375 0.27734375