2 0.74921875 0.21875 0.48359375 0.23046875
4 0.32734375 0.2109375 0.2953125 0.046875
2 0.86875 0.753125 0.23828125 0.27734375
4 0.44921875 0.68359375 0.05859375 0.046875
4 0.80859375 0.2140625 0.33046875 0.034375
4 0.44375 0.1578125 0.0640625 0.03984375
4 0.20234375 0.68125 0.05703125 0.0359375
4 0.68671875 0.73359375 0.07421875 0.0328125
4 0.94296875 0.684375 0.05859375 0.03359375
4 0.49765625 0.98125 0.13125 0.0375
4 0.93828125 0.42421875 0.05859375 0.03515625
4 0.69375 0.68828125 0.0546875 0.04375
0 0.453125 0.82421875 0.05 0.05859375
0 0.2015625 0.825 0.0609375 0.06328125
4 0.8125 0.475 0.32265625 0.0421875
4 0.9515625 0.16015625 0.0390625 0.03359375
0 0.94296875 0.03984375 0.07578125 0.07109375
0 0.70234375 0.03984375 0.071875 0.07734375
0 0.86015625 0.040625 0.07265625 0.07421875
0 0.9375 0.5296875 0.07109375 0.0625
0 0.7796875 0.04140625 0.07578125 0.0765625
0 0.94140625 0.82421875 0.07421875 0.0640625
0 0.690625 0.85078125 0.07265625 0.06015625
0 0.9390625 0.26796875 0.0734375 0.06171875
0 0.44375 0.26796875 0.06953125 0.06328125
4 0.89140625 0.740625 0.1671875 0.0421875
4 0.903125 0.775 0.14453125 0.03125
4 0.62578125 0.7703125 0.1953125 0.028125
4 0.70625 0.79765625 0.0390625 0.02734375
4 0.37890625 0.73984375 0.19453125 0.0328125
4 0.41328125 0.76875 0.13046875 0.02890625
4 0.1734375 0.7390625 0.11171875 0.03125
4 0.134375 0.771875 0.1890625 0.03125
2 0.2515625 0.21796875 0.49296875 0.23828125
2 0.4984375 0.4796875 0.9890625 0.2453125
2 0.62421875 0.7703125 0.23671875 0.30078125
2 0.3765625 0.753125 0.23671875 0.27734375
2 0.13046875 0.753125 0.23984375 0.27734375