4 0.2125 0.165625 0.034375 0.03515625
4 0.91171875 0.2453125 0.11953125 0.02578125
2 0.2484375 0.5078125 0.496875 0.24140625
2 0.87109375 0.2328125 0.24453125 0.2734375
4 0.95078125 0.7140625 0.0390625 0.028125
4 0.45 0.16015625 0.059375 0.03671875
0 0.45 0.55625 0.0484375 0.05859375
4 0.8125 0.503125 0.3171875 0.0375
0 0.19921875 0.30625 0.06015625 0.05859375
4 0.44296875 0.44765625 0.06796875 0.03828125
4 0.93984375 0.44921875 0.06328125 0.03515625
0 0.69609375 0.3046875 0.0609375 0.06015625
4 0.69375 0.1625 0.05703125 0.04140625
4 0.9390625 0.16015625 0.05859375 0.0390625
0 0.9453125 0.82421875 0.05703125 0.0671875
0 0.71171875 0.03984375 0.0609375 0.07109375
0 0.78515625 0.0421875 0.0734375 0.07265625
0 0.93984375 0.3046875 0.07265625 0.0625
0 0.86484375 0.0390625 0.07109375 0.07578125
4 0.4984375 0.95625 0.13671875 0.05078125
0 0.940625 0.55703125 0.06953125 0.05859375
0 0.94296875 0.0390625 0.0765625 0.071875
0 0.4421875 0.3046875 0.078125 0.059375
0 0.64140625 0.0390625 0.075 0.075
4 0.8765625 0.21640625 0.18671875 0.02578125
4 0.6234375 0.22109375 0.2078125 0.03828125
4 0.6734375 0.24921875 0.1015625 0.02109375
4 0.38125 0.21953125 0.19609375 0.040625
4 0.4203125 0.2484375 0.11328125 0.025
4 0.13125 0.2171875 0.20234375 0.0359375
4 0.1765625 0.2515625 0.11796875 0.0390625
4 0.3296875 0.50703125 0.28671875 0.0359375
4 0.809375 0.7703125 0.328125 0.03515625
2 0.621875 0.23046875 0.24296875 0.271875
2 0.375 0.2296875 0.2390625 0.26484375
2 0.12890625 0.23125 0.23671875 0.27578125
2 0.746875 0.5078125 0.48671875 0.2484375
2 0.50078125 0.771875 0.98046875 0.2484375