2 0.4953125 0.50234375 0.96875 0.96953125
4 0.81875 0.09453125 0.28671875 0.090625
4 0.78125 0.26015625 0.3234375 0.06015625
4 0.81640625 0.45234375 0.23359375 0.05078125
4 0.80625 0.62265625 0.2 0.06171875
4 0.471875 0.590625 0.08203125 0.05078125
0 0.75625 0.8609375 0.3046875 0.12890625
0 0.41875 0.82265625 0.325 0.11875
7 0.83125 0.70546875 0.14765625 0.0875
7 0.64609375 0.68671875 0.18125 0.084375
7 0.43359375 0.65625 0.16328125 0.08125
7 0.6890625 0.52109375 0.484375 0.115625
7 0.6171875 0.33515625 0.67265625 0.16796875