2 0.8703125 0.4921875 0.2359375 0.265625
2 0.25078125 0.2171875 0.484375 0.2359375
4 0.92109375 0.509375 0.109375 0.028125
2 0.12890625 0.49453125 0.2359375 0.2703125
2 0.62421875 0.49140625 0.24140625 0.2703125
2 0.7484375 0.21796875 0.4875 0.2375
4 0.44921875 0.15703125 0.04609375 0.03515625
4 0.43125 0.51015625 0.09296875 0.034375
4 0.2046875 0.42109375 0.05234375 0.03671875
4 0.3296875 0.2125 0.29453125 0.03515625
4 0.82421875 0.21796875 0.30390625 0.03515625
0 0.19921875 0.5625 0.07109375 0.06171875
4 0.45234375 0.42265625 0.0484375 0.034375
4 0.94609375 0.15859375 0.04921875 0.0375
4 0.69453125 0.42265625 0.06015625 0.04296875
0 0.45546875 0.56640625 0.0546875 0.05859375
4 0.94453125 0.425 0.0578125 0.03828125
4 0.4984375 0.69453125 0.13828125 0.05859375
0 0.93828125 0.5640625 0.07109375 0.06015625
0 0.8703125 0.03984375 0.071875 0.075
0 0.44609375 0.26875 0.06640625 0.06484375
0 0.69453125 0.5625 0.06875 0.06328125
0 0.73203125 0.04140625 0.0703125 0.075
0 0.93515625 0.26796875 0.07890625 0.06484375
0 0.94765625 0.03984375 0.06875 0.071875
0 0.7984375 0.0390625 0.0640625 0.07578125
4 0.8765625 0.4796875 0.190625 0.0296875
4 0.65859375 0.48046875 0.13046875 0.02734375
4 0.63046875 0.51015625 0.1875 0.03125
4 0.378125 0.47890625 0.1984375 0.03125
4 0.15390625 0.478125 0.15078125 0.03046875
4 0.16328125 0.50859375 0.13046875 0.03359375
2 0.37421875 0.49140625 0.2390625 0.26640625