2 0.6234375 0.490625 0.23359375 0.2625
2 0.8703125 0.49453125 0.22734375 0.2765625
2 0.74921875 0.22265625 0.47734375 0.2296875
4 0.8125 0.2203125 0.30234375 0.03984375
4 0.440625 0.15703125 0.06484375 0.040625
4 0.3109375 0.2140625 0.328125 0.0421875
0 0.703125 0.5671875 0.04609375 0.059375
0 0.20390625 0.5640625 0.05703125 0.0546875
4 0.453125 0.421875 0.05625 0.04140625
0 0.45078125 0.56484375 0.05703125 0.0625
4 0.9453125 0.16171875 0.0484375 0.04453125
4 0.4984375 0.69453125 0.13671875 0.059375
4 0.69921875 0.42265625 0.04921875 0.03671875
4 0.94375 0.42265625 0.05078125 0.04453125
0 0.878125 0.03984375 0.0703125 0.075
0 0.94921875 0.0390625 0.06328125 0.0734375
0 0.940625 0.56484375 0.07421875 0.06484375
0 0.44453125 0.26640625 0.06796875 0.065625
0 0.94453125 0.26796875 0.065625 0.06484375
0 0.80546875 0.03984375 0.07109375 0.075
4 0.87109375 0.47890625 0.20234375 0.03125
4 0.91171875 0.5109375 0.125 0.034375
4 0.64375 0.478125 0.16796875 0.03046875
4 0.6484375 0.509375 0.14609375 0.02734375
4 0.37734375 0.4796875 0.2015625 0.0359375
4 0.42109375 0.51328125 0.12265625 0.03046875
4 0.1515625 0.4765625 0.16171875 0.02109375
4 0.16328125 0.5109375 0.140625 0.0375
4 0.2 0.4234375 0.06640625 0.03203125
2 0.25390625 0.21484375 0.48125 0.24375
2 0.375 0.4921875 0.24375 0.2625
2 0.13046875 0.49296875 0.23515625 0.26484375