2 0.3765625 0.490625 0.23359375 0.2625
2 0.1296875 0.49453125 0.22734375 0.2765625
2 0.25078125 0.22265625 0.47734375 0.2296875
4 0.1875 0.2203125 0.30234375 0.03984375
4 0.559375 0.15703125 0.06484375 0.040625
4 0.6890625 0.2140625 0.328125 0.0421875
0 0.296875 0.5671875 0.04609375 0.059375
0 0.79609375 0.5640625 0.05703125 0.0546875
4 0.546875 0.421875 0.05625 0.04140625
0 0.54921875 0.56484375 0.05703125 0.0625
4 0.0546875 0.16171875 0.0484375 0.04453125
4 0.5015625 0.69453125 0.13671875 0.059375
4 0.30078125 0.42265625 0.04921875 0.03671875
4 0.05625 0.42265625 0.05078125 0.04453125
0 0.121875 0.03984375 0.0703125 0.075
0 0.05078125 0.0390625 0.06328125 0.0734375
0 0.059375 0.56484375 0.07421875 0.06484375
0 0.55546875 0.26640625 0.06796875 0.065625
0 0.05546875 0.26796875 0.065625 0.06484375
0 0.19453125 0.03984375 0.07109375 0.075
4 0.12890625 0.47890625 0.20234375 0.03125
4 0.08828125 0.5109375 0.125 0.034375
4 0.35625 0.478125 0.16796875 0.03046875
4 0.3515625 0.509375 0.14609375 0.02734375
4 0.62265625 0.4796875 0.2015625 0.0359375
4 0.57890625 0.51328125 0.12265625 0.03046875
4 0.8484375 0.4765625 0.16171875 0.02109375
4 0.83671875 0.5109375 0.140625 0.0375
4 0.8 0.4234375 0.06640625 0.03203125
2 0.74609375 0.21484375 0.48125 0.24375
2 0.625 0.4921875 0.24375 0.2625
2 0.86953125 0.49296875 0.23515625 0.26484375