2 0.27734375 0.4984375 0.48125 0.98046875
2 0.76015625 0.490625 0.45234375 0.95859375
4 0.25234375 0.04609375 0.29296875 0.06953125
3 0.25625 0.35078125 0.28125 0.40703125
3 0.11640625 0.678125 0.071875 0.125
3 0.20390625 0.6796875 0.07421875 0.134375
3 0.29765625 0.6828125 0.065625 0.13203125
3 0.3875 0.684375 0.07890625 0.1265625
4 0.70234375 0.18203125 0.259375 0.075
4 0.68203125 0.24765625 0.21796875 0.0484375
4 0.63828125 0.321875 0.11484375 0.04296875
4 0.6640625 0.38671875 0.065625 0.05390625
4 0.67109375 0.4625 0.071875 0.046875
4 0.68828125 0.528125 0.090625 0.04296875
4 0.621875 0.63046875 0.09609375 0.053125
4 0.8328125 0.6328125 0.16796875 0.05390625
4 0.62421875 0.68984375 0.10703125 0.05390625
4 0.803125 0.6875 0.10625 0.05
0 0.75703125 0.79609375 0.40390625 0.121875
5 0.60390625 0.3859375 0.04609375 0.05
5 0.60234375 0.45390625 0.0375 0.04140625
5 0.59765625 0.53125 0.03671875 0.04609375