2 0.3796875 0.228125 0.23203125 0.2609375
2 0.13046875 0.2296875 0.23515625 0.2640625
2 0.24921875 0.5390625 0.49765625 0.2453125
4 0.54609375 0.27734375 0.0484375 0.02421875
4 0.053125 0.48046875 0.053125 0.03359375
4 0.05 0.7484375 0.04140625 0.03671875
2 0.86953125 0.2234375 0.246875 0.271875
4 0.078125 0.2140625 0.0984375 0.03046875
4 0.18203125 0.53984375 0.309375 0.05234375
4 0.553125 0.47734375 0.0609375 0.0390625
0 0.80078125 0.30625 0.06171875 0.0625
4 0.3046875 0.165625 0.04921875 0.02890625
4 0.67421875 0.53359375 0.30390625 0.0421875
4 0.05703125 0.1609375 0.05703125 0.0375
4 0.1640625 0.7984375 0.27109375 0.03359375
4 0.50234375 0.98125 0.128125 0.0375
4 0.55 0.1609375 0.0546875 0.0375
0 0.29921875 0.30546875 0.05703125 0.0609375
4 0.8 0.16328125 0.059375 0.04453125
0 0.0578125 0.03828125 0.07734375 0.0734375
0 0.06015625 0.58671875 0.07265625 0.06015625
0 0.0640625 0.85078125 0.07265625 0.06484375
0 0.5578125 0.5859375 0.06796875 0.05859375
0 0.0578125 0.30546875 0.06875 0.06328125
0 0.1296875 0.03828125 0.065625 0.07265625
0 0.55625 0.33125 0.07421875 0.0546875
4 0.134375 0.25 0.2203125 0.03125
4 0.365625 0.2234375 0.17734375 0.03046875
4 0.33203125 0.24921875 0.1171875 0.02734375
4 0.5765625 0.22265625 0.1109375 0.03125
4 0.596875 0.25078125 0.1546875 0.025
4 0.82734375 0.21953125 0.12109375 0.03125
4 0.85234375 0.25234375 0.171875 0.0375
2 0.62421875 0.2453125 0.23125 0.2828125
2 0.75078125 0.53984375 0.47890625 0.23828125
2 0.49765625 0.80390625 0.98515625 0.240625