2 0.74765625 0.21640625 0.48046875 0.2375
2 0.3796875 0.7546875 0.23203125 0.2703125
4 0.6671875 0.21875 0.2875 0.04609375
2 0.13125 0.75390625 0.23828125 0.2625
2 0.2578125 0.22109375 0.48046875 0.22734375
2 0.86875 0.7546875 0.23984375 0.27578125
4 0.79609375 0.68359375 0.053125 0.04140625
4 0.1796875 0.2203125 0.30859375 0.0390625
4 0.55078125 0.68125 0.05390625 0.03828125
0 0.54453125 0.82578125 0.0515625 0.06171875
4 0.55390625 0.1578125 0.05625 0.03828125
4 0.18125 0.48046875 0.3046875 0.04375
4 0.30625 0.68203125 0.0640625 0.040625
0 0.79921875 0.825 0.06015625 0.0625
4 0.06015625 0.42421875 0.0609375 0.03203125
4 0.05546875 0.684375 0.04921875 0.03515625
4 0.05546875 0.16484375 0.05 0.03984375
0 0.05078125 0.8265625 0.05859375 0.06328125
0 0.54765625 0.26953125 0.0546875 0.06171875
4 0.5015625 0.95546875 0.13515625 0.05703125
0 0.30078125 0.825 0.0609375 0.06484375
0 0.0640625 0.53203125 0.0703125 0.06328125
0 0.05390625 0.0390625 0.071875 0.0703125
0 0.13046875 0.040625 0.06953125 0.075
0 0.27734375 0.0390625 0.06953125 0.07578125
0 0.06171875 0.26796875 0.0734375 0.06328125
0 0.20625 0.040625 0.06953125 0.078125
4 0.0828125 0.73671875 0.11484375 0.0296875
4 0.11796875 0.77578125 0.1859375 0.0328125
4 0.3671875 0.740625 0.18984375 0.03046875
4 0.34140625 0.775 0.14140625 0.034375
4 0.58984375 0.7390625 0.1390625 0.028125
4 0.60546875 0.77109375 0.16953125 0.0359375
4 0.84609375 0.73671875 0.1578125 0.02734375
4 0.84296875 0.77109375 0.1640625 0.04140625
2 0.4984375 0.47734375 0.97890625 0.2359375
2 0.621875 0.75390625 0.23828125 0.2640625