4 0.93984375 0.09921875 0.0875 0.096875
4 0.89765625 0.284375 0.19140625 0.1046875
4 0.59921875 0.26875 0.159375 0.06875
4 0.43359375 0.2421875 0.046875 0.07109375
4 0.31796875 0.2328125 0.08359375 0.06328125
4 0.18359375 0.21640625 0.06796875 0.10234375
4 0.89375 0.50703125 0.18671875 0.09296875
4 0.640625 0.471875 0.0953125 0.084375
4 0.63125 0.65078125 0.11171875 0.084375
4 0.4609375 0.4640625 0.1 0.084375
4 0.4515625 0.63203125 0.109375 0.0828125
4 0.26171875 0.43828125 0.1140625 0.084375
4 0.25859375 0.6046875 0.109375 0.09453125
4 0.07421875 0.42578125 0.10390625 0.08671875
4 0.06640625 0.5890625 0.1015625 0.08671875
7 0.72734375 0.10625 0.265625 0.1140625
5 0.70625 0.2796875 0.02578125 0.07109375
5 0.48125 0.25546875 0.01953125 0.0609375
5 0.3765625 0.2375 0.021875 0.0609375
5 0.2390625 0.21875 0.021875 0.07109375
1 0.715625 0.49453125 0.03359375 0.08671875
1 0.54140625 0.47578125 0.0375 0.084375
1 0.36015625 0.45390625 0.0375 0.10859375
1 0.15234375 0.43515625 0.03515625 0.10625
1 0.715625 0.67265625 0.03515625 0.10078125
1 0.534375 0.6421875 0.0375 0.0984375
1 0.35546875 0.634375 0.0359375 0.08671875
1 0.1484375 0.60078125 0.04609375 0.11015625
0 0.31875 0.86484375 0.11328125 0.18515625