2 0.62265625 0.2328125 0.2296875 0.26953125
2 0.86796875 0.234375 0.23359375 0.275
4 0.2109375 0.16640625 0.03984375 0.0421875
2 0.12890625 0.2359375 0.23671875 0.2859375
2 0.375 0.23125 0.23046875 0.27265625
4 0.45 0.16640625 0.05546875 0.0421875
0 0.19609375 0.30390625 0.07109375 0.0609375
4 0.93984375 0.1640625 0.0609375 0.0359375
4 0.70390625 0.16328125 0.0453125 0.03359375
4 0.49765625 0.43515625 0.1359375 0.06171875
0 0.696875 0.30625 0.06171875 0.0640625
0 0.453125 0.30703125 0.0578125 0.06484375
0 0.94140625 0.30546875 0.07109375 0.06328125
0 0.71796875 0.040625 0.0796875 0.07265625
0 0.86953125 0.0390625 0.071875 0.07421875
0 0.7953125 0.03828125 0.0703125 0.075
0 0.9453125 0.03984375 0.07421875 0.071875
4 0.90546875 0.21875 0.13828125 0.02578125
4 0.8921875 0.2515625 0.16484375 0.02578125
4 0.6296875 0.2203125 0.19921875 0.025
4 0.67578125 0.25 0.09765625 0.02109375
4 0.3921875 0.21796875 0.18359375 0.02734375
4 0.409375 0.24921875 0.1453125 0.028125
4 0.15703125 0.21953125 0.15078125 0.02734375
4 0.1515625 0.25078125 0.17265625 0.03046875