2 0.37734375 0.2328125 0.2296875 0.26953125
2 0.13203125 0.234375 0.23359375 0.275
4 0.7890625 0.16640625 0.03984375 0.0421875
2 0.87109375 0.2359375 0.23671875 0.2859375
2 0.625 0.23125 0.23046875 0.27265625
4 0.55 0.16640625 0.05546875 0.0421875
0 0.80390625 0.30390625 0.07109375 0.0609375
4 0.06015625 0.1640625 0.0609375 0.0359375
4 0.29609375 0.16328125 0.0453125 0.03359375
4 0.50234375 0.43515625 0.1359375 0.06171875
0 0.303125 0.30625 0.06171875 0.0640625
0 0.546875 0.30703125 0.0578125 0.06484375
0 0.05859375 0.30546875 0.07109375 0.06328125
0 0.28203125 0.040625 0.0796875 0.07265625
0 0.13046875 0.0390625 0.071875 0.07421875
0 0.2046875 0.03828125 0.0703125 0.075
0 0.0546875 0.03984375 0.07421875 0.071875
4 0.09453125 0.21875 0.13828125 0.02578125
4 0.1078125 0.2515625 0.16484375 0.02578125
4 0.3703125 0.2203125 0.19921875 0.025
4 0.32421875 0.25 0.09765625 0.02109375
4 0.6078125 0.21796875 0.18359375 0.02734375
4 0.590625 0.24921875 0.1453125 0.028125
4 0.84296875 0.21953125 0.15078125 0.02734375
4 0.8484375 0.25078125 0.17265625 0.03046875