0 0.8359375 0.03984375 0.1421875 0.07734375
2 0.13125 0.23359375 0.23828125 0.2734375
2 0.37578125 0.23203125 0.23203125 0.26875
4 0.82265625 0.76796875 0.3046875 0.046875
2 0.62109375 0.23359375 0.23046875 0.26015625
4 0.321875 0.7703125 0.31640625 0.04765625
2 0.503125 0.503125 0.9921875 0.25078125
2 0.8703125 0.234375 0.22890625 0.2671875
4 0.4453125 0.7109375 0.06796875 0.0421875
4 0.80703125 0.50625 0.3234375 0.03671875
0 0.95078125 0.82421875 0.04609375 0.05546875
4 0.45078125 0.1625 0.05703125 0.0359375
4 0.94765625 0.16328125 0.05078125 0.03515625
4 0.94453125 0.71015625 0.053125 0.03046875
0 0.20625 0.30546875 0.0546875 0.05625
0 0.45546875 0.30703125 0.05234375 0.06015625
4 0.9421875 0.453125 0.0515625 0.03203125
4 0.70078125 0.1625 0.05234375 0.0359375
4 0.49765625 0.9546875 0.13515625 0.059375
0 0.44296875 0.81953125 0.071875 0.06015625
0 0.72578125 0.03984375 0.0640625 0.0734375
0 0.79921875 0.0375 0.07265625 0.07265625
0 0.93984375 0.5640625 0.06953125 0.059375
0 0.94375 0.03828125 0.07578125 0.06953125
0 0.9484375 0.3078125 0.059375 0.0625
0 0.69296875 0.30390625 0.0671875 0.06171875
0 0.6546875 0.03984375 0.0703125 0.07421875
0 0.8703125 0.03984375 0.06171875 0.0734375
4 0.875 0.228125 0.19765625 0.03203125
4 0.90234375 0.25078125 0.14765625 0.02265625
4 0.6328125 0.22109375 0.19296875 0.0265625
4 0.665625 0.25 0.12734375 0.03125
4 0.38984375 0.21953125 0.184375 0.0375
4 0.425 0.25 0.13046875 0.03515625
4 0.2015625 0.16328125 0.059375 0.03515625
4 0.1515625 0.21328125 0.159375 0.0328125
4 0.17265625 0.2515625 0.1171875 0.0328125
2 0.7453125 0.76640625 0.484375 0.23515625
2 0.25078125 0.76953125 0.4796875 0.23671875