4 0.3265625 0.221875 0.30234375 0.02890625
4 0.64140625 0.76328125 0.1765625 0.0453125
2 0.1328125 0.7546875 0.2390625 0.2578125
4 0.91015625 0.7640625 0.1203125 0.03515625
2 0.87109375 0.7546875 0.23203125 0.2640625
2 0.75078125 0.21953125 0.48828125 0.2390625
4 0.20234375 0.68203125 0.05859375 0.0375
4 0.44375 0.15703125 0.0671875 0.03515625
4 0.69609375 0.68125 0.0609375 0.040625
4 0.45234375 0.6859375 0.04765625 0.03359375
4 0.8078125 0.21796875 0.3328125 0.0390625
4 0.9421875 0.159375 0.05703125 0.03671875
4 0.94140625 0.42578125 0.0546875 0.0359375
0 0.4515625 0.825 0.0578125 0.06171875
4 0.94609375 0.68359375 0.046875 0.0359375
4 0.81875 0.4796875 0.3109375 0.03515625
0 0.19921875 0.825 0.06171875 0.0625
4 0.4984375 0.95546875 0.13515625 0.05625
0 0.9390625 0.53046875 0.07109375 0.06171875
0 0.44296875 0.26640625 0.0703125 0.0625
0 0.93984375 0.8234375 0.071875 0.06171875
0 0.87265625 0.0390625 0.071875 0.0734375
0 0.9375 0.26640625 0.0734375 0.0625
0 0.94765625 0.03828125 0.06640625 0.07265625
0 0.6921875 0.82421875 0.0734375 0.06328125
4 0.88671875 0.73828125 0.17578125 0.0359375
4 0.634375 0.73828125 0.17734375 0.025
4 0.4140625 0.7375 0.1328125 0.0359375
4 0.39375 0.7734375 0.17109375 0.03125
4 0.14296875 0.7390625 0.17890625 0.03125
4 0.16484375 0.771875 0.1390625 0.03046875
2 0.2515625 0.21796875 0.4765625 0.24453125
2 0.5015625 0.48359375 0.98125 0.23828125
2 0.6234375 0.7515625 0.23828125 0.26484375
2 0.37734375 0.75390625 0.23671875 0.2609375