2 0.37421875 0.75546875 0.228125 0.2703125
2 0.87734375 0.75859375 0.24296875 0.26640625
4 0.20234375 0.6796875 0.05 0.04140625
2 0.74921875 0.2203125 0.484375 0.246875
4 0.45078125 0.16015625 0.0484375 0.0359375
4 0.915625 0.76640625 0.1125 0.03984375
4 0.80859375 0.21875 0.33984375 0.04375
4 0.94921875 0.4234375 0.04296875 0.03671875
4 0.4484375 0.6828125 0.05703125 0.0359375
4 0.94140625 0.6828125 0.06015625 0.03515625
0 0.4546875 0.82578125 0.053125 0.06015625
4 0.6921875 0.6828125 0.06484375 0.03515625
4 0.94375 0.16171875 0.05703125 0.03515625
0 0.9359375 0.53125 0.071875 0.0609375
0 0.2078125 0.8265625 0.05234375 0.05859375
4 0.81015625 0.47734375 0.33515625 0.03828125
0 0.88671875 0.040625 0.059375 0.0734375
4 0.4984375 0.95546875 0.13515625 0.05625
0 0.44296875 0.26640625 0.07109375 0.0640625
0 0.9390625 0.825 0.07109375 0.0609375
0 0.94921875 0.03984375 0.06328125 0.071875
0 0.815625 0.03984375 0.075 0.075
0 0.69296875 0.8234375 0.07109375 0.06015625
0 0.940625 0.2671875 0.07265625 0.0625
4 0.3234375 0.2203125 0.3078125 0.04296875
4 0.87734375 0.7375 0.1890625 0.02421875
4 0.6359375 0.74140625 0.18671875 0.02890625
4 0.6609375 0.771875 0.14296875 0.03203125
4 0.41015625 0.7390625 0.13203125 0.025
4 0.3859375 0.77109375 0.19140625 0.02890625
4 0.134375 0.74140625 0.19296875 0.0328125
4 0.17109375 0.77109375 0.1234375 0.02890625
2 0.25390625 0.2203125 0.48046875 0.23984375
2 0.5 0.48203125 0.978125 0.2375
2 0.625 0.75390625 0.24296875 0.2609375
2 0.13203125 0.7546875 0.23046875 0.27109375