4 0.0625 0.0984375 0.09375 0.0828125
4 0.10390625 0.29765625 0.184375 0.08671875
4 0.396875 0.25390625 0.15859375 0.10234375
4 0.56796875 0.23671875 0.053125 0.0828125
4 0.6859375 0.23046875 0.0921875 0.07109375
4 0.81484375 0.21640625 0.0671875 0.0984375
4 0.103125 0.50625 0.18359375 0.10625
4 0.35859375 0.4765625 0.103125 0.06328125
4 0.540625 0.46875 0.10703125 0.075
4 0.7359375 0.44140625 0.1125 0.090625
4 0.92578125 0.43046875 0.1078125 0.08046875
4 0.371875 0.65390625 0.11171875 0.0828125
4 0.55 0.63125 0.11015625 0.08046875
4 0.74375 0.603125 0.1109375 0.08671875
4 0.93671875 0.59296875 0.10625 0.08671875
0 0.684375 0.8625 0.10625 0.16171875
0 0.8390625 0.821875 0.13828125 0.1578125
7 0.2734375 0.1046875 0.25625 0.11796875
5 0.2921875 0.278125 0.02890625 0.090625
5 0.5171875 0.2484375 0.01796875 0.0671875
5 0.62421875 0.2421875 0.02265625 0.07109375
5 0.76171875 0.21484375 0.0203125 0.05546875
1 0.28515625 0.48984375 0.02734375 0.08046875
1 0.45703125 0.4765625 0.0390625 0.0828125
1 0.640625 0.45234375 0.034375 0.09296875
1 0.8484375 0.43125 0.03515625 0.0984375
1 0.28359375 0.671875 0.03203125 0.10234375
1 0.465625 0.6453125 0.034375 0.084375
1 0.646875 0.628125 0.0328125 0.090625
1 0.85234375 0.603125 0.04375 0.10625