4 0.9375 0.0984375 0.09375 0.0828125
4 0.89609375 0.29765625 0.184375 0.08671875
4 0.603125 0.25390625 0.15859375 0.10234375
4 0.43203125 0.23671875 0.053125 0.0828125
4 0.3140625 0.23046875 0.0921875 0.07109375
4 0.18515625 0.21640625 0.0671875 0.0984375
4 0.896875 0.50625 0.18359375 0.10625
4 0.64140625 0.4765625 0.103125 0.06328125
4 0.459375 0.46875 0.10703125 0.075
4 0.2640625 0.44140625 0.1125 0.090625
4 0.07421875 0.43046875 0.1078125 0.08046875
4 0.628125 0.65390625 0.11171875 0.0828125
4 0.45 0.63125 0.11015625 0.08046875
4 0.25625 0.603125 0.1109375 0.08671875
4 0.06328125 0.59296875 0.10625 0.08671875
0 0.315625 0.8625 0.10625 0.16171875
0 0.1609375 0.821875 0.13828125 0.1578125
7 0.7265625 0.1046875 0.25625 0.11796875
5 0.7078125 0.278125 0.02890625 0.090625
5 0.4828125 0.2484375 0.01796875 0.0671875
5 0.37578125 0.2421875 0.02265625 0.07109375
5 0.23828125 0.21484375 0.0203125 0.05546875
1 0.71484375 0.48984375 0.02734375 0.08046875
1 0.54296875 0.4765625 0.0390625 0.0828125
1 0.359375 0.45234375 0.034375 0.09296875
1 0.1515625 0.43125 0.03515625 0.0984375
1 0.71640625 0.671875 0.03203125 0.10234375
1 0.534375 0.6453125 0.034375 0.084375
1 0.353125 0.628125 0.0328125 0.090625
1 0.14765625 0.603125 0.04375 0.10625