2 0.86953125 0.7640625 0.24453125 0.30390625
4 0.81328125 0.7671875 0.0953125 0.0390625
4 0.540625 0.68203125 0.03828125 0.040625
4 0.67734375 0.21953125 0.3109375 0.0484375
2 0.2515625 0.2234375 0.48046875 0.22890625
4 0.29609375 0.68828125 0.0390625 0.0375
4 0.79453125 0.68515625 0.0515625 0.0453125
2 0.1328125 0.746875 0.24375 0.2640625
4 0.55625 0.159375 0.06171875 0.034375
4 0.05234375 0.42109375 0.04765625 0.03515625
4 0.18046875 0.21328125 0.328125 0.06328125
0 0.80546875 0.821875 0.07421875 0.059375
0 0.053125 0.53046875 0.0609375 0.06015625
4 0.05390625 0.684375 0.05234375 0.03671875
4 0.1875 0.4765625 0.31953125 0.0421875
0 0.059375 0.82421875 0.071875 0.06015625
0 0.553125 0.825 0.071875 0.0625
4 0.5015625 0.95546875 0.134375 0.05703125
4 0.06328125 0.16015625 0.06328125 0.03671875
0 0.3546875 0.03828125 0.08046875 0.075
0 0.0640625 0.2671875 0.07578125 0.06484375
0 0.26796875 0.04296875 0.078125 0.07578125
0 0.12109375 0.040625 0.071875 0.075
0 0.0515625 0.03984375 0.06484375 0.07265625
0 0.30546875 0.825 0.0703125 0.06484375
0 0.19296875 0.03984375 0.06640625 0.075
0 0.5546875 0.26796875 0.0671875 0.0625
2 0.74609375 0.21875 0.48046875 0.2390625
4 0.10078125 0.7359375 0.14453125 0.03359375
4 0.1140625 0.7671875 0.17109375 0.0359375
4 0.36484375 0.7390625 0.19140625 0.04453125
4 0.325 0.77109375 0.115625 0.02109375
4 0.625 0.73984375 0.203125 0.04296875
4 0.58046875 0.7703125 0.12421875 0.02734375
4 0.86640625 0.74140625 0.19765625 0.025
2 0.50078125 0.48125 0.97890625 0.23125
2 0.3765625 0.7546875 0.2390625 0.26484375
2 0.621875 0.7546875 0.2359375 0.265625