2 0.62109375 0.22890625 0.24609375 0.2671875
4 0.18125 0.76171875 0.31171875 0.04140625
2 0.134375 0.23515625 0.23515625 0.259375
4 0.1015625 0.21640625 0.13828125 0.034375
2 0.8734375 0.23515625 0.23984375 0.28671875
4 0.55078125 0.16484375 0.05625 0.03359375
2 0.24921875 0.50546875 0.4890625 0.23515625
4 0.55390625 0.44765625 0.06640625 0.03671875
4 0.68046875 0.50546875 0.315625 0.0421875
4 0.175 0.5015625 0.28828125 0.046875
4 0.79375 0.16171875 0.05234375 0.040625
0 0.79921875 0.3046875 0.06796875 0.0625
0 0.05 0.559375 0.0484375 0.05703125
4 0.30390625 0.1640625 0.0640625 0.04140625
4 0.059375 0.446875 0.065625 0.0359375
4 0.06015625 0.16328125 0.06171875 0.03671875
0 0.55625 0.55703125 0.0734375 0.0609375
0 0.30625 0.3046875 0.06640625 0.0609375
0 0.55546875 0.303125 0.0765625 0.06484375
4 0.5015625 0.95625 0.13671875 0.05078125
0 0.1421875 0.0390625 0.0828125 0.075
0 0.06015625 0.8234375 0.0703125 0.065625
0 0.05703125 0.0375 0.078125 0.07265625
0 0.05703125 0.3046875 0.0671875 0.0625
4 0.11484375 0.25078125 0.15859375 0.025
4 0.346875 0.21875 0.14921875 0.02265625
4 0.3484375 0.2484375 0.15859375 0.0296875
4 0.5984375 0.22109375 0.1578125 0.0265625
4 0.603125 0.2515625 0.16328125 0.02890625
4 0.84375 0.21875 0.15546875 0.03984375
4 0.8453125 0.25 0.15859375 0.02890625
4 0.05625 0.7171875 0.0546875 0.0359375
2 0.3734375 0.2296875 0.234375 0.25546875
2 0.7484375 0.50703125 0.4734375 0.23515625
2 0.5 0.77109375 0.9828125 0.2359375