2 0.37890625 0.22890625 0.24609375 0.2671875
4 0.81875 0.76171875 0.31171875 0.04140625
2 0.865625 0.23515625 0.23515625 0.259375
4 0.8984375 0.21640625 0.13828125 0.034375
2 0.1265625 0.23515625 0.23984375 0.28671875
4 0.44921875 0.16484375 0.05625 0.03359375
2 0.75078125 0.50546875 0.4890625 0.23515625
4 0.44609375 0.44765625 0.06640625 0.03671875
4 0.31953125 0.50546875 0.315625 0.0421875
4 0.825 0.5015625 0.28828125 0.046875
4 0.20625 0.16171875 0.05234375 0.040625
0 0.20078125 0.3046875 0.06796875 0.0625
0 0.95 0.559375 0.0484375 0.05703125
4 0.69609375 0.1640625 0.0640625 0.04140625
4 0.940625 0.446875 0.065625 0.0359375
4 0.93984375 0.16328125 0.06171875 0.03671875
0 0.44375 0.55703125 0.0734375 0.0609375
0 0.69375 0.3046875 0.06640625 0.0609375
0 0.44453125 0.303125 0.0765625 0.06484375
4 0.4984375 0.95625 0.13671875 0.05078125
0 0.8578125 0.0390625 0.0828125 0.075
0 0.93984375 0.8234375 0.0703125 0.065625
0 0.94296875 0.0375 0.078125 0.07265625
0 0.94296875 0.3046875 0.0671875 0.0625
4 0.88515625 0.25078125 0.15859375 0.025
4 0.653125 0.21875 0.14921875 0.02265625
4 0.6515625 0.2484375 0.15859375 0.0296875
4 0.4015625 0.22109375 0.1578125 0.0265625
4 0.396875 0.2515625 0.16328125 0.02890625
4 0.15625 0.21875 0.15546875 0.03984375
4 0.1546875 0.25 0.15859375 0.02890625
4 0.94375 0.7171875 0.0546875 0.0359375
2 0.6265625 0.2296875 0.234375 0.25546875
2 0.2515625 0.50703125 0.4734375 0.23515625
2 0.5 0.77109375 0.9828125 0.2359375