7 0.20390625 0.5625 0.05078125 0.05859375
2 0.1296875 0.4984375 0.23046875 0.28828125
0 0.86640625 0.4921875 0.2265625 0.2671875
4 0.90546875 0.47421875 0.11796875 0.03203125
4 0.4234375 0.47421875 0.10078125 0.0359375
2 0.75 0.21484375 0.48046875 0.22734375
2 0.38046875 0.51015625 0.2390625 0.29765625
4 0.68671875 0.475 0.07109375 0.03359375
4 0.20234375 0.421875 0.059375 0.04453125
4 0.6984375 0.54140625 0.0578125 0.0234375
4 0.44140625 0.5390625 0.07265625 0.028125
2 0.62421875 0.5078125 0.23828125 0.29609375
4 0.81796875 0.2109375 0.3171875 0.0515625
4 0.4484375 0.4265625 0.0625 0.04140625
4 0.31328125 0.21328125 0.33515625 0.04921875
4 0.44140625 0.1578125 0.065625 0.03828125
4 0.9484375 0.74296875 0.0421875 0.03671875
4 0.4984375 0.98125 0.12734375 0.03671875
0 0.20546875 0.56484375 0.053125 0.05625
4 0.8125 0.79375 0.35546875 0.06875
4 0.94375 0.15859375 0.05546875 0.04140625
4 0.69375 0.425 0.05625 0.040625
4 0.946875 0.421875 0.046875 0.0375
0 0.69765625 0.59375 0.0640625 0.06171875
0 0.44609375 0.59140625 0.06953125 0.05859375
0 0.77890625 0.03984375 0.0671875 0.07734375
0 0.9421875 0.0390625 0.078125 0.071875
0 0.85859375 0.03984375 0.078125 0.07734375
0 0.70625 0.040625 0.06640625 0.075
0 0.6296875 0.0421875 0.07890625 0.075
0 0.940625 0.8515625 0.07109375 0.06484375
0 0.93984375 0.2671875 0.07109375 0.06171875
0 0.946875 0.56484375 0.0671875 0.0640625
0 0.44375 0.2671875 0.0703125 0.0640625
4 0.8828125 0.51015625 0.17734375 0.0296875
4 0.63359375 0.5109375 0.18671875 0.0375
4 0.40703125 0.5109375 0.13515625 0.02109375
4 0.14609375 0.47734375 0.17265625 0.02890625
4 0.15703125 0.50703125 0.1453125 0.03515625
2 0.25390625 0.21484375 0.4765625 0.2390625
2 0.496875 0.8046875 0.9828125 0.2375