2 0.38125 0.23203125 0.228125 0.26640625
2 0.62265625 0.23125 0.22890625 0.27265625
4 0.54765625 0.1671875 0.0578125 0.03984375
2 0.8703125 0.2375 0.2359375 0.29921875
2 0.1328125 0.23515625 0.2328125 0.28046875
4 0.0515625 0.16875 0.04453125 0.0296875
4 0.3 0.165625 0.05078125 0.04140625
0 0.796875 0.309375 0.0609375 0.06171875
4 0.04453125 0.2453125 0.0296875 0.0265625
4 0.7984375 0.1609375 0.05703125 0.0359375
0 0.05859375 0.3046875 0.06953125 0.05859375
0 0.04921875 0.03828125 0.0546875 0.075
4 0.50234375 0.43515625 0.1359375 0.0625
0 0.1109375 0.040625 0.059375 0.07421875
0 0.3046875 0.30625 0.065625 0.06171875
0 0.55546875 0.30546875 0.071875 0.06484375
4 0.134375 0.21875 0.21328125 0.0328125
4 0.35078125 0.21796875 0.153125 0.028125
4 0.353125 0.2515625 0.1578125 0.02890625
4 0.621875 0.2203125 0.19609375 0.0296875
4 0.5640625 0.2453125 0.0921875 0.025
4 0.84140625 0.21953125 0.14765625 0.03203125
4 0.86328125 0.25390625 0.184375 0.034375