4 0.775 0.0671875 0.27890625 0.059375
4 0.3109375 0.16953125 0.27421875 0.053125
4 0.33828125 0.22890625 0.21875 0.04140625
4 0.37578125 0.303125 0.10546875 0.0390625
4 0.34609375 0.3671875 0.06640625 0.04296875
4 0.33203125 0.44140625 0.075 0.04453125
4 0.315625 0.509375 0.09375 0.04296875
4 0.37578125 0.61796875 0.09453125 0.04453125
4 0.36640625 0.68125 0.10390625 0.059375
4 0.1625 0.60546875 0.16875 0.04453125
4 0.19140625 0.6625 0.10390625 0.0390625
0 0.21953125 0.7703125 0.40390625 0.15703125
5 0.40390625 0.38125 0.04375 0.0515625
5 0.4015625 0.446875 0.03203125 0.040625
5 0.40234375 0.51953125 0.03359375 0.053125
3 0.75390625 0.375 0.290625 0.421875
3 0.87578125 0.7140625 0.07578125 0.1359375
3 0.78515625 0.7109375 0.08046875 0.1390625
3 0.69609375 0.7046875 0.07265625 0.13203125
3 0.6 0.6953125 0.07734375 0.12890625