4 0.225 0.0671875 0.27890625 0.059375
4 0.6890625 0.16953125 0.27421875 0.053125
4 0.66171875 0.22890625 0.21875 0.04140625
4 0.62421875 0.303125 0.10546875 0.0390625
4 0.65390625 0.3671875 0.06640625 0.04296875
4 0.66796875 0.44140625 0.075 0.04453125
4 0.684375 0.509375 0.09375 0.04296875
4 0.62421875 0.61796875 0.09453125 0.04453125
4 0.63359375 0.68125 0.10390625 0.059375
4 0.8375 0.60546875 0.16875 0.04453125
4 0.80859375 0.6625 0.10390625 0.0390625
0 0.78046875 0.7703125 0.40390625 0.15703125
5 0.59609375 0.38125 0.04375 0.0515625
5 0.5984375 0.446875 0.03203125 0.040625
5 0.59765625 0.51953125 0.03359375 0.053125
3 0.24609375 0.375 0.290625 0.421875
3 0.12421875 0.7140625 0.07578125 0.1359375
3 0.21484375 0.7109375 0.08046875 0.1390625
3 0.30390625 0.7046875 0.07265625 0.13203125
3 0.4 0.6953125 0.07734375 0.12890625