2 0.51328125 0.16328125 0.9703125 0.3265625
2 0.515625 0.5125 0.96796875 0.353125
2 0.5171875 0.846875 0.965625 0.30625
3 0.19140625 0.14921875 0.190625 0.2984375
4 0.37734375 0.06328125 0.1640625 0.0796875
4 0.38203125 0.13046875 0.18359375 0.06328125
4 0.56640625 0.23359375 0.55234375 0.14296875
4 0.428125 0.56015625 0.34140625 0.16171875
4 0.50234375 0.3953125 0.18359375 0.06015625
4 0.51640625 0.4703125 0.17265625 0.05859375
3 0.71796875 0.5203125 0.2 0.2859375
3 0.16796875 0.83125 0.2046875 0.278125
4 0.37890625 0.7296875 0.19609375 0.07109375
4 0.371875 0.79453125 0.184375 0.05546875
4 0.4375 0.89296875 0.3203125 0.13515625