4 0.17890625 0.765625 0.30703125 0.0421875
2 0.134375 0.22578125 0.23359375 0.26015625
2 0.62578125 0.23359375 0.23203125 0.2640625
2 0.87109375 0.22578125 0.228125 0.28359375
2 0.38046875 0.2296875 0.234375 0.26484375
2 0.49296875 0.51015625 0.984375 0.246875
4 0.8015625 0.1640625 0.078125 0.03515625
4 0.68203125 0.7703125 0.32734375 0.04296875
4 0.5484375 0.16484375 0.0515625 0.0421875
4 0.18515625 0.50703125 0.309375 0.04375
4 0.29921875 0.16640625 0.04375 0.03203125
0 0.54921875 0.8203125 0.0609375 0.06328125
4 0.0546875 0.7109375 0.05 0.03515625
0 0.79921875 0.30625 0.06171875 0.0640625
0 0.55 0.30625 0.05859375 0.06640625
4 0.05546875 0.1625 0.0578125 0.0421875
4 0.05859375 0.453125 0.053125 0.03515625
4 0.50234375 0.95546875 0.13515625 0.05859375
0 0.1140625 0.03984375 0.0609375 0.0734375
0 0.05078125 0.5640625 0.06171875 0.0609375
0 0.05234375 0.30625 0.06171875 0.06328125
0 0.0515625 0.0390625 0.065625 0.071875
0 0.30546875 0.3046875 0.06484375 0.0640625
0 0.05 0.82109375 0.06171875 0.06171875
0 0.18515625 0.040625 0.0734375 0.071875
4 0.128125 0.21875 0.2046875 0.03359375
4 0.0734375 0.2546875 0.08515625 0.0296875
4 0.35859375 0.2203125 0.1765625 0.03359375
4 0.34765625 0.25078125 0.1515625 0.02734375
4 0.59609375 0.22421875 0.15703125 0.03203125
4 0.6 0.25625 0.16640625 0.0359375
4 0.86328125 0.22109375 0.1953125 0.034375
4 0.8265625 0.25 0.12734375 0.02890625
4 0.5453125 0.71328125 0.04140625 0.03125
2 0.25234375 0.771875 0.47578125 0.2375
2 0.746875 0.76875 0.4796875 0.23359375