4 0.82109375 0.765625 0.30703125 0.0421875
2 0.865625 0.22578125 0.23359375 0.26015625
2 0.37421875 0.23359375 0.23203125 0.2640625
2 0.12890625 0.22578125 0.228125 0.28359375
2 0.61953125 0.2296875 0.234375 0.26484375
2 0.50703125 0.51015625 0.984375 0.246875
4 0.1984375 0.1640625 0.078125 0.03515625
4 0.31796875 0.7703125 0.32734375 0.04296875
4 0.4515625 0.16484375 0.0515625 0.0421875
4 0.81484375 0.50703125 0.309375 0.04375
4 0.70078125 0.16640625 0.04375 0.03203125
0 0.45078125 0.8203125 0.0609375 0.06328125
4 0.9453125 0.7109375 0.05 0.03515625
0 0.20078125 0.30625 0.06171875 0.0640625
0 0.45 0.30625 0.05859375 0.06640625
4 0.94453125 0.1625 0.0578125 0.0421875
4 0.94140625 0.453125 0.053125 0.03515625
4 0.49765625 0.95546875 0.13515625 0.05859375
0 0.8859375 0.03984375 0.0609375 0.0734375
0 0.94921875 0.5640625 0.06171875 0.0609375
0 0.94765625 0.30625 0.06171875 0.06328125
0 0.9484375 0.0390625 0.065625 0.071875
0 0.69453125 0.3046875 0.06484375 0.0640625
0 0.95 0.82109375 0.06171875 0.06171875
0 0.81484375 0.040625 0.0734375 0.071875
4 0.871875 0.21875 0.2046875 0.03359375
4 0.9265625 0.2546875 0.08515625 0.0296875
4 0.64140625 0.2203125 0.1765625 0.03359375
4 0.65234375 0.25078125 0.1515625 0.02734375
4 0.40390625 0.22421875 0.15703125 0.03203125
4 0.4 0.25625 0.16640625 0.0359375
4 0.13671875 0.22109375 0.1953125 0.034375
4 0.1734375 0.25 0.12734375 0.02890625
4 0.4546875 0.71328125 0.04140625 0.03125
2 0.74765625 0.771875 0.47578125 0.2375
2 0.253125 0.76875 0.4796875 0.23359375