4 0.66796875 0.246875 0.10703125 0.03203125
2 0.6203125 0.23203125 0.23203125 0.2671875
2 0.3796875 0.22890625 0.2296875 0.26953125
2 0.75 0.5078125 0.48984375 0.2484375
4 0.45078125 0.4484375 0.0546875 0.0375
2 0.12890625 0.23046875 0.22578125 0.28203125
2 0.8671875 0.23203125 0.23203125 0.265625
4 0.4484375 0.709375 0.0625 0.0390625
4 0.31953125 0.76640625 0.315625 0.0421875
4 0.9453125 0.70546875 0.0578125 0.03515625
4 0.45 0.1625 0.0546875 0.03828125
4 0.696875 0.1671875 0.0578125 0.03515625
4 0.30859375 0.5015625 0.32265625 0.05703125
4 0.81640625 0.5 0.31015625 0.05
0 0.1984375 0.30390625 0.06875 0.05703125
4 0.93984375 0.446875 0.06015625 0.0390625
0 0.95078125 0.30625 0.05390625 0.06171875
0 0.69921875 0.30625 0.05078125 0.0609375
0 0.88828125 0.0453125 0.059375 0.07421875
0 0.95 0.81796875 0.06015625 0.0625
0 0.44140625 0.81484375 0.07421875 0.06328125
4 0.49765625 0.953125 0.134375 0.05703125
4 0.93984375 0.16328125 0.0609375 0.0421875
0 0.93984375 0.55546875 0.071875 0.059375
0 0.95078125 0.0390625 0.06015625 0.071875
0 0.44375 0.3046875 0.07578125 0.06015625
0 0.44453125 0.55625 0.07265625 0.0625
0 0.81796875 0.0390625 0.075 0.0703125
4 0.88359375 0.2203125 0.1859375 0.02890625
4 0.9125 0.25 0.12734375 0.03125
4 0.6390625 0.21796875 0.175 0.03515625
4 0.38515625 0.2203125 0.1890625 0.03125
4 0.42578125 0.25390625 0.10703125 0.03125
4 0.13671875 0.22109375 0.19921875 0.028125
4 0.1828125 0.2546875 0.1015625 0.0328125
4 0.20234375 0.16953125 0.0546875 0.04765625
4 0.82578125 0.76484375 0.29765625 0.03828125
2 0.25078125 0.5109375 0.47890625 0.2453125
2 0.74921875 0.76875 0.47734375 0.24140625
2 0.25234375 0.76875 0.47890625 0.2359375