2 0.37734375 0.5140625 0.24296875 0.2765625
2 0.13125 0.23046875 0.2296875 0.28515625
4 0.44609375 0.16328125 0.06484375 0.034375
2 0.378125 0.2296875 0.228125 0.26484375
2 0.62265625 0.2296875 0.2296875 0.26875
2 0.1328125 0.51796875 0.2421875 0.27265625
2 0.62265625 0.52109375 0.2453125 0.25234375
2 0.87578125 0.2265625 0.246875 0.26640625
4 0.1984375 0.16484375 0.065625 0.03828125
4 0.2 0.4515625 0.059375 0.03984375
4 0.928125 0.24765625 0.09375 0.034375
2 0.87421875 0.51875 0.24140625 0.27109375
4 0.4421875 0.45390625 0.07421875 0.04609375
4 0.696875 0.16484375 0.05703125 0.0375
0 0.9421875 0.30390625 0.06484375 0.0546875
0 0.2046875 0.590625 0.05703125 0.06015625
4 0.6921875 0.453125 0.07109375 0.040625
4 0.94453125 0.1640625 0.053125 0.0296875
0 0.20625 0.30546875 0.05546875 0.059375
4 0.4984375 0.72890625 0.13671875 0.05703125
4 0.940625 0.45234375 0.059375 0.03828125
0 0.44140625 0.30390625 0.07578125 0.06015625
0 0.4421875 0.59140625 0.078125 0.0609375
0 0.94375 0.03984375 0.0734375 0.0703125
0 0.79296875 0.040625 0.0734375 0.0734375
0 0.6953125 0.59140625 0.06796875 0.0640625
0 0.93828125 0.590625 0.0734375 0.06328125
0 0.69375 0.3046875 0.06796875 0.0625
0 0.86796875 0.03984375 0.06875 0.075
4 0.87734375 0.21796875 0.19765625 0.034375
4 0.63984375 0.2203125 0.17265625 0.03359375
4 0.67109375 0.2515625 0.11484375 0.0234375
4 0.3921875 0.221875 0.184375 0.0296875
4 0.4203125 0.25078125 0.12109375 0.02734375
4 0.13046875 0.21796875 0.19921875 0.03515625
4 0.1765625 0.2515625 0.11640625 0.0328125
4 0.9046875 0.50546875 0.13984375 0.03984375
4 0.89921875 0.54296875 0.16015625 0.03515625
4 0.64921875 0.51015625 0.165625 0.03125
4 0.6453125 0.53515625 0.17109375 0.0359375
4 0.39140625 0.50859375 0.1703125 0.0359375
4 0.40078125 0.54453125 0.1515625 0.02734375
4 0.14609375 0.50859375 0.17421875 0.0296875
4 0.15859375 0.54140625 0.15546875 0.0359375