4 0.89765625 0.76328125 0.16328125 0.03828125
2 0.128125 0.753125 0.23828125 0.27578125
2 0.86953125 0.7546875 0.22890625 0.26640625
2 0.75 0.21875 0.47421875 0.23046875
4 0.94375 0.425 0.059375 0.0328125
4 0.20234375 0.67890625 0.053125 0.040625
4 0.45234375 0.6828125 0.0546875 0.03515625
4 0.44921875 0.16015625 0.04765625 0.0328125
4 0.6953125 0.6828125 0.0609375 0.0390625
4 0.82109375 0.21484375 0.3109375 0.0625
4 0.9421875 0.15859375 0.06328125 0.03671875
4 0.94375 0.68359375 0.06015625 0.040625
0 0.20078125 0.825 0.06328125 0.0609375
4 0.821875 0.475 0.31640625 0.0421875
0 0.69921875 0.828125 0.059375 0.06171875
4 0.4984375 0.95546875 0.134375 0.05703125
0 0.9359375 0.53046875 0.07578125 0.06171875
0 0.72265625 0.0390625 0.07421875 0.07578125
0 0.64296875 0.040625 0.07890625 0.075
0 0.94453125 0.0390625 0.07578125 0.0703125
0 0.44453125 0.26640625 0.06640625 0.06171875
0 0.44765625 0.82421875 0.07421875 0.06484375
0 0.86015625 0.03984375 0.0734375 0.07265625
0 0.94296875 0.825 0.07109375 0.0640625
0 0.93671875 0.26796875 0.07421875 0.0625
0 0.790625 0.0390625 0.05625 0.07578125
4 0.32265625 0.2171875 0.30546875 0.04296875
4 0.88828125 0.73984375 0.1640625 0.02578125
4 0.640625 0.7390625 0.1765625 0.02734375
4 0.65625 0.76796875 0.153125 0.03046875
4 0.38671875 0.73828125 0.18515625 0.0328125
4 0.415625 0.77109375 0.121875 0.03125
4 0.1375 0.7390625 0.190625 0.02734375
4 0.18203125 0.7671875 0.1078125 0.02890625
2 0.24921875 0.21796875 0.4859375 0.2453125
2 0.49765625 0.475 0.98515625 0.2421875
2 0.621875 0.75 0.23671875 0.26640625
2 0.375 0.753125 0.234375 0.25703125