4 0.10234375 0.76328125 0.16328125 0.03828125
2 0.871875 0.753125 0.23828125 0.27578125
2 0.13046875 0.7546875 0.22890625 0.26640625
2 0.25 0.21875 0.47421875 0.23046875
4 0.05625 0.425 0.059375 0.0328125
4 0.79765625 0.67890625 0.053125 0.040625
4 0.54765625 0.6828125 0.0546875 0.03515625
4 0.55078125 0.16015625 0.04765625 0.0328125
4 0.3046875 0.6828125 0.0609375 0.0390625
4 0.17890625 0.21484375 0.3109375 0.0625
4 0.0578125 0.15859375 0.06328125 0.03671875
4 0.05625 0.68359375 0.06015625 0.040625
0 0.79921875 0.825 0.06328125 0.0609375
4 0.178125 0.475 0.31640625 0.0421875
0 0.30078125 0.828125 0.059375 0.06171875
4 0.5015625 0.95546875 0.134375 0.05703125
0 0.0640625 0.53046875 0.07578125 0.06171875
0 0.27734375 0.0390625 0.07421875 0.07578125
0 0.35703125 0.040625 0.07890625 0.075
0 0.05546875 0.0390625 0.07578125 0.0703125
0 0.55546875 0.26640625 0.06640625 0.06171875
0 0.55234375 0.82421875 0.07421875 0.06484375
0 0.13984375 0.03984375 0.0734375 0.07265625
0 0.05703125 0.825 0.07109375 0.0640625
0 0.06328125 0.26796875 0.07421875 0.0625
0 0.209375 0.0390625 0.05625 0.07578125
4 0.67734375 0.2171875 0.30546875 0.04296875
4 0.11171875 0.73984375 0.1640625 0.02578125
4 0.359375 0.7390625 0.1765625 0.02734375
4 0.34375 0.76796875 0.153125 0.03046875
4 0.61328125 0.73828125 0.18515625 0.0328125
4 0.584375 0.77109375 0.121875 0.03125
4 0.8625 0.7390625 0.190625 0.02734375
4 0.81796875 0.7671875 0.1078125 0.02890625
2 0.75078125 0.21796875 0.4859375 0.2453125
2 0.50234375 0.475 0.98515625 0.2421875
2 0.378125 0.75 0.23671875 0.26640625
2 0.625 0.753125 0.234375 0.25703125