3 0.74140625 0.86015625 0.04609375 0.0453125
4 0.16640625 0.671875 0.1859375 0.0328125
6 0.43671875 0.39765625 0.23359375 0.07578125
5 0.7421875 0.8609375 0.04453125 0.04296875
0 0.525 0.94453125 0.0609375 0.0484375
7 0.17109375 0.2546875 0.225 0.1140625
0 0.69765625 0.4015625 0.2265625 0.06953125
0 0.7046875 0.94609375 0.0625 0.0515625
1 0.0796875 0.859375 0.04453125 0.04296875
3 0.52109375 0.86015625 0.04296875 0.0453125
0 0.43671875 0.94453125 0.05546875 0.0484375
0 0.925 0.05 0.12109375 0.034375
4 0.16171875 0.4109375 0.2015625 0.04296875
4 0.1625 0.75625 0.19609375 0.04140625
4 0.16328125 0.49921875 0.19140625 0.03984375
4 0.85546875 0.86015625 0.175 0.03125
4 0.43125 0.71328125 0.15859375 0.0296875
4 0.17578125 0.8578125 0.13046875 0.034375
0 0.78828125 0.9453125 0.0625 0.05
4 0.39453125 0.859375 0.1359375 0.0328125
5 0.52265625 0.86015625 0.04453125 0.0484375
4 0.16328125 0.5859375 0.19453125 0.03671875
3 0.69765625 0.609375 0.23046875 0.2078125
4 0.63203125 0.8578125 0.16796875 0.034375
0 0.16640625 0.0828125 0.23203125 0.1140625
0 0.60703125 0.08515625 0.22109375 0.1109375
0 0.8296875 0.0828125 0.2265625 0.12421875
0 0.39140625 0.08125 0.23203125 0.11796875
0 0.43671875 0.2578125 0.2265625 0.12421875
0 0.69921875 0.25546875 0.23359375 0.1265625
2 0.16953125 0.58671875 0.2390625 0.45
2 0.43203125 0.55859375 0.225 0.128125
4 0.41796875 0.52734375 0.125 0.02421875
1 0.3046875 0.859375 0.0515625 0.03984375
0 0.61015625 0.94453125 0.0625 0.05859375
0 0.33515625 0.94609375 0.09140625 0.0484375
0 0.8984375 0.9453125 0.09609375 0.046875