3 0.25859375 0.86015625 0.04609375 0.0453125
4 0.83359375 0.671875 0.1859375 0.0328125
6 0.56328125 0.39765625 0.23359375 0.07578125
5 0.2578125 0.8609375 0.04453125 0.04296875
0 0.475 0.94453125 0.0609375 0.0484375
7 0.82890625 0.2546875 0.225 0.1140625
0 0.30234375 0.4015625 0.2265625 0.06953125
0 0.2953125 0.94609375 0.0625 0.0515625
1 0.9203125 0.859375 0.04453125 0.04296875
3 0.47890625 0.86015625 0.04296875 0.0453125
0 0.56328125 0.94453125 0.05546875 0.0484375
0 0.075 0.05 0.12109375 0.034375
4 0.83828125 0.4109375 0.2015625 0.04296875
4 0.8375 0.75625 0.19609375 0.04140625
4 0.83671875 0.49921875 0.19140625 0.03984375
4 0.14453125 0.86015625 0.175 0.03125
4 0.56875 0.71328125 0.15859375 0.0296875
4 0.82421875 0.8578125 0.13046875 0.034375
0 0.21171875 0.9453125 0.0625 0.05
4 0.60546875 0.859375 0.1359375 0.0328125
5 0.47734375 0.86015625 0.04453125 0.0484375
4 0.83671875 0.5859375 0.19453125 0.03671875
3 0.30234375 0.609375 0.23046875 0.2078125
4 0.36796875 0.8578125 0.16796875 0.034375
0 0.83359375 0.0828125 0.23203125 0.1140625
0 0.39296875 0.08515625 0.22109375 0.1109375
0 0.1703125 0.0828125 0.2265625 0.12421875
0 0.60859375 0.08125 0.23203125 0.11796875
0 0.56328125 0.2578125 0.2265625 0.12421875
0 0.30078125 0.25546875 0.23359375 0.1265625
2 0.83046875 0.58671875 0.2390625 0.45
2 0.56796875 0.55859375 0.225 0.128125
4 0.58203125 0.52734375 0.125 0.02421875
1 0.6953125 0.859375 0.0515625 0.03984375
0 0.38984375 0.94453125 0.0625 0.05859375
0 0.66484375 0.94609375 0.09140625 0.0484375
0 0.1015625 0.9453125 0.09609375 0.046875