4 0.425 0.76875 0.103125 0.0296875
0 0.80859375 0.03984375 0.0578125 0.07421875
2 0.128125 0.75546875 0.23828125 0.27421875
4 0.4484375 0.16015625 0.053125 0.04453125
4 0.31796875 0.2109375 0.31484375 0.04140625
2 0.75 0.21640625 0.4859375 0.24453125
2 0.8671875 0.75625 0.23515625 0.265625
4 0.69765625 0.6828125 0.06015625 0.04140625
4 0.82109375 0.215625 0.3125 0.0453125
4 0.20078125 0.68359375 0.0609375 0.03984375
0 0.9453125 0.5296875 0.05859375 0.059375
4 0.9484375 0.159375 0.04296875 0.040625
0 0.69921875 0.8234375 0.0609375 0.065625
4 0.94375 0.68203125 0.0546875 0.03828125
4 0.4484375 0.68359375 0.0609375 0.04453125
4 0.83203125 0.47421875 0.28671875 0.04375
0 0.2 0.82578125 0.06484375 0.0625
4 0.94453125 0.42734375 0.05078125 0.034375
0 0.4515625 0.825 0.05546875 0.0625
0 0.93828125 0.825 0.0765625 0.0640625
4 0.4984375 0.95546875 0.13515625 0.05625
0 0.95078125 0.26953125 0.05703125 0.06328125
0 0.4453125 0.2671875 0.0671875 0.0625
0 0.6546875 0.0421875 0.0828125 0.0796875
0 0.94453125 0.0390625 0.07265625 0.0703125
0 0.87265625 0.03984375 0.0609375 0.07578125
4 0.88515625 0.73984375 0.17890625 0.02578125
4 0.89921875 0.76953125 0.14453125 0.03515625
4 0.63125 0.740625 0.1890625 0.03515625
4 0.6796875 0.76796875 0.09296875 0.025
4 0.38125 0.73515625 0.19453125 0.04375
4 0.1390625 0.73984375 0.184375 0.03125
4 0.1703125 0.771875 0.12734375 0.03046875
2 0.25078125 0.21875 0.48203125 0.25078125
2 0.50078125 0.48203125 0.98515625 0.2421875
2 0.62421875 0.7546875 0.23671875 0.27265625
2 0.378125 0.753125 0.23828125 0.26953125
0 0.7390625 0.0390625 0.0765625 0.07421875