2 0.2515625 0.2203125 0.48671875 0.246875
4 0.29609375 0.425 0.03984375 0.03671875
2 0.37734375 0.49140625 0.23515625 0.26015625
2 0.12734375 0.49140625 0.23671875 0.2703125
4 0.5546875 0.15703125 0.05625 0.03984375
4 0.0546875 0.7109375 0.05 0.03125
4 0.18828125 0.7671875 0.31796875 0.0359375
4 0.79375 0.41953125 0.04921875 0.0375
4 0.5515625 0.42109375 0.0578125 0.03984375
4 0.67421875 0.2125 0.30390625 0.04453125
4 0.05 0.15859375 0.04375 0.0359375
4 0.18359375 0.21328125 0.309375 0.03671875
0 0.80234375 0.56328125 0.071875 0.0578125
0 0.55234375 0.26796875 0.06171875 0.0625
4 0.059375 0.42421875 0.06328125 0.0359375
0 0.11484375 0.04140625 0.06640625 0.07578125
0 0.55234375 0.5625 0.07109375 0.06796875
0 0.3078125 0.5625 0.06875 0.05859375
0 0.0484375 0.03984375 0.05390625 0.07421875
4 0.5015625 0.95625 0.13671875 0.05234375
0 0.06015625 0.8234375 0.07421875 0.065625
0 0.06171875 0.2671875 0.0734375 0.0640625
0 0.0515625 0.56484375 0.06328125 0.0625
0 0.19140625 0.03984375 0.08203125 0.078125
4 0.10859375 0.47734375 0.1703125 0.03359375
4 0.09609375 0.509375 0.14453125 0.03203125
4 0.33203125 0.4796875 0.1046875 0.0328125
4 0.365625 0.5078125 0.1765625 0.03515625
4 0.61796875 0.4796875 0.18984375 0.04140625
4 0.57734375 0.5109375 0.11328125 0.0265625
4 0.85625 0.4765625 0.17890625 0.03515625
4 0.83203125 0.5078125 0.13359375 0.03125
2 0.75078125 0.21953125 0.4859375 0.2546875
2 0.62265625 0.49609375 0.23984375 0.27109375
2 0.871875 0.4921875 0.240625 0.27578125
2 0.5015625 0.7734375 0.98671875 0.2484375