2 0.87109375 0.23671875 0.2359375 0.2703125
4 0.9171875 0.246875 0.11015625 0.03671875
2 0.375 0.2296875 0.23359375 0.26953125
2 0.13125 0.23046875 0.23984375 0.27734375
2 0.6203125 0.23125 0.2328125 0.265625
4 0.20859375 0.16328125 0.04296875 0.0296875
4 0.45078125 0.165625 0.05625 0.03203125
0 0.20390625 0.30546875 0.059375 0.0640625
0 0.4546875 0.30703125 0.05859375 0.06484375
4 0.95078125 0.16328125 0.040625 0.03515625
0 0.7 0.3078125 0.05859375 0.06171875
4 0.69765625 0.1609375 0.05234375 0.03671875
4 0.49765625 0.4359375 0.13671875 0.06171875
0 0.878125 0.03984375 0.071875 0.075
0 0.94140625 0.30390625 0.071875 0.06484375
0 0.8 0.0375 0.06953125 0.0734375
0 0.94921875 0.03828125 0.0625 0.07265625
0 0.72265625 0.0390625 0.07578125 0.07265625
4 0.87421875 0.21875 0.19453125 0.02578125
4 0.659375 0.21796875 0.1296875 0.03515625
4 0.6390625 0.2515625 0.17109375 0.03203125
4 0.37890625 0.21875 0.19453125 0.03359375
4 0.4203125 0.2515625 0.11640625 0.03203125
4 0.1625 0.21953125 0.13359375 0.03125
4 0.153125 0.25078125 0.15234375 0.03515625