2 0.12890625 0.23671875 0.2359375 0.2703125
4 0.0828125 0.246875 0.11015625 0.03671875
2 0.625 0.2296875 0.23359375 0.26953125
2 0.86875 0.23046875 0.23984375 0.27734375
2 0.3796875 0.23125 0.2328125 0.265625
4 0.79140625 0.16328125 0.04296875 0.0296875
4 0.54921875 0.165625 0.05625 0.03203125
0 0.79609375 0.30546875 0.059375 0.0640625
0 0.5453125 0.30703125 0.05859375 0.06484375
4 0.04921875 0.16328125 0.040625 0.03515625
0 0.3 0.3078125 0.05859375 0.06171875
4 0.30234375 0.1609375 0.05234375 0.03671875
4 0.50234375 0.4359375 0.13671875 0.06171875
0 0.121875 0.03984375 0.071875 0.075
0 0.05859375 0.30390625 0.071875 0.06484375
0 0.2 0.0375 0.06953125 0.0734375
0 0.05078125 0.03828125 0.0625 0.07265625
0 0.27734375 0.0390625 0.07578125 0.07265625
4 0.12578125 0.21875 0.19453125 0.02578125
4 0.340625 0.21796875 0.1296875 0.03515625
4 0.3609375 0.2515625 0.17109375 0.03203125
4 0.62109375 0.21875 0.19453125 0.03359375
4 0.5796875 0.2515625 0.11640625 0.03203125
4 0.8375 0.21953125 0.13359375 0.03125
4 0.846875 0.25078125 0.15234375 0.03515625