2 0.128125 0.23828125 0.23671875 0.2765625
3 0.94453125 0.040625 0.07421875 0.078125
4 0.45234375 0.70859375 0.046875 0.03828125
2 0.75 0.771875 0.484375 0.23203125
2 0.86640625 0.22890625 0.240625 0.26015625
4 0.88984375 0.21875 0.16484375 0.0328125
2 0.6171875 0.22578125 0.23203125 0.26171875
4 0.321875 0.76484375 0.30234375 0.04453125
2 0.37578125 0.234375 0.234375 0.26484375
4 0.8171875 0.76796875 0.30625 0.04921875
4 0.20390625 0.165625 0.05390625 0.03984375
4 0.8203125 0.50546875 0.296875 0.03828125
4 0.7046875 0.16640625 0.040625 0.03125
0 0.44921875 0.821875 0.0484375 0.0609375
4 0.44765625 0.16484375 0.06171875 0.03828125
4 0.9453125 0.71015625 0.05078125 0.03125
4 0.94609375 0.45390625 0.04609375 0.034375
4 0.94296875 0.1609375 0.06015625 0.04453125
0 0.19609375 0.303125 0.0765625 0.06015625
4 0.49765625 0.95546875 0.13515625 0.0578125
0 0.69609375 0.3046875 0.06171875 0.0640625
0 0.9515625 0.8203125 0.059375 0.06328125
0 0.44453125 0.30390625 0.07265625 0.0625
0 0.9421875 0.5625 0.06796875 0.05625
0 0.9453125 0.0375 0.07265625 0.07265625
0 0.9453125 0.30703125 0.0640625 0.06328125
0 0.871875 0.03984375 0.06796875 0.07265625
4 0.9140625 0.25234375 0.1140625 0.03046875
4 0.63828125 0.21875 0.171875 0.0359375
4 0.6546875 0.25078125 0.146875 0.0328125
4 0.40546875 0.21875 0.1453125 0.02890625
4 0.39375 0.253125 0.16484375 0.0296875
4 0.165625 0.21875 0.13203125 0.02578125
4 0.13671875 0.25 0.18984375 0.03125
2 0.4984375 0.51328125 0.98046875 0.24765625
2 0.2515625 0.771875 0.4828125 0.24765625