2 0.871875 0.23828125 0.23671875 0.2765625
3 0.05546875 0.040625 0.07421875 0.078125
4 0.54765625 0.70859375 0.046875 0.03828125
2 0.25 0.771875 0.484375 0.23203125
2 0.13359375 0.22890625 0.240625 0.26015625
4 0.11015625 0.21875 0.16484375 0.0328125
2 0.3828125 0.22578125 0.23203125 0.26171875
4 0.678125 0.76484375 0.30234375 0.04453125
2 0.62421875 0.234375 0.234375 0.26484375
4 0.1828125 0.76796875 0.30625 0.04921875
4 0.79609375 0.165625 0.05390625 0.03984375
4 0.1796875 0.50546875 0.296875 0.03828125
4 0.2953125 0.16640625 0.040625 0.03125
0 0.55078125 0.821875 0.0484375 0.0609375
4 0.55234375 0.16484375 0.06171875 0.03828125
4 0.0546875 0.71015625 0.05078125 0.03125
4 0.05390625 0.45390625 0.04609375 0.034375
4 0.05703125 0.1609375 0.06015625 0.04453125
0 0.80390625 0.303125 0.0765625 0.06015625
4 0.50234375 0.95546875 0.13515625 0.0578125
0 0.30390625 0.3046875 0.06171875 0.0640625
0 0.0484375 0.8203125 0.059375 0.06328125
0 0.55546875 0.30390625 0.07265625 0.0625
0 0.0578125 0.5625 0.06796875 0.05625
0 0.0546875 0.0375 0.07265625 0.07265625
0 0.0546875 0.30703125 0.0640625 0.06328125
0 0.128125 0.03984375 0.06796875 0.07265625
4 0.0859375 0.25234375 0.1140625 0.03046875
4 0.36171875 0.21875 0.171875 0.0359375
4 0.3453125 0.25078125 0.146875 0.0328125
4 0.59453125 0.21875 0.1453125 0.02890625
4 0.60625 0.253125 0.16484375 0.0296875
4 0.834375 0.21875 0.13203125 0.02578125
4 0.86328125 0.25 0.18984375 0.03125
2 0.5015625 0.51328125 0.98046875 0.24765625
2 0.7484375 0.771875 0.4828125 0.24765625