2 0.62265625 0.51953125 0.25078125 0.26484375
2 0.62421875 0.8171875 0.2296875 0.26484375
2 0.62265625 0.23203125 0.2328125 0.26640625
4 0.91015625 0.24375 0.12421875 0.03515625
2 0.12890625 0.5296875 0.23359375 0.2734375
2 0.12890625 0.8296875 0.246875 0.31484375
2 0.37578125 0.52109375 0.24140625 0.27890625
0 0.20703125 0.92421875 0.05625 0.06015625
2 0.3796875 0.22734375 0.228125 0.2625
2 0.37578125 0.81640625 0.22421875 0.27734375
2 0.87109375 0.521875 0.24453125 0.26171875
2 0.128125 0.22890625 0.2328125 0.2765625
2 0.871875 0.2265625 0.23984375 0.26171875
2 0.8671875 0.81484375 0.23359375 0.2796875
4 0.69921875 0.7453125 0.06015625 0.03671875
4 0.209375 0.7421875 0.0453125 0.03828125
4 0.69921875 0.45625 0.05859375 0.03515625
4 0.44765625 0.7453125 0.06171875 0.034375
4 0.19921875 0.453125 0.07109375 0.0359375
4 0.20390625 0.16484375 0.05390625 0.04140625
0 0.4515625 0.884375 0.0640625 0.06015625
4 0.69765625 0.1609375 0.0578125 0.03515625
0 0.19921875 0.30546875 0.0609375 0.05703125
4 0.4484375 0.45 0.05703125 0.04140625
4 0.93828125 0.7421875 0.06171875 0.03671875
4 0.94375 0.16171875 0.0546875 0.034375
0 0.69375 0.88515625 0.07109375 0.059375
4 0.9453125 0.45078125 0.05703125 0.0421875
0 0.19921875 0.5921875 0.071875 0.0609375
0 0.86171875 0.0375 0.0796875 0.07265625
0 0.4484375 0.59296875 0.06484375 0.06328125
0 0.94375 0.8828125 0.0625 0.05859375
4 0.44921875 0.16171875 0.05703125 0.0390625
0 0.9421875 0.59140625 0.0703125 0.06171875
0 0.9421875 0.3046875 0.07109375 0.0625
0 0.44609375 0.3046875 0.0765625 0.06171875
0 0.69375 0.59140625 0.06953125 0.06015625
0 0.9453125 0.03828125 0.07421875 0.07265625
0 0.69296875 0.3046875 0.06796875 0.05703125
4 0.63984375 0.21796875 0.16953125 0.0265625
4 0.66328125 0.25 0.12265625 0.034375
4 0.890625 0.21484375 0.16171875 0.02578125
4 0.4265625 0.2171875 0.10703125 0.0359375
4 0.3828125 0.2484375 0.19921875 0.025
4 0.16875 0.21640625 0.125 0.03125
4 0.1359375 0.25 0.1921875 0.0328125
4 0.88203125 0.50859375 0.178125 0.0328125
4 0.90390625 0.540625 0.13359375 0.0328125
4 0.63203125 0.51015625 0.1875 0.0328125
4 0.66015625 0.54140625 0.13046875 0.02890625
4 0.415625 0.50546875 0.13203125 0.0375
4 0.39921875 0.53984375 0.1703125 0.0328125
4 0.13125 0.5109375 0.20234375 0.0375
4 0.1765625 0.5421875 0.1140625 0.03046875
4 0.890625 0.79921875 0.16171875 0.03203125
4 0.890625 0.8296875 0.1578125 0.02890625
4 0.63671875 0.796875 0.18046875 0.0328125
4 0.66953125 0.8296875 0.11953125 0.034375
4 0.41640625 0.8 0.12734375 0.0296875
4 0.38203125 0.83046875 0.19453125 0.0328125
4 0.22265625 0.80078125 0.01796875 0.02734375
4 0.12734375 0.8328125 0.20625 0.0328125
4 0.184375 0.86328125 0.0984375 0.03203125