4 0.4046875 0.47578125 0.14453125 0.03515625
2 0.7484375 0.21796875 0.49296875 0.24140625
4 0.44921875 0.1578125 0.046875 0.0359375
4 0.81484375 0.76484375 0.3125 0.034375
0 0.70234375 0.56484375 0.05078125 0.0578125
2 0.871875 0.49296875 0.24296875 0.26015625
4 0.203125 0.42421875 0.05546875 0.04453125
4 0.815625 0.2140625 0.3171875 0.03515625
4 0.44609375 0.421875 0.06875 0.03984375
4 0.31875 0.21640625 0.3140625 0.04375
4 0.696875 0.4203125 0.06015625 0.040625
0 0.19765625 0.5625 0.07109375 0.06015625
0 0.45078125 0.56484375 0.06484375 0.06328125
4 0.9421875 0.71171875 0.065625 0.03984375
4 0.94453125 0.4234375 0.05390625 0.040625
0 0.43828125 0.2703125 0.07421875 0.06484375
4 0.940625 0.16015625 0.059375 0.03671875
0 0.94296875 0.03828125 0.0765625 0.07421875
0 0.8078125 0.03984375 0.05859375 0.075
0 0.93984375 0.82421875 0.07265625 0.06328125
4 0.4984375 0.95625 0.13671875 0.05234375
0 0.94609375 0.26796875 0.06171875 0.0609375
0 0.7421875 0.03984375 0.065625 0.07578125
0 0.9453125 0.56484375 0.06484375 0.06171875
0 0.87109375 0.0390625 0.0640625 0.075
4 0.8875 0.47890625 0.16953125 0.02890625
4 0.90859375 0.51015625 0.1359375 0.02890625
4 0.6484375 0.4796875 0.159375 0.034375
4 0.6578125 0.509375 0.13828125 0.02734375
4 0.40078125 0.5125 0.15234375 0.02890625
4 0.15390625 0.4796875 0.15234375 0.02734375
4 0.14609375 0.50859375 0.17421875 0.0296875
2 0.25234375 0.21484375 0.48203125 0.2390625
2 0.6234375 0.49375 0.24375 0.2734375
2 0.3765625 0.49140625 0.2390625 0.26640625
2 0.1296875 0.48984375 0.23828125 0.26875
2 0.49921875 0.7734375 0.98203125 0.2453125