4 0.54765625 0.4265625 0.05390625 0.03828125
2 0.25078125 0.2171875 0.48515625 0.253125
4 0.07734375 0.50546875 0.10546875 0.03515625
2 0.8671875 0.490625 0.24453125 0.2671875
4 0.296875 0.4203125 0.040625 0.0328125
4 0.55390625 0.16015625 0.05390625 0.040625
4 0.1765625 0.76640625 0.2875 0.0421875
4 0.059375 0.7140625 0.06171875 0.03359375
4 0.67421875 0.215625 0.296875 0.04921875
4 0.18984375 0.21640625 0.32421875 0.03828125
0 0.54765625 0.26796875 0.05546875 0.06328125
0 0.80078125 0.5640625 0.071875 0.0640625
4 0.0515625 0.4234375 0.0453125 0.0359375
4 0.059375 0.16171875 0.05546875 0.0390625
0 0.0578125 0.5640625 0.0671875 0.05703125
0 0.55546875 0.56328125 0.0703125 0.059375
0 0.05625 0.03828125 0.07734375 0.07109375
4 0.5015625 0.95625 0.13671875 0.05234375
0 0.134375 0.03828125 0.07578125 0.075
0 0.053125 0.825 0.0640625 0.06640625
0 0.30625 0.56328125 0.06640625 0.05703125
0 0.05703125 0.271875 0.07109375 0.0640625
4 0.12421875 0.48125 0.20234375 0.03359375
4 0.375 0.475 0.1984375 0.028125
4 0.33046875 0.509375 0.109375 0.02421875
4 0.6171875 0.47890625 0.19609375 0.034375
4 0.5734375 0.51171875 0.11171875 0.0296875
4 0.79375 0.43359375 0.05625 0.0515625
4 0.83984375 0.47890625 0.14765625 0.03125
4 0.83828125 0.51015625 0.14765625 0.02890625
2 0.74921875 0.215625 0.4828125 0.2453125
2 0.128125 0.49140625 0.2390625 0.26640625
2 0.37578125 0.49296875 0.2359375 0.2640625
2 0.62109375 0.48984375 0.23671875 0.26875
2 0.50234375 0.77265625 0.97890625 0.246875