2 0.1328125 0.23125 0.23515625 0.26015625
2 0.25 0.7734375 0.49453125 0.2484375
2 0.8703125 0.23671875 0.23828125 0.29140625
0 0.6234375 0.23359375 0.23359375 0.26640625
4 0.79296875 0.1625 0.0484375 0.03828125
4 0.05625 0.71015625 0.0515625 0.03203125
0 0.546875 0.82109375 0.0546875 0.059375
4 0.17890625 0.50703125 0.29921875 0.03515625
4 0.5515625 0.71015625 0.06015625 0.04296875
4 0.553125 0.16171875 0.05390625 0.0375
4 0.06015625 0.453125 0.0640625 0.0390625
0 0.05 0.56484375 0.06015625 0.0640625
0 0.790625 0.30625 0.0484375 0.0625
4 0.30390625 0.16171875 0.06171875 0.0390625
4 0.053125 0.1609375 0.0453125 0.03515625
4 0.50234375 0.95546875 0.13515625 0.05859375
0 0.04921875 0.8203125 0.05859375 0.06171875
0 0.55703125 0.30390625 0.0734375 0.06171875
0 0.30625 0.3046875 0.06640625 0.06015625
0 0.12578125 0.03828125 0.0578125 0.075
0 0.05703125 0.30546875 0.06953125 0.0609375
0 0.05625 0.0390625 0.07421875 0.071875
4 0.09609375 0.22265625 0.13984375 0.03125
4 0.1046875 0.25234375 0.1484375 0.03125
4 0.36796875 0.21640625 0.18359375 0.03125
4 0.33515625 0.25078125 0.12109375 0.03515625
4 0.58984375 0.215625 0.1421875 0.0328125
4 0.6140625 0.25390625 0.1921875 0.0359375
2 0.84140625 0.21953125 0.14765625 0.03515625
2 0.8453125 0.253125 0.1546875 0.0359375
2 0.16328125 0.7671875 0.271875 0.05
2 0.6734375 0.77109375 0.29140625 0.04609375
2 0.4984375 0.51015625 0.98828125 0.25078125
2 0.74765625 0.7734375 0.48203125 0.26171875