2 0.75234375 0.22265625 0.490625 0.25
4 0.44375 0.15625 0.06328125 0.0359375
4 0.8203125 0.21875 0.31328125 0.04296875
4 0.93984375 0.15703125 0.0609375 0.0390625
4 0.4984375 0.4046875 0.1328125 0.059375
0 0.72578125 0.0390625 0.0640625 0.0765625
0 0.94375 0.03984375 0.0734375 0.0703125
0 0.86484375 0.03984375 0.07578125 0.07734375
0 0.44296875 0.26640625 0.071875 0.06484375
0 0.79140625 0.040625 0.06015625 0.0765625
0 0.946875 0.26875 0.0625 0.06328125
4 0.31796875 0.21796875 0.315625 0.0453125
2 0.25078125 0.2171875 0.490625 0.2546875