2 0.1328125 0.23515625 0.23515625 0.2875
4 0.4375 0.2484375 0.08515625 0.0359375
2 0.86875 0.23125 0.2359375 0.2828125
2 0.62109375 0.2296875 0.2328125 0.26796875
4 0.4515625 0.1640625 0.0546875 0.0390625
4 0.196875 0.16484375 0.05859375 0.03984375
4 0.69765625 0.16640625 0.0609375 0.03984375
4 0.9421875 0.16328125 0.059375 0.03515625
0 0.19921875 0.30546875 0.07109375 0.0625
0 0.4484375 0.30703125 0.0640625 0.06875
4 0.49765625 0.4359375 0.1359375 0.06171875
0 0.9484375 0.3078125 0.06171875 0.06328125
0 0.865625 0.03984375 0.07734375 0.07734375
0 0.94375 0.0375 0.0734375 0.07421875
0 0.69453125 0.30546875 0.06953125 0.0640625
2 0.37734375 0.228125 0.23515625 0.28359375
4 0.95390625 0.21875 0.03671875 0.01875
4 0.86640625 0.24921875 0.22265625 0.034375
4 0.6671875 0.2171875 0.10859375 0.025
4 0.634375 0.24765625 0.1828125 0.0359375
4 0.38125 0.215625 0.1984375 0.03515625
4 0.13359375 0.21875 0.2015625 0.03359375
4 0.17578125 0.25234375 0.1265625 0.02734375