2 0.87265625 0.75 0.253125 0.28515625
4 0.3125 0.21484375 0.32890625 0.046875
4 0.42578125 0.7671875 0.10390625 0.034375
4 0.6671875 0.76796875 0.109375 0.03515625
4 0.1859375 0.771875 0.1015625 0.0453125
2 0.75 0.22109375 0.49296875 0.25859375
4 0.91796875 0.76796875 0.1109375 0.03671875
4 0.44609375 0.68359375 0.0703125 0.03671875
4 0.44375 0.15703125 0.06015625 0.03984375
4 0.69765625 0.68515625 0.05546875 0.03359375
4 0.9453125 0.42578125 0.05390625 0.0390625
0 0.95078125 0.82421875 0.0515625 0.05703125
0 0.2078125 0.82578125 0.05078125 0.05625
4 0.81328125 0.21484375 0.315625 0.046875
4 0.81640625 0.47265625 0.35 0.05703125
4 0.9390625 0.68359375 0.0609375 0.0375
4 0.93984375 0.16015625 0.05390625 0.03515625
4 0.4984375 0.95546875 0.134375 0.0546875
0 0.44765625 0.825 0.06953125 0.0609375
0 0.94140625 0.53125 0.0671875 0.0625
0 0.69453125 0.8265625 0.07109375 0.06328125
0 0.80859375 0.04375 0.0609375 0.0765625
0 0.44453125 0.26640625 0.0671875 0.06328125
0 0.9375 0.26796875 0.07421875 0.06171875
0 0.9453125 0.03828125 0.07421875 0.07109375
0 0.87265625 0.03984375 0.06328125 0.075
2 0.2515625 0.215625 0.48203125 0.25234375
2 0.5015625 0.4828125 0.98125 0.240625
2 0.62265625 0.753125 0.2390625 0.275
2 0.3796875 0.753125 0.24453125 0.2828125
2 0.12890625 0.7515625 0.2453125 0.2703125
4 0.134375 0.73984375 0.209375 0.03984375
4 0.38203125 0.734375 0.1984375 0.0375
4 0.6265625 0.73671875 0.2109375 0.025
4 0.875 0.7390625 0.1984375 0.03125