2 0.12734375 0.75 0.253125 0.28515625
4 0.6875 0.21484375 0.32890625 0.046875
4 0.57421875 0.7671875 0.10390625 0.034375
4 0.3328125 0.76796875 0.109375 0.03515625
4 0.8140625 0.771875 0.1015625 0.0453125
2 0.25 0.22109375 0.49296875 0.25859375
4 0.08203125 0.76796875 0.1109375 0.03671875
4 0.55390625 0.68359375 0.0703125 0.03671875
4 0.55625 0.15703125 0.06015625 0.03984375
4 0.30234375 0.68515625 0.05546875 0.03359375
4 0.0546875 0.42578125 0.05390625 0.0390625
0 0.04921875 0.82421875 0.0515625 0.05703125
0 0.7921875 0.82578125 0.05078125 0.05625
4 0.18671875 0.21484375 0.315625 0.046875
4 0.18359375 0.47265625 0.35 0.05703125
4 0.0609375 0.68359375 0.0609375 0.0375
4 0.06015625 0.16015625 0.05390625 0.03515625
4 0.5015625 0.95546875 0.134375 0.0546875
0 0.55234375 0.825 0.06953125 0.0609375
0 0.05859375 0.53125 0.0671875 0.0625
0 0.30546875 0.8265625 0.07109375 0.06328125
0 0.19140625 0.04375 0.0609375 0.0765625
0 0.55546875 0.26640625 0.0671875 0.06328125
0 0.0625 0.26796875 0.07421875 0.06171875
0 0.0546875 0.03828125 0.07421875 0.07109375
0 0.12734375 0.03984375 0.06328125 0.075
2 0.7484375 0.215625 0.48203125 0.25234375
2 0.4984375 0.4828125 0.98125 0.240625
2 0.37734375 0.753125 0.2390625 0.275
2 0.6203125 0.753125 0.24453125 0.2828125
2 0.87109375 0.7515625 0.2453125 0.2703125
4 0.865625 0.73984375 0.209375 0.03984375
4 0.61796875 0.734375 0.1984375 0.0375
4 0.3734375 0.73671875 0.2109375 0.025
4 0.125 0.7390625 0.1984375 0.03125