4 0.31328125 0.21171875 0.32421875 0.04609375
2 0.753125 0.22890625 0.484375 0.26640625
4 0.81328125 0.215625 0.31953125 0.05
4 0.4421875 0.15625 0.0671875 0.04453125
4 0.94453125 0.15703125 0.05546875 0.0390625
4 0.4984375 0.40390625 0.13203125 0.05859375
0 0.95078125 0.0390625 0.0609375 0.07265625
0 0.88359375 0.04140625 0.06953125 0.0734375
0 0.44453125 0.26796875 0.06796875 0.06484375
0 0.80546875 0.03984375 0.08125 0.078125
0 0.9421875 0.2671875 0.06796875 0.0640625
2 0.25078125 0.21640625 0.484375 0.25390625