4 0.68671875 0.21171875 0.32421875 0.04609375
2 0.246875 0.22890625 0.484375 0.26640625
4 0.18671875 0.215625 0.31953125 0.05
4 0.5578125 0.15625 0.0671875 0.04453125
4 0.05546875 0.15703125 0.05546875 0.0390625
4 0.5015625 0.40390625 0.13203125 0.05859375
0 0.04921875 0.0390625 0.0609375 0.07265625
0 0.11640625 0.04140625 0.06953125 0.0734375
0 0.55546875 0.26796875 0.06796875 0.06484375
0 0.19453125 0.03984375 0.08125 0.078125
0 0.0578125 0.2671875 0.06796875 0.0640625
2 0.74921875 0.21640625 0.484375 0.25390625