2 0.621875 0.23359375 0.23203125 0.2640625
4 0.33125 0.7671875 0.309375 0.0578125
2 0.3765625 0.234375 0.2328125 0.26484375
4 0.20078125 0.16015625 0.0625 0.03515625
4 0.825 0.76328125 0.31484375 0.0625
4 0.44921875 0.7109375 0.05625 0.0375
2 0.1296875 0.22890625 0.228125 0.28515625
4 0.66796875 0.2484375 0.11171875 0.03515625
2 0.7484375 0.771875 0.47890625 0.23125
4 0.82421875 0.50625 0.3125 0.0359375
4 0.6953125 0.16328125 0.0609375 0.03671875
0 0.19765625 0.30390625 0.0703125 0.0609375
4 0.4515625 0.16171875 0.059375 0.0375
4 0.94453125 0.45234375 0.05078125 0.03359375
4 0.94375 0.7109375 0.05390625 0.03203125
0 0.95078125 0.30546875 0.0546875 0.0625
0 0.69921875 0.30625 0.0578125 0.06328125
4 0.94375 0.16171875 0.05859375 0.0421875
4 0.49765625 0.95546875 0.13515625 0.05859375
0 0.44609375 0.3046875 0.0671875 0.0640625
0 0.81015625 0.0390625 0.0703125 0.07421875
0 0.88203125 0.040625 0.06640625 0.07421875
0 0.4453125 0.8203125 0.0703125 0.06171875
0 0.9390625 0.5640625 0.0703125 0.05859375
0 0.95 0.03828125 0.0640625 0.07421875
0 0.93984375 0.8203125 0.07109375 0.06328125
0 0.7328125 0.040625 0.0796875 0.0734375
4 0.89609375 0.21640625 0.1546875 0.02890625
4 0.8796875 0.2484375 0.184375 0.0375
4 0.63046875 0.21875 0.19921875 0.03359375
4 0.4 0.21796875 0.16640625 0.0265625
4 0.41015625 0.24921875 0.140625 0.0359375
4 0.14296875 0.2171875 0.18203125 0.03984375
4 0.1765625 0.2484375 0.10703125 0.0296875
2 0.8734375 0.23515625 0.24375 0.27578125
2 0.50234375 0.509375 0.984375 0.2453125
2 0.25234375 0.77265625 0.48359375 0.246875