2 0.378125 0.23359375 0.23203125 0.2640625
4 0.66875 0.7671875 0.309375 0.0578125
2 0.6234375 0.234375 0.2328125 0.26484375
4 0.79921875 0.16015625 0.0625 0.03515625
4 0.175 0.76328125 0.31484375 0.0625
4 0.55078125 0.7109375 0.05625 0.0375
2 0.8703125 0.22890625 0.228125 0.28515625
4 0.33203125 0.2484375 0.11171875 0.03515625
2 0.2515625 0.771875 0.47890625 0.23125
4 0.17578125 0.50625 0.3125 0.0359375
4 0.3046875 0.16328125 0.0609375 0.03671875
0 0.80234375 0.30390625 0.0703125 0.0609375
4 0.5484375 0.16171875 0.059375 0.0375
4 0.05546875 0.45234375 0.05078125 0.03359375
4 0.05625 0.7109375 0.05390625 0.03203125
0 0.04921875 0.30546875 0.0546875 0.0625
0 0.30078125 0.30625 0.0578125 0.06328125
4 0.05625 0.16171875 0.05859375 0.0421875
4 0.50234375 0.95546875 0.13515625 0.05859375
0 0.55390625 0.3046875 0.0671875 0.0640625
0 0.18984375 0.0390625 0.0703125 0.07421875
0 0.11796875 0.040625 0.06640625 0.07421875
0 0.5546875 0.8203125 0.0703125 0.06171875
0 0.0609375 0.5640625 0.0703125 0.05859375
0 0.05 0.03828125 0.0640625 0.07421875
0 0.06015625 0.8203125 0.07109375 0.06328125
0 0.2671875 0.040625 0.0796875 0.0734375
4 0.10390625 0.21640625 0.1546875 0.02890625
4 0.1203125 0.2484375 0.184375 0.0375
4 0.36953125 0.21875 0.19921875 0.03359375
4 0.6 0.21796875 0.16640625 0.0265625
4 0.58984375 0.24921875 0.140625 0.0359375
4 0.85703125 0.2171875 0.18203125 0.03984375
4 0.8234375 0.2484375 0.10703125 0.0296875
2 0.1265625 0.23515625 0.24375 0.27578125
2 0.49765625 0.509375 0.984375 0.2453125
2 0.74765625 0.77265625 0.48359375 0.246875