4 0.32109375 0.7640625 0.3046875 0.05078125
4 0.81796875 0.76328125 0.30859375 0.05234375
4 0.20078125 0.16328125 0.0578125 0.0375
4 0.9390625 0.45546875 0.065625 0.0359375
4 0.44453125 0.16171875 0.07109375 0.0359375
4 0.8203125 0.5078125 0.30234375 0.040625
4 0.9375 0.7078125 0.0640625 0.04296875
0 0.95078125 0.56484375 0.0625 0.06484375
0 0.20703125 0.30625 0.05390625 0.05859375
4 0.69296875 0.1625 0.05625 0.04296875
4 0.94296875 0.16328125 0.05859375 0.04296875
4 0.49765625 0.95546875 0.134375 0.05859375
0 0.44375 0.303125 0.0703125 0.06015625
0 0.8609375 0.03828125 0.075 0.07421875
0 0.7125 0.04140625 0.0609375 0.07265625
0 0.940625 0.3046875 0.07109375 0.0609375
0 0.69140625 0.30546875 0.07265625 0.0609375
0 0.7828125 0.04140625 0.071875 0.07265625
0 0.94296875 0.03984375 0.07734375 0.07265625
0 0.93828125 0.8203125 0.071875 0.06328125
0 0.44609375 0.81875 0.0671875 0.0625
0 0.640625 0.03984375 0.07421875 0.075
2 0.87109375 0.2328125 0.240625 0.27421875
2 0.62265625 0.23125 0.240625 0.26875
4 0.9015625 0.21875 0.13984375 0.02890625
4 0.89453125 0.2515625 0.15 0.0359375
4 0.63671875 0.2171875 0.1796875 0.0359375
4 0.6546875 0.2515625 0.1515625 0.03203125
4 0.39296875 0.2171875 0.17578125 0.0328125
4 0.42109375 0.25 0.12265625 0.03125
4 0.13671875 0.2171875 0.19765625 0.03671875
4 0.16953125 0.24921875 0.13203125 0.034375
4 0.45390625 0.71953125 0.04921875 0.03515625
2 0.37265625 0.23125 0.24609375 0.27109375
2 0.13203125 0.2296875 0.23828125 0.26953125
2 0.5 0.5125 0.98828125 0.24140625
2 0.7515625 0.7671875 0.48203125 0.25078125
2 0.25234375 0.76640625 0.48984375 0.24765625