4 0.67890625 0.7640625 0.3046875 0.05078125
4 0.18203125 0.76328125 0.30859375 0.05234375
4 0.79921875 0.16328125 0.0578125 0.0375
4 0.0609375 0.45546875 0.065625 0.0359375
4 0.55546875 0.16171875 0.07109375 0.0359375
4 0.1796875 0.5078125 0.30234375 0.040625
4 0.0625 0.7078125 0.0640625 0.04296875
0 0.04921875 0.56484375 0.0625 0.06484375
0 0.79296875 0.30625 0.05390625 0.05859375
4 0.30703125 0.1625 0.05625 0.04296875
4 0.05703125 0.16328125 0.05859375 0.04296875
4 0.50234375 0.95546875 0.134375 0.05859375
0 0.55625 0.303125 0.0703125 0.06015625
0 0.1390625 0.03828125 0.075 0.07421875
0 0.2875 0.04140625 0.0609375 0.07265625
0 0.059375 0.3046875 0.07109375 0.0609375
0 0.30859375 0.30546875 0.07265625 0.0609375
0 0.2171875 0.04140625 0.071875 0.07265625
0 0.05703125 0.03984375 0.07734375 0.07265625
0 0.06171875 0.8203125 0.071875 0.06328125
0 0.55390625 0.81875 0.0671875 0.0625
0 0.359375 0.03984375 0.07421875 0.075
2 0.12890625 0.2328125 0.240625 0.27421875
2 0.37734375 0.23125 0.240625 0.26875
4 0.0984375 0.21875 0.13984375 0.02890625
4 0.10546875 0.2515625 0.15 0.0359375
4 0.36328125 0.2171875 0.1796875 0.0359375
4 0.3453125 0.2515625 0.1515625 0.03203125
4 0.60703125 0.2171875 0.17578125 0.0328125
4 0.57890625 0.25 0.12265625 0.03125
4 0.86328125 0.2171875 0.19765625 0.03671875
4 0.83046875 0.24921875 0.13203125 0.034375
4 0.54609375 0.71953125 0.04921875 0.03515625
2 0.62734375 0.23125 0.24609375 0.27109375
2 0.86796875 0.2296875 0.23828125 0.26953125
2 0.5 0.5125 0.98828125 0.24140625
2 0.2484375 0.7671875 0.48203125 0.25078125
2 0.74765625 0.76640625 0.48984375 0.24765625