2 0.13046875 0.75859375 0.246875 0.28515625
0 0.78046875 0.04140625 0.134375 0.08046875
2 0.3765625 0.75703125 0.23984375 0.26953125
2 0.86796875 0.7515625 0.2390625 0.24375
4 0.68359375 0.765625 0.08515625 0.03046875
2 0.7453125 0.2203125 0.47421875 0.24453125
4 0.40390625 0.73828125 0.15078125 0.0359375
4 0.2 0.68203125 0.0578125 0.03671875
4 0.9234375 0.76953125 0.103125 0.0375
4 0.44296875 0.15703125 0.06640625 0.040625
4 0.4515625 0.6875 0.05625 0.040625
4 0.31796875 0.21328125 0.3125 0.0578125
4 0.7015625 0.6859375 0.05078125 0.03671875
4 0.94453125 0.4234375 0.06015625 0.03359375
4 0.8078125 0.471875 0.32734375 0.04765625
4 0.81875 0.2171875 0.31171875 0.053125
4 0.946875 0.68203125 0.053125 0.04140625
4 0.93984375 0.15859375 0.059375 0.03515625
0 0.946875 0.53203125 0.0609375 0.06328125
0 0.2015625 0.82578125 0.0625 0.0625
0 0.69921875 0.8234375 0.05859375 0.06328125
4 0.4984375 0.95546875 0.134375 0.05703125
0 0.44140625 0.2671875 0.071875 0.0640625
0 0.9453125 0.0390625 0.07265625 0.07109375
0 0.809375 0.040625 0.065625 0.0734375
0 0.74375 0.03984375 0.06875 0.075
0 0.44453125 0.825 0.07421875 0.0609375
0 0.9421875 0.825 0.06796875 0.06015625
0 0.87265625 0.0421875 0.0609375 0.07578125
0 0.94609375 0.26953125 0.0609375 0.06328125
4 0.87578125 0.73671875 0.19609375 0.0375
4 0.62734375 0.7390625 0.20625 0.0375
4 0.4046875 0.771875 0.1546875 0.02734375
4 0.13359375 0.740625 0.19609375 0.02734375
4 0.17421875 0.7734375 0.11953125 0.028125
2 0.25 0.21875 0.48828125 0.246875
2 0.4984375 0.48125 0.9828125 0.23828125
2 0.6234375 0.753125 0.2390625 0.2671875