2 0.86953125 0.75859375 0.246875 0.28515625
0 0.21953125 0.04140625 0.134375 0.08046875
2 0.6234375 0.75703125 0.23984375 0.26953125
2 0.13203125 0.7515625 0.2390625 0.24375
4 0.31640625 0.765625 0.08515625 0.03046875
2 0.2546875 0.2203125 0.47421875 0.24453125
4 0.59609375 0.73828125 0.15078125 0.0359375
4 0.8 0.68203125 0.0578125 0.03671875
4 0.0765625 0.76953125 0.103125 0.0375
4 0.55703125 0.15703125 0.06640625 0.040625
4 0.5484375 0.6875 0.05625 0.040625
4 0.68203125 0.21328125 0.3125 0.0578125
4 0.2984375 0.6859375 0.05078125 0.03671875
4 0.05546875 0.4234375 0.06015625 0.03359375
4 0.1921875 0.471875 0.32734375 0.04765625
4 0.18125 0.2171875 0.31171875 0.053125
4 0.053125 0.68203125 0.053125 0.04140625
4 0.06015625 0.15859375 0.059375 0.03515625
0 0.053125 0.53203125 0.0609375 0.06328125
0 0.7984375 0.82578125 0.0625 0.0625
0 0.30078125 0.8234375 0.05859375 0.06328125
4 0.5015625 0.95546875 0.134375 0.05703125
0 0.55859375 0.2671875 0.071875 0.0640625
0 0.0546875 0.0390625 0.07265625 0.07109375
0 0.190625 0.040625 0.065625 0.0734375
0 0.25625 0.03984375 0.06875 0.075
0 0.55546875 0.825 0.07421875 0.0609375
0 0.0578125 0.825 0.06796875 0.06015625
0 0.12734375 0.0421875 0.0609375 0.07578125
0 0.05390625 0.26953125 0.0609375 0.06328125
4 0.12421875 0.73671875 0.19609375 0.0375
4 0.37265625 0.7390625 0.20625 0.0375
4 0.5953125 0.771875 0.1546875 0.02734375
4 0.86640625 0.740625 0.19609375 0.02734375
4 0.82578125 0.7734375 0.11953125 0.028125
2 0.75 0.21875 0.48828125 0.246875
2 0.5015625 0.48125 0.9828125 0.23828125
2 0.3765625 0.753125 0.2390625 0.2671875