4 0.82265625 0.47734375 0.3015625 0.04140625
4 0.81953125 0.2171875 0.3125 0.04609375
4 0.9453125 0.1625 0.05390625 0.03515625
4 0.940625 0.4234375 0.059375 0.03671875
0 0.9421875 0.53125 0.0703125 0.06015625
4 0.49921875 0.66640625 0.13515625 0.05625
0 0.79921875 0.0421875 0.08515625 0.0765625
0 0.9453125 0.27109375 0.06328125 0.06171875
0 0.94453125 0.03984375 0.07421875 0.071875
0 0.87421875 0.03828125 0.06015625 0.075
2 0.49765625 0.2203125 0.9890625 0.24296875
2 0.5015625 0.48671875 0.98671875 0.2578125