4 0.17734375 0.47734375 0.3015625 0.04140625
4 0.18046875 0.2171875 0.3125 0.04609375
4 0.0546875 0.1625 0.05390625 0.03515625
4 0.059375 0.4234375 0.059375 0.03671875
0 0.0578125 0.53125 0.0703125 0.06015625
4 0.50078125 0.66640625 0.13515625 0.05625
0 0.20078125 0.0421875 0.08515625 0.0765625
0 0.0546875 0.27109375 0.06328125 0.06171875
0 0.05546875 0.03984375 0.07421875 0.071875
0 0.12578125 0.03828125 0.06015625 0.075
2 0.50234375 0.2203125 0.9890625 0.24296875
2 0.4984375 0.48671875 0.98671875 0.2578125