2 0.62421875 0.48828125 0.2453125 0.26640625
4 0.19375 0.759375 0.32421875 0.0328125
4 0.6875 0.21484375 0.31953125 0.046875
2 0.25625 0.21484375 0.4765625 0.2390625
2 0.13125 0.49765625 0.23359375 0.27109375
4 0.30703125 0.42421875 0.06640625 0.0359375
0 0.79140625 0.56484375 0.05 0.0578125
4 0.17734375 0.21015625 0.309375 0.05
4 0.54921875 0.4234375 0.05234375 0.04453125
4 0.05546875 0.71171875 0.05078125 0.03359375
0 0.3015625 0.56484375 0.05859375 0.0625
4 0.0546875 0.425 0.05390625 0.04375
4 0.053125 0.159375 0.04921875 0.0375
0 0.5578125 0.2671875 0.07421875 0.06328125
0 0.55546875 0.56171875 0.071875 0.06015625
0 0.1265625 0.03984375 0.0703125 0.07578125
0 0.19921875 0.03828125 0.06328125 0.075
0 0.053125 0.825 0.0640625 0.0625
4 0.5015625 0.95625 0.13671875 0.0515625
0 0.05390625 0.26796875 0.0609375 0.0609375
0 0.05859375 0.5640625 0.06796875 0.06015625
0 0.0515625 0.03828125 0.06796875 0.07421875
4 0.55234375 0.16484375 0.05234375 0.0453125
4 0.0984375 0.47578125 0.14296875 0.03671875
4 0.115625 0.51328125 0.1828125 0.0328125
4 0.371875 0.4796875 0.20390625 0.0296875
4 0.33125 0.509375 0.11875 0.03046875
4 0.54921875 0.48046875 0.0578125 0.0296875
4 0.6265625 0.509375 0.215625 0.03046875
4 0.79609375 0.4203125 0.0609375 0.0359375
4 0.86328125 0.47578125 0.18984375 0.0359375
4 0.82890625 0.51015625 0.12578125 0.03984375
2 0.746875 0.2140625 0.484375 0.25390625
2 0.37578125 0.49296875 0.2359375 0.27109375
2 0.87421875 0.48984375 0.2390625 0.2703125
2 0.4984375 0.76953125 0.98125 0.24296875