4 0.07890625 0.5203125 0.103125 0.03671875
4 0.05 0.74140625 0.0484375 0.03515625
4 0.07578125 0.53359375 0.0953125 0.03359375
4 0.796875 0.41953125 0.05234375 0.0421875
4 0.55078125 0.74140625 0.04609375 0.03515625
4 0.2984375 0.4265625 0.04921875 0.03671875
4 0.55 0.4203125 0.053125 0.0375
4 0.675 0.79609375 0.2953125 0.04609375
4 0.184375 0.7953125 0.31015625 0.0453125
0 0.3 0.5671875 0.05703125 0.0609375
4 0.17734375 0.2125 0.3078125 0.04609375
2 0.12734375 0.50625 0.2453125 0.3
4 0.503125 0.98046875 0.12421875 0.03828125
4 0.0875 0.4734375 0.1171875 0.03515625
0 0.7921875 0.5671875 0.053125 0.06796875
4 0.0578125 0.4265625 0.05546875 0.0421875
0 0.55 0.5671875 0.065625 0.065625
0 0.05234375 0.27109375 0.05859375 0.06328125
0 0.553125 0.85078125 0.0640625 0.0625
4 0.0609375 0.16171875 0.06171875 0.0375
0 0.05546875 0.85 0.065625 0.06171875
0 0.11796875 0.0421875 0.075 0.075
0 0.04921875 0.0390625 0.059375 0.0734375
0 0.05859375 0.59296875 0.06875 0.0609375
0 0.1921875 0.040625 0.06640625 0.07421875
4 0.3640625 0.478125 0.1921875 0.03515625
4 0.3390625 0.5078125 0.12734375 0.03515625
4 0.59453125 0.47734375 0.14765625 0.03984375
4 0.60078125 0.5109375 0.16640625 0.03125
4 0.86484375 0.478125 0.18984375 0.0375
4 0.83203125 0.51015625 0.12890625 0.0296875
2 0.49765625 0.2203125 0.98515625 0.25
2 0.375 0.490625 0.23984375 0.2671875
2 0.625 0.49296875 0.24609375 0.2609375
2 0.87109375 0.490625 0.23828125 0.26484375
2 0.25078125 0.796875 0.48203125 0.2359375
2 0.75 0.8015625 0.48046875 0.2546875