2 0.6234375 0.49375 0.2328125 0.26328125
4 0.60078125 0.4765625 0.153125 0.03515625
4 0.55703125 0.15703125 0.06328125 0.0375
2 0.24609375 0.22734375 0.490625 0.24453125
4 0.79921875 0.421875 0.05859375 0.05
4 0.16796875 0.76484375 0.2828125 0.0453125
4 0.30390625 0.42421875 0.06328125 0.0359375
4 0.0578125 0.71328125 0.0625 0.03671875
4 0.68828125 0.21640625 0.31171875 0.0546875
4 0.19765625 0.21953125 0.340625 0.07109375
4 0.5515625 0.4203125 0.0578125 0.03984375
0 0.546875 0.2703125 0.05234375 0.06171875
4 0.05546875 0.159375 0.04921875 0.0375
4 0.05390625 0.4296875 0.04765625 0.0453125
0 0.3046875 0.56484375 0.0671875 0.06171875
0 0.55390625 0.56328125 0.06875 0.06171875
0 0.0515625 0.26796875 0.059375 0.06015625
4 0.5015625 0.95625 0.13671875 0.05234375
0 0.3203125 0.040625 0.07265625 0.07421875
0 0.05390625 0.825 0.06640625 0.0640625
0 0.0546875 0.03828125 0.0734375 0.07109375
0 0.05390625 0.565625 0.0625 0.0625
0 0.18984375 0.0390625 0.0609375 0.075
0 0.25390625 0.03828125 0.06015625 0.075
0 0.12578125 0.03828125 0.06484375 0.075
4 0.0875 0.48046875 0.12265625 0.03515625
4 0.11484375 0.5140625 0.184375 0.0328125
4 0.321875 0.47734375 0.1 0.03203125
4 0.37265625 0.509375 0.20078125 0.040625
4 0.596875 0.509375 0.1546875 0.03046875
4 0.85390625 0.48203125 0.17265625 0.03046875
4 0.8390625 0.5125 0.140625 0.02890625
0 0.79765625 0.56484375 0.06015625 0.06484375
2 0.7515625 0.215625 0.48125 0.25
2 0.1296875 0.48671875 0.2390625 0.2625
2 0.37578125 0.4921875 0.23984375 0.26484375
2 0.87109375 0.490625 0.24296875 0.275
2 0.5015625 0.7734375 0.9890625 0.2515625