2 0.2484375 0.77421875 0.48671875 0.259375
4 0.1796875 0.76796875 0.31484375 0.05
2 0.8703125 0.2265625 0.228125 0.278125
2 0.62265625 0.23203125 0.23125 0.2734375
4 0.6765625 0.76875 0.30078125 0.05078125
2 0.13046875 0.2234375 0.23828125 0.2640625
4 0.55078125 0.1640625 0.06015625 0.0359375
4 0.0578125 0.70859375 0.06171875 0.04140625
4 0.18359375 0.5046875 0.31953125 0.05234375
4 0.06171875 0.45390625 0.06328125 0.03515625
4 0.30546875 0.16484375 0.0609375 0.03359375
0 0.79921875 0.30546875 0.06015625 0.06484375
4 0.05859375 0.16484375 0.06015625 0.03515625
4 0.50234375 0.95546875 0.134375 0.05859375
0 0.06171875 0.5625 0.0703125 0.05859375
0 0.5546875 0.3046875 0.0703125 0.06015625
0 0.55625 0.81953125 0.071875 0.06328125
0 0.303125 0.30625 0.065625 0.06640625
0 0.05546875 0.0375 0.075 0.07265625
0 0.0578125 0.30546875 0.0703125 0.0625
0 0.0515625 0.82109375 0.06640625 0.06171875
0 0.1296875 0.03984375 0.065625 0.071875
4 0.1171875 0.215625 0.184375 0.03984375
4 0.084375 0.25078125 0.12734375 0.03515625
4 0.378125 0.21875 0.196875 0.0296875
4 0.32109375 0.2484375 0.1046875 0.0296875
4 0.615625 0.2203125 0.2046875 0.0296875
4 0.57265625 0.25546875 0.11484375 0.03125
4 0.79609375 0.1671875 0.06796875 0.046875
4 0.8640625 0.22421875 0.19609375 0.03203125
4 0.8328125 0.2484375 0.13515625 0.0328125
4 0.5484375 0.71328125 0.03671875 0.04765625
2 0.3765625 0.2265625 0.2375 0.27578125
2 0.5 0.5140625 0.98359375 0.24921875
2 0.7484375 0.7671875 0.48203125 0.24375