2 0.8703125 0.2328125 0.23671875 0.27421875
2 0.12734375 0.234375 0.22578125 0.26953125
2 0.62421875 0.234375 0.2296875 0.2640625
4 0.07421875 0.24921875 0.1046875 0.03515625
2 0.38046875 0.23046875 0.2328125 0.2609375
4 0.1734375 0.7625 0.29296875 0.0390625
4 0.6796875 0.76328125 0.33046875 0.06875
4 0.190625 0.5078125 0.33359375 0.03828125
4 0.0546875 0.16484375 0.0515625 0.02890625
4 0.54921875 0.16171875 0.06015625 0.03828125
4 0.79921875 0.1640625 0.0578125 0.04140625
0 0.546875 0.30625 0.05859375 0.06015625
4 0.3015625 0.16328125 0.05 0.034375
4 0.06015625 0.70859375 0.06328125 0.0421875
4 0.50234375 0.95546875 0.13515625 0.05859375
0 0.79296875 0.30625 0.0546875 0.06484375
0 0.05234375 0.03984375 0.065625 0.0734375
0 0.053125 0.82109375 0.06484375 0.0609375
0 0.121875 0.03984375 0.06796875 0.075
0 0.30859375 0.30390625 0.0703125 0.06171875
0 0.05859375 0.30703125 0.06953125 0.0609375
0 0.05859375 0.56484375 0.06953125 0.059375
0 0.55703125 0.8203125 0.07265625 0.0609375
4 0.0515625 0.4625 0.06171875 0.0484375
4 0.55078125 0.71640625 0.0546875 0.03828125
2 0.4984375 0.5140625 0.984375 0.240625
2 0.25 0.77265625 0.4828125 0.25
2 0.75 0.7703125 0.490625 0.24453125