4 0.66953125 0.76640625 0.29140625 0.0484375
4 0.05859375 0.71015625 0.06484375 0.03515625
2 0.871875 0.49609375 0.24609375 0.27890625
4 0.7984375 0.42265625 0.05390625 0.0453125
4 0.17734375 0.76484375 0.29609375 0.04921875
4 0.0796875 0.50625 0.10546875 0.0359375
4 0.55390625 0.70859375 0.06015625 0.0375
4 0.54921875 0.42265625 0.05625 0.03984375
4 0.18046875 0.22109375 0.30234375 0.03828125
0 0.54921875 0.82109375 0.0484375 0.06015625
0 0.80234375 0.56484375 0.0703125 0.0625
4 0.0609375 0.42421875 0.0546875 0.03359375
4 0.303125 0.425 0.05546875 0.040625
4 0.05234375 0.16015625 0.04921875 0.03984375
0 0.55078125 0.565625 0.07109375 0.06484375
4 0.5015625 0.95546875 0.13515625 0.05625
0 0.0625 0.271875 0.0734375 0.06484375
0 0.30390625 0.565625 0.0625 0.06484375
0 0.1140625 0.03984375 0.0671875 0.0734375
0 0.04921875 0.0390625 0.05546875 0.075
0 0.2453125 0.040625 0.06328125 0.07734375
0 0.05859375 0.81953125 0.0703125 0.0578125
0 0.05703125 0.565625 0.0671875 0.0609375
0 0.18046875 0.03984375 0.0640625 0.078125
4 0.121875 0.4765625 0.19609375 0.034375
4 0.365625 0.48125 0.1765625 0.03359375
4 0.3265625 0.51328125 0.103125 0.02734375
4 0.609375 0.48203125 0.17109375 0.02734375
4 0.5921875 0.51171875 0.1421875 0.0296875
4 0.84375 0.47890625 0.15546875 0.02578125
4 0.84921875 0.50859375 0.16328125 0.02890625
2 0.49765625 0.2234375 0.97890625 0.2453125
2 0.12734375 0.4953125 0.24296875 0.2640625
2 0.3796875 0.49375 0.23671875 0.26875
2 0.6265625 0.4953125 0.234375 0.26953125
2 0.2515625 0.7703125 0.48359375 0.24140625
2 0.75 0.7703125 0.4859375 0.25234375