2 0.625 0.48984375 0.234375 0.259375
4 0.89609375 0.47421875 0.14375 0.0390625
2 0.74609375 0.21171875 0.48046875 0.24609375
4 0.81171875 0.76171875 0.32109375 0.046875
4 0.2015625 0.4203125 0.0515625 0.0515625
4 0.6953125 0.42265625 0.06015625 0.0421875
4 0.31484375 0.21484375 0.3296875 0.04140625
4 0.45 0.421875 0.06328125 0.03984375
4 0.9390625 0.709375 0.06640625 0.03828125
4 0.8234375 0.2109375 0.3140625 0.0625
0 0.4515625 0.26953125 0.05703125 0.06015625
0 0.2 0.56328125 0.0640625 0.0640625
4 0.9453125 0.425 0.0484375 0.04140625
4 0.94609375 0.1625 0.05078125 0.0390625
0 0.9484375 0.56640625 0.0578125 0.06171875
0 0.9390625 0.8234375 0.075 0.065625
4 0.4984375 0.95625 0.13671875 0.05234375
0 0.69453125 0.56484375 0.06953125 0.0640625
0 0.44296875 0.5625 0.07421875 0.06015625
0 0.878125 0.0390625 0.06953125 0.07578125
0 0.79921875 0.0390625 0.07265625 0.0765625
0 0.94765625 0.0390625 0.06640625 0.071875
0 0.9421875 0.26796875 0.06796875 0.0640625
4 0.4484375 0.16640625 0.0546875 0.0484375
4 0.89765625 0.51171875 0.15234375 0.0296875
4 0.62578125 0.4796875 0.203125 0.0359375
4 0.6796875 0.509375 0.0953125 0.02734375
4 0.37890625 0.47578125 0.20078125 0.0359375
4 0.41875 0.50859375 0.1265625 0.02890625
4 0.1421875 0.47890625 0.1765625 0.034375
4 0.178125 0.51015625 0.109375 0.02421875
2 0.25078125 0.21796875 0.48515625 0.2453125
2 0.87109375 0.490625 0.24453125 0.26484375
2 0.3765625 0.4921875 0.23671875 0.26484375
2 0.13046875 0.49296875 0.2390625 0.2703125
2 0.4984375 0.77578125 0.98359375 0.25