2 0.375 0.48984375 0.234375 0.259375
4 0.10390625 0.47421875 0.14375 0.0390625
2 0.25390625 0.21171875 0.48046875 0.24609375
4 0.18828125 0.76171875 0.32109375 0.046875
4 0.7984375 0.4203125 0.0515625 0.0515625
4 0.3046875 0.42265625 0.06015625 0.0421875
4 0.68515625 0.21484375 0.3296875 0.04140625
4 0.55 0.421875 0.06328125 0.03984375
4 0.0609375 0.709375 0.06640625 0.03828125
4 0.1765625 0.2109375 0.3140625 0.0625
0 0.5484375 0.26953125 0.05703125 0.06015625
0 0.8 0.56328125 0.0640625 0.0640625
4 0.0546875 0.425 0.0484375 0.04140625
4 0.05390625 0.1625 0.05078125 0.0390625
0 0.0515625 0.56640625 0.0578125 0.06171875
0 0.0609375 0.8234375 0.075 0.065625
4 0.5015625 0.95625 0.13671875 0.05234375
0 0.30546875 0.56484375 0.06953125 0.0640625
0 0.55703125 0.5625 0.07421875 0.06015625
0 0.121875 0.0390625 0.06953125 0.07578125
0 0.20078125 0.0390625 0.07265625 0.0765625
0 0.05234375 0.0390625 0.06640625 0.071875
0 0.0578125 0.26796875 0.06796875 0.0640625
4 0.5515625 0.16640625 0.0546875 0.0484375
4 0.10234375 0.51171875 0.15234375 0.0296875
4 0.37421875 0.4796875 0.203125 0.0359375
4 0.3203125 0.509375 0.0953125 0.02734375
4 0.62109375 0.47578125 0.20078125 0.0359375
4 0.58125 0.50859375 0.1265625 0.02890625
4 0.8578125 0.47890625 0.1765625 0.034375
4 0.821875 0.51015625 0.109375 0.02421875
2 0.74921875 0.21796875 0.48515625 0.2453125
2 0.12890625 0.490625 0.24453125 0.26484375
2 0.6234375 0.4921875 0.23671875 0.26484375
2 0.86953125 0.49296875 0.2390625 0.2703125
2 0.5015625 0.77578125 0.98359375 0.25