2 0.8734375 0.5015625 0.25234375 0.3
2 0.24765625 0.80234375 0.4953125 0.2421875
4 0.95 0.54140625 0.04453125 0.02109375
2 0.13046875 0.5 0.24453125 0.271875
2 0.753125 0.80390625 0.4921875 0.2390625
4 0.20390625 0.425 0.05546875 0.0390625
4 0.4421875 0.7390625 0.06328125 0.0421875
4 0.95078125 0.74375 0.046875 0.03125
4 0.69921875 0.425 0.04765625 0.034375
4 0.94296875 0.47421875 0.05859375 0.028125
4 0.44140625 0.53828125 0.0703125 0.025
4 0.82109375 0.79765625 0.2984375 0.04375
4 0.828125 0.21484375 0.28984375 0.04453125
4 0.4453125 0.42265625 0.06875 0.0421875
4 0.3078125 0.79140625 0.3328125 0.04375
4 0.496875 0.98046875 0.12421875 0.03828125
0 0.4515625 0.59375 0.05234375 0.05859375
0 0.19921875 0.56796875 0.06171875 0.06171875
4 0.9484375 0.1625 0.046875 0.03828125
4 0.9421875 0.4296875 0.0578125 0.04375
0 0.94765625 0.271875 0.059375 0.0640625
4 0.4359375 0.4734375 0.0859375 0.03359375
0 0.69609375 0.5671875 0.06171875 0.06015625
0 0.93984375 0.8484375 0.071875 0.0625
0 0.86484375 0.0390625 0.07265625 0.07578125
0 0.4421875 0.84765625 0.06875 0.059375
0 0.94296875 0.040625 0.07578125 0.071875
0 0.62890625 0.040625 0.0796875 0.078125
0 0.78203125 0.0421875 0.07578125 0.0765625
0 0.70546875 0.03984375 0.06875 0.078125
0 0.9421875 0.59375 0.06796875 0.0625
4 0.8703125 0.5109375 0.1984375 0.028125
4 0.6390625 0.47890625 0.1671875 0.03828125
4 0.67578125 0.5109375 0.10078125 0.028125
4 0.40390625 0.5078125 0.15078125 0.02734375
4 0.16015625 0.48203125 0.1421875 0.03046875
4 0.159375 0.51015625 0.13359375 0.0296875
2 0.50078125 0.22109375 0.9765625 0.2453125
2 0.62265625 0.49375 0.23828125 0.27265625
2 0.37578125 0.50546875 0.23515625 0.28984375