2 0.3734375 0.49609375 0.2328125 0.2625
2 0.7484375 0.2171875 0.48671875 0.24609375
4 0.80390625 0.21875 0.340625 0.0640625
4 0.69375 0.41953125 0.0671875 0.0375
2 0.86484375 0.48359375 0.24375 0.2453125
4 0.81875 0.76484375 0.309375 0.0390625
4 0.44609375 0.42109375 0.06796875 0.03828125
0 0.70234375 0.565625 0.0484375 0.0578125
4 0.44296875 0.15703125 0.06015625 0.040625
4 0.20546875 0.42421875 0.05078125 0.04453125
4 0.94140625 0.7125 0.06015625 0.0359375
0 0.44921875 0.5640625 0.05703125 0.0625
4 0.3375 0.20625 0.2796875 0.07109375
4 0.9390625 0.15625 0.06328125 0.03984375
0 0.93671875 0.82421875 0.07578125 0.065625
4 0.94453125 0.42109375 0.05625 0.0421875
0 0.20078125 0.56484375 0.06953125 0.0640625
0 0.9421875 0.03984375 0.078125 0.07421875
0 0.4421875 0.26640625 0.071875 0.06328125
4 0.4984375 0.95625 0.13671875 0.05234375
0 0.85703125 0.040625 0.0796875 0.078125
0 0.94921875 0.26875 0.05859375 0.0625
0 0.77265625 0.03828125 0.07734375 0.075
0 0.94375 0.56328125 0.06875 0.0578125
2 0.2515625 0.215625 0.484375 0.2453125
4 0.89921875 0.478125 0.1515625 0.03046875
4 0.88359375 0.5125 0.17734375 0.03125
4 0.6515625 0.47734375 0.15234375 0.03359375
4 0.640625 0.5140625 0.16953125 0.03203125
4 0.4046875 0.4796875 0.13671875 0.02265625
4 0.39609375 0.51015625 0.15390625 0.0359375
4 0.12890625 0.478125 0.20625 0.0375
4 0.17265625 0.5109375 0.1140625 0.0265625
2 0.621875 0.49296875 0.2359375 0.2703125
2 0.13046875 0.4921875 0.23359375 0.2625
2 0.4984375 0.7671875 0.98515625 0.24375