2 0.125 0.496875 0.24609375 0.26015625
2 0.7515625 0.7703125 0.47734375 0.23125
2 0.86875 0.4921875 0.24453125 0.265625
4 0.68046875 0.7609375 0.30703125 0.03515625
4 0.7953125 0.4234375 0.0515625 0.034375
2 0.2546875 0.77421875 0.4953125 0.25234375
4 0.18046875 0.21484375 0.3046875 0.040625
4 0.05546875 0.7109375 0.053125 0.03125
0 0.79765625 0.5671875 0.059375 0.06328125
4 0.08359375 0.50703125 0.1046875 0.03359375
4 0.5515625 0.421875 0.05390625 0.0390625
4 0.05859375 0.42265625 0.05703125 0.0375
4 0.3046875 0.42265625 0.053125 0.04375
0 0.04921875 0.56875 0.053125 0.05859375
4 0.05625 0.1640625 0.059375 0.03203125
4 0.50234375 0.9546875 0.13515625 0.0578125
0 0.5546875 0.565625 0.07109375 0.06171875
0 0.04921875 0.82109375 0.05859375 0.06171875
0 0.05390625 0.27109375 0.05859375 0.06015625
0 0.05703125 0.0390625 0.0765625 0.0734375
0 0.196875 0.03984375 0.07890625 0.07890625
0 0.30703125 0.56484375 0.0671875 0.06171875
0 0.55234375 0.8203125 0.0671875 0.06484375
0 0.12734375 0.0390625 0.05859375 0.07578125
4 0.1265625 0.48203125 0.20546875 0.03046875
4 0.3578125 0.478125 0.1625 0.0375
4 0.34921875 0.509375 0.14375 0.03203125
4 0.61953125 0.48046875 0.18984375 0.0328125
4 0.57421875 0.51015625 0.10703125 0.0296875
4 0.83984375 0.4796875 0.14453125 0.03671875
4 0.85625 0.509375 0.17734375 0.02421875
4 0.175 0.7671875 0.290625 0.0328125
2 0.50234375 0.2203125 0.98515625 0.2390625
2 0.3765625 0.4921875 0.24375 0.26953125
2 0.621875 0.48984375 0.234375 0.2703125