2 0.86875 0.75390625 0.2375 0.28359375
2 0.37578125 0.753125 0.2359375 0.26484375
4 0.67421875 0.2109375 0.29921875 0.05234375
2 0.13046875 0.75234375 0.2453125 0.27890625
2 0.25390625 0.221875 0.47734375 0.22890625
4 0.55390625 0.159375 0.05546875 0.03671875
4 0.7921875 0.6796875 0.0484375 0.04140625
4 0.55390625 0.68046875 0.06328125 0.03671875
4 0.18203125 0.21484375 0.31015625 0.04453125
4 0.18203125 0.475 0.3109375 0.04765625
0 0.0546875 0.5296875 0.059375 0.0578125
4 0.059375 0.42265625 0.06015625 0.03515625
4 0.05234375 0.68515625 0.04296875 0.0375
4 0.05546875 0.159375 0.05 0.040625
4 0.30234375 0.68203125 0.0546875 0.03671875
0 0.803125 0.8234375 0.07265625 0.0609375
0 0.0609375 0.82421875 0.0734375 0.05859375
4 0.5015625 0.95546875 0.134375 0.05703125
0 0.55390625 0.26953125 0.0625 0.059375
0 0.3109375 0.825 0.075 0.0578125
0 0.26796875 0.04296875 0.07734375 0.075
0 0.1984375 0.03984375 0.05625 0.07578125
0 0.55546875 0.82421875 0.07734375 0.06328125
0 0.3484375 0.03984375 0.078125 0.07890625
0 0.05546875 0.03984375 0.07421875 0.07109375
0 0.13046875 0.03984375 0.0703125 0.07421875
0 0.06171875 0.2671875 0.07265625 0.06328125
4 0.11875 0.74140625 0.1859375 0.03359375
4 0.08828125 0.76953125 0.11953125 0.0296875
4 0.36171875 0.7421875 0.1828125 0.03515625
4 0.34140625 0.771875 0.1421875 0.02734375
4 0.6078125 0.740625 0.17421875 0.03515625
4 0.58984375 0.7703125 0.1375 0.02421875
4 0.865625 0.7421875 0.18515625 0.0375
4 0.83203125 0.77109375 0.12734375 0.0359375
2 0.7484375 0.21796875 0.4765625 0.23828125
2 0.49765625 0.48125 0.9828125 0.24375
2 0.62265625 0.7546875 0.234375 0.27265625