4 0.56484375 0.7359375 0.0953125 0.03125
2 0.25078125 0.21953125 0.47890625 0.23671875
2 0.1296875 0.7546875 0.23359375 0.26171875
4 0.29921875 0.6875 0.04609375 0.03828125
4 0.55 0.68359375 0.05625 0.040625
4 0.5453125 0.80078125 0.046875 0.025
4 0.55546875 0.15390625 0.0609375 0.04140625
4 0.05390625 0.42265625 0.05390625 0.03203125
4 0.178125 0.21640625 0.3 0.040625
4 0.79453125 0.6796875 0.05390625 0.03828125
4 0.18359375 0.47734375 0.3046875 0.03984375
0 0.546875 0.85546875 0.0515625 0.05703125
4 0.05390625 0.684375 0.0515625 0.03828125
0 0.05390625 0.53046875 0.05859375 0.059375
4 0.50390625 0.98046875 0.12421875 0.0390625
0 0.79453125 0.8265625 0.0546875 0.05625
4 0.05390625 0.1578125 0.053125 0.0375
0 0.046875 0.040625 0.0515625 0.07421875
0 0.5484375 0.26875 0.05703125 0.0640625
0 0.11015625 0.03984375 0.06640625 0.075
0 0.2578125 0.04140625 0.08125 0.07890625
0 0.3078125 0.825 0.071875 0.0578125
0 0.18046875 0.040625 0.0640625 0.07890625
0 0.05546875 0.825 0.0671875 0.06171875
0 0.0609375 0.2671875 0.071875 0.0609375
4 0.6828125 0.21484375 0.31328125 0.03984375
4 0.1125 0.740625 0.1703125 0.03046875
4 0.09609375 0.7703125 0.134375 0.0296875
4 0.359375 0.740625 0.16953125 0.03125
4 0.33828125 0.76953125 0.125 0.0296875
4 0.59921875 0.7703125 0.1625 0.03125
4 0.86640625 0.73984375 0.1921875 0.03125
4 0.81640625 0.76875 0.09140625 0.03125
2 0.74921875 0.2140625 0.4796875 0.24609375
2 0.49765625 0.4796875 0.9796875 0.25
2 0.37734375 0.7546875 0.24296875 0.26484375
2 0.62265625 0.76484375 0.23828125 0.29375
2 0.8703125 0.75390625 0.23828125 0.27109375