2 0.62265625 0.22890625 0.23515625 0.26484375
4 0.31328125 0.76875 0.31953125 0.05078125
4 0.9125 0.24140625 0.11953125 0.03515625
2 0.37734375 0.2328125 0.23359375 0.26953125
2 0.75234375 0.7703125 0.48359375 0.2484375
4 0.2 0.1625 0.06953125 0.0375
4 0.82265625 0.7671875 0.3015625 0.04609375
4 0.45 0.16484375 0.0640625 0.03828125
4 0.8109375 0.50625 0.31953125 0.03046875
2 0.87265625 0.2359375 0.2328125 0.259375
4 0.43984375 0.709375 0.07421875 0.0421875
0 0.19921875 0.30390625 0.065625 0.06015625
4 0.93828125 0.4515625 0.05859375 0.0390625
4 0.94375 0.71015625 0.0546875 0.0328125
4 0.69296875 0.1609375 0.05546875 0.04296875
4 0.49765625 0.9546875 0.13515625 0.059375
0 0.44609375 0.8203125 0.0703125 0.0640625
4 0.93984375 0.1625 0.06328125 0.0375
0 0.9421875 0.0390625 0.07734375 0.071875
0 0.79296875 0.03984375 0.0765625 0.07421875
0 0.94140625 0.5640625 0.0734375 0.0609375
0 0.9421875 0.3046875 0.06640625 0.06015625
0 0.6921875 0.3046875 0.07109375 0.0625
0 0.71328125 0.03828125 0.07421875 0.075
0 0.44453125 0.3046875 0.071875 0.0625
0 0.94375 0.82109375 0.06875 0.0640625
0 0.86875 0.0390625 0.06640625 0.075
4 0.8828125 0.21796875 0.1953125 0.028125
4 0.62890625 0.2203125 0.1921875 0.0328125
4 0.67734375 0.25078125 0.0984375 0.025
4 0.38125 0.21953125 0.20234375 0.03125
4 0.41796875 0.25234375 0.13046875 0.03046875
4 0.14765625 0.22109375 0.1734375 0.028125
4 0.16015625 0.25234375 0.153125 0.0375
2 0.12890625 0.23203125 0.23515625 0.275
2 0.5015625 0.5140625 0.98125 0.2390625
2 0.25625 0.7703125 0.48046875 0.23984375