2 0.128125 0.753125 0.22734375 0.28359375
2 0.3734375 0.75546875 0.22890625 0.27109375
2 0.86953125 0.75390625 0.2359375 0.2640625
4 0.91640625 0.765625 0.10546875 0.03515625
2 0.74765625 0.21484375 0.4828125 0.25234375
4 0.31875 0.21328125 0.321875 0.0453125
4 0.4453125 0.1546875 0.06015625 0.0390625
4 0.2 0.684375 0.06015625 0.04375
4 0.9453125 0.41875 0.0515625 0.0359375
4 0.81171875 0.215625 0.3296875 0.0390625
4 0.94296875 0.684375 0.06171875 0.034375
4 0.69765625 0.68359375 0.05234375 0.03515625
0 0.20546875 0.8265625 0.059375 0.06484375
4 0.4421875 0.68359375 0.06796875 0.03828125
0 0.45703125 0.8265625 0.05078125 0.059375
4 0.809375 0.47109375 0.32890625 0.04140625
4 0.93984375 0.16015625 0.06015625 0.0359375
0 0.93671875 0.53046875 0.07265625 0.0609375
4 0.4984375 0.95546875 0.13515625 0.05625
0 0.8 0.0390625 0.06875 0.07578125
0 0.4421875 0.265625 0.07421875 0.06640625
0 0.9453125 0.03828125 0.07265625 0.07109375
0 0.87265625 0.03984375 0.06484375 0.075
0 0.69375 0.825 0.0671875 0.059375
0 0.94375 0.26875 0.0671875 0.06171875
0 0.9453125 0.82578125 0.0671875 0.06328125
4 0.87734375 0.73515625 0.18046875 0.0390625
4 0.63046875 0.73984375 0.196875 0.02890625
4 0.6671875 0.77265625 0.1203125 0.0359375
4 0.4125 0.7421875 0.1390625 0.0375
4 0.38671875 0.77265625 0.18828125 0.0234375
4 0.15390625 0.74140625 0.15703125 0.0296875
4 0.16015625 0.7703125 0.146875 0.028125
2 0.2515625 0.21796875 0.48984375 0.23828125
2 0.5 0.48203125 0.9796875 0.23515625
2 0.62578125 0.7515625 0.234375 0.26484375