2 0.7484375 0.50703125 0.4953125 0.23515625
2 0.86953125 0.2328125 0.23515625 0.271875
2 0.24765625 0.5125 0.49453125 0.23984375
4 0.1109375 0.21875 0.16875 0.02890625
4 0.0546875 0.44765625 0.05703125 0.0375
4 0.19609375 0.5015625 0.34375 0.046875
4 0.5515625 0.45 0.06328125 0.03828125
2 0.6234375 0.2296875 0.23125 0.26328125
4 0.8015625 0.1609375 0.06484375 0.04375
0 0.8 0.30859375 0.06171875 0.0640625
0 0.3015625 0.30546875 0.05625 0.06015625
4 0.30234375 0.16484375 0.0546875 0.0375
4 0.54453125 0.165625 0.04609375 0.03828125
4 0.50078125 0.6953125 0.1328125 0.0609375
4 0.0609375 0.1625 0.059375 0.03515625
0 0.55390625 0.30546875 0.0703125 0.06328125
0 0.2921875 0.0421875 0.07421875 0.07265625
0 0.05703125 0.0390625 0.078125 0.071875
0 0.13984375 0.03984375 0.07578125 0.07578125
0 0.5515625 0.55703125 0.06640625 0.06484375
0 0.05703125 0.3046875 0.071875 0.06484375
0 0.05859375 0.55703125 0.07265625 0.06171875
0 0.215625 0.04140625 0.06484375 0.07109375
0 0.36953125 0.03984375 0.07265625 0.0734375
4 0.1109375 0.2515625 0.165625 0.02578125
4 0.3734375 0.21640625 0.1953125 0.034375
4 0.3359375 0.2515625 0.128125 0.02890625
4 0.58828125 0.21875 0.1296875 0.025
4 0.6125 0.25078125 0.1796875 0.0328125
4 0.828125 0.21953125 0.125 0.03515625
4 0.8515625 0.2546875 0.1703125 0.02890625
4 0.68203125 0.5078125 0.315625 0.0375
2 0.128125 0.22890625 0.23515625 0.25859375
2 0.3765625 0.23125 0.23671875 0.2640625