2 0.2515625 0.50703125 0.4953125 0.23515625
2 0.13046875 0.2328125 0.23515625 0.271875
2 0.75234375 0.5125 0.49453125 0.23984375
4 0.8890625 0.21875 0.16875 0.02890625
4 0.9453125 0.44765625 0.05703125 0.0375
4 0.80390625 0.5015625 0.34375 0.046875
4 0.4484375 0.45 0.06328125 0.03828125
2 0.3765625 0.2296875 0.23125 0.26328125
4 0.1984375 0.1609375 0.06484375 0.04375
0 0.2 0.30859375 0.06171875 0.0640625
0 0.6984375 0.30546875 0.05625 0.06015625
4 0.69765625 0.16484375 0.0546875 0.0375
4 0.45546875 0.165625 0.04609375 0.03828125
4 0.49921875 0.6953125 0.1328125 0.0609375
4 0.9390625 0.1625 0.059375 0.03515625
0 0.44609375 0.30546875 0.0703125 0.06328125
0 0.7078125 0.0421875 0.07421875 0.07265625
0 0.94296875 0.0390625 0.078125 0.071875
0 0.86015625 0.03984375 0.07578125 0.07578125
0 0.4484375 0.55703125 0.06640625 0.06484375
0 0.94296875 0.3046875 0.071875 0.06484375
0 0.94140625 0.55703125 0.07265625 0.06171875
0 0.784375 0.04140625 0.06484375 0.07109375
0 0.63046875 0.03984375 0.07265625 0.0734375
4 0.8890625 0.2515625 0.165625 0.02578125
4 0.6265625 0.21640625 0.1953125 0.034375
4 0.6640625 0.2515625 0.128125 0.02890625
4 0.41171875 0.21875 0.1296875 0.025
4 0.3875 0.25078125 0.1796875 0.0328125
4 0.171875 0.21953125 0.125 0.03515625
4 0.1484375 0.2546875 0.1703125 0.02890625
4 0.31796875 0.5078125 0.315625 0.0375
2 0.871875 0.22890625 0.23515625 0.25859375
2 0.6234375 0.23125 0.23671875 0.2640625