2 0.49921875 0.49765625 0.99765625 0.99296875
4 0.79453125 0.09453125 0.39921875 0.14140625
7 0.28125 0.0765625 0.21875 0.1109375
0 0.0796875 0.078125 0.159375 0.10859375
0 0.890625 0.9296875 0.2140625 0.1015625
0 0.61484375 0.9453125 0.240625 0.1015625
0 0.33984375 0.94296875 0.2421875 0.1109375
4 0.88515625 0.7859375 0.16640625 0.11640625
4 0.61640625 0.7625 0.19765625 0.10859375
4 0.34140625 0.753125 0.1953125 0.103125
4 0.32890625 0.84296875 0.14140625 0.0640625
4 0.60859375 0.84765625 0.1609375 0.059375
4 0.8796875 0.86015625 0.12109375 0.040625
3 0.60859375 0.43125 0.17578125 0.365625
3 0.88046875 0.43359375 0.18671875 0.36640625
3 0.325 0.41875 0.18359375 0.38203125
4 0.3296875 0.65859375 0.16796875 0.06953125
4 0.61875 0.665625 0.16640625 0.06796875
4 0.890625 0.67265625 0.1515625 0.0765625