4 0.8171875 0.46875 0.31484375 0.04921875
4 0.31328125 0.21171875 0.32421875 0.03828125
2 0.7484375 0.21953125 0.48515625 0.22421875
4 0.94765625 0.42109375 0.04609375 0.034375
4 0.45078125 0.15859375 0.04609375 0.0359375
4 0.8109375 0.215625 0.31953125 0.0421875
0 0.94921875 0.53125 0.0546875 0.06171875
4 0.94609375 0.159375 0.0515625 0.0359375
4 0.4984375 0.6640625 0.134375 0.05546875
0 0.6640625 0.0390625 0.07578125 0.0765625
0 0.95 0.0390625 0.06328125 0.07109375
0 0.74296875 0.040625 0.07734375 0.078125
0 0.440625 0.2671875 0.0734375 0.06484375
0 0.81875 0.040625 0.06796875 0.07734375
0 0.884375 0.04453125 0.0578125 0.075
0 0.93984375 0.2671875 0.071875 0.06171875
2 0.25 0.21875 0.4859375 0.23359375
2 0.49765625 0.47890625 0.98125 0.23828125