2 0.62109375 0.23203125 0.23359375 0.26640625
2 0.13046875 0.2296875 0.23203125 0.27890625
2 0.75078125 0.79765625 0.49453125 0.23828125
2 0.25390625 0.7984375 0.48046875 0.25390625
2 0.37578125 0.2328125 0.2296875 0.26796875
4 0.20703125 0.16484375 0.046875 0.0390625
4 0.809375 0.53828125 0.328125 0.03515625
4 0.4453125 0.165625 0.0578125 0.03125
2 0.86796875 0.2421875 0.23671875 0.28203125
4 0.3375 0.79765625 0.27734375 0.05234375
4 0.809375 0.79453125 0.32890625 0.040625
4 0.94921875 0.28046875 0.04140625 0.025
4 0.696875 0.16484375 0.06015625 0.03515625
0 0.45390625 0.30703125 0.0578125 0.0625
4 0.946875 0.4875 0.04453125 0.03671875
4 0.4453125 0.7421875 0.06171875 0.03828125
4 0.92109375 0.21328125 0.10078125 0.02890625
4 0.4984375 0.98046875 0.13046875 0.0390625
0 0.7 0.3078125 0.05625 0.05859375
0 0.2015625 0.30703125 0.06015625 0.06328125
4 0.94453125 0.7453125 0.05703125 0.034375
4 0.94453125 0.16328125 0.05078125 0.0421875
0 0.9359375 0.33125 0.0734375 0.0609375
0 0.78671875 0.03828125 0.07734375 0.0703125
0 0.9375 0.58984375 0.07421875 0.06171875
0 0.9484375 0.85078125 0.05859375 0.06484375
0 0.446875 0.85 0.06484375 0.06328125
0 0.94375 0.03828125 0.07421875 0.07265625
0 0.86796875 0.0390625 0.07109375 0.07421875
4 0.88046875 0.24921875 0.18359375 0.028125
4 0.6296875 0.21796875 0.19140625 0.028125
4 0.665625 0.24921875 0.128125 0.0359375
4 0.38671875 0.21875 0.18046875 0.0328125
4 0.42421875 0.2515625 0.11640625 0.0328125
4 0.1765625 0.21796875 0.1109375 0.028125
4 0.1328125 0.25 0.203125 0.02890625
2 0.496875 0.54140625 0.98671875 0.23359375