2 0.1328125 0.23046875 0.23125 0.2625
2 0.3765625 0.23125 0.23359375 0.2640625
2 0.24765625 0.5046875 0.48984375 0.24375
2 0.62578125 0.225 0.24296875 0.26015625
4 0.5484375 0.44921875 0.0484375 0.03359375
2 0.87109375 0.2296875 0.22734375 0.2765625
4 0.1828125 0.76875 0.321875 0.04296875
4 0.55234375 0.1609375 0.06640625 0.0375
4 0.684375 0.50703125 0.31484375 0.0390625
4 0.7984375 0.1625 0.06015625 0.034375
4 0.18984375 0.50390625 0.3296875 0.0421875
4 0.05546875 0.71171875 0.04765625 0.02734375
0 0.54375 0.309375 0.04921875 0.0640625
0 0.80078125 0.30625 0.059375 0.05703125
4 0.06171875 0.44921875 0.06875 0.0390625
4 0.0546875 0.165625 0.04921875 0.03125
4 0.3015625 0.16328125 0.05625 0.03515625
0 0.0515625 0.55703125 0.0640625 0.0609375
0 0.21484375 0.03984375 0.07265625 0.0734375
0 0.13828125 0.0375 0.07109375 0.07265625
0 0.55390625 0.55703125 0.06875 0.06484375
0 0.05859375 0.30546875 0.06796875 0.06328125
4 0.5015625 0.95625 0.13671875 0.05078125
0 0.0578125 0.03828125 0.07734375 0.071875
0 0.059375 0.825 0.0734375 0.0640625
0 0.2953125 0.0421875 0.08203125 0.07421875
0 0.30703125 0.3046875 0.06875 0.059375
4 0.0953125 0.2171875 0.13203125 0.025
4 0.115625 0.2515625 0.178125 0.02890625
4 0.3609375 0.21796875 0.1765625 0.028125
4 0.33125 0.24609375 0.12109375 0.02890625
4 0.59921875 0.21875 0.15859375 0.0359375
4 0.6046875 0.25234375 0.17421875 0.034375
4 0.85703125 0.22109375 0.17734375 0.034375
4 0.8265625 0.2515625 0.121875 0.0328125
2 0.7484375 0.50859375 0.4796875 0.246875
2 0.5 0.7734375 0.98203125 0.24140625