2 0.37734375 0.49140625 0.22890625 0.2578125
4 0.78984375 0.421875 0.0421875 0.04140625
2 0.8703125 0.4828125 0.24140625 0.26640625
2 0.2515625 0.21875 0.478125 0.2296875
2 0.128125 0.5 0.2375 0.29921875
4 0.68203125 0.21484375 0.3171875 0.04140625
4 0.55234375 0.41953125 0.05859375 0.04140625
4 0.56015625 0.15859375 0.06484375 0.0375
4 0.18671875 0.79765625 0.31484375 0.04140625
0 0.79140625 0.56484375 0.0515625 0.0625
4 0.17734375 0.21640625 0.3 0.04375
4 0.5015625 0.98125 0.12734375 0.03671875
4 0.05703125 0.15859375 0.0609375 0.03515625
4 0.059375 0.53828125 0.0640625 0.02578125
4 0.30703125 0.4203125 0.0640625 0.04140625
4 0.05859375 0.4234375 0.0640625 0.0375
4 0.0828125 0.47421875 0.10390625 0.03046875
4 0.0609375 0.7421875 0.06328125 0.04140625
0 0.053125 0.85234375 0.05859375 0.06484375
0 0.55859375 0.2671875 0.071875 0.0625
0 0.134375 0.03984375 0.07109375 0.07734375
0 0.06171875 0.2671875 0.0734375 0.0640625
0 0.05625 0.03984375 0.0765625 0.0734375
0 0.2765625 0.03984375 0.075 0.07578125
0 0.3078125 0.56328125 0.07109375 0.06171875
0 0.05703125 0.59296875 0.0703125 0.0640625
0 0.2046875 0.0390625 0.0625 0.07578125
4 0.10859375 0.50859375 0.1578125 0.02890625
4 0.35078125 0.47890625 0.1578125 0.03125
4 0.3609375 0.51171875 0.16640625 0.0328125
4 0.61640625 0.478125 0.18828125 0.025
4 0.57265625 0.50703125 0.1015625 0.025
4 0.8375 0.4828125 0.1359375 0.0296875
4 0.853125 0.5109375 0.1828125 0.034375
2 0.55078125 0.5640625 0.059375 0.06015625
2 0.74765625 0.2171875 0.475 0.246875
2 0.6234375 0.49296875 0.23359375 0.2640625
2 0.49765625 0.80234375 0.98203125 0.24140625