2 0.62265625 0.49140625 0.22890625 0.2578125
4 0.21015625 0.421875 0.0421875 0.04140625
2 0.1296875 0.4828125 0.24140625 0.26640625
2 0.7484375 0.21875 0.478125 0.2296875
2 0.871875 0.5 0.2375 0.29921875
4 0.31796875 0.21484375 0.3171875 0.04140625
4 0.44765625 0.41953125 0.05859375 0.04140625
4 0.43984375 0.15859375 0.06484375 0.0375
4 0.81328125 0.79765625 0.31484375 0.04140625
0 0.20859375 0.56484375 0.0515625 0.0625
4 0.82265625 0.21640625 0.3 0.04375
4 0.4984375 0.98125 0.12734375 0.03671875
4 0.94296875 0.15859375 0.0609375 0.03515625
4 0.940625 0.53828125 0.0640625 0.02578125
4 0.69296875 0.4203125 0.0640625 0.04140625
4 0.94140625 0.4234375 0.0640625 0.0375
4 0.9171875 0.47421875 0.10390625 0.03046875
4 0.9390625 0.7421875 0.06328125 0.04140625
0 0.946875 0.85234375 0.05859375 0.06484375
0 0.44140625 0.2671875 0.071875 0.0625
0 0.865625 0.03984375 0.07109375 0.07734375
0 0.93828125 0.2671875 0.0734375 0.0640625
0 0.94375 0.03984375 0.0765625 0.0734375
0 0.7234375 0.03984375 0.075 0.07578125
0 0.6921875 0.56328125 0.07109375 0.06171875
0 0.94296875 0.59296875 0.0703125 0.0640625
0 0.7953125 0.0390625 0.0625 0.07578125
4 0.89140625 0.50859375 0.1578125 0.02890625
4 0.64921875 0.47890625 0.1578125 0.03125
4 0.6390625 0.51171875 0.16640625 0.0328125
4 0.38359375 0.478125 0.18828125 0.025
4 0.42734375 0.50703125 0.1015625 0.025
4 0.1625 0.4828125 0.1359375 0.0296875
4 0.146875 0.5109375 0.1828125 0.034375
2 0.44921875 0.5640625 0.059375 0.06015625
2 0.25234375 0.2171875 0.475 0.246875
2 0.3765625 0.49296875 0.23359375 0.2640625
2 0.50234375 0.80234375 0.98203125 0.24140625