2 0.3796875 0.22890625 0.23359375 0.26015625
2 0.62421875 0.2296875 0.23046875 0.26484375
2 0.2546875 0.53515625 0.48671875 0.23828125
4 0.0578125 0.478125 0.05859375 0.0328125
4 0.1046875 0.21484375 0.15859375 0.0328125
4 0.0515625 0.1640625 0.04453125 0.03515625
2 0.86953125 0.2453125 0.23515625 0.28671875
4 0.55546875 0.478125 0.05859375 0.03671875
4 0.1875 0.53515625 0.31953125 0.0484375
4 0.8015625 0.278125 0.0703125 0.0265625
4 0.821875 0.215625 0.11015625 0.03515625
4 0.54921875 0.16328125 0.04921875 0.0328125
4 0.1875 0.8015625 0.32734375 0.0421875
4 0.50390625 0.98125 0.1234375 0.03671875
4 0.29921875 0.16640625 0.04609375 0.03359375
4 0.684375 0.53203125 0.32578125 0.05234375
4 0.06015625 0.74140625 0.05703125 0.0375
4 0.79609375 0.16328125 0.053125 0.04375
0 0.55078125 0.30546875 0.0671875 0.06484375
0 0.7984375 0.33359375 0.06875 0.0640625
0 0.06171875 0.85234375 0.0734375 0.0625
0 0.21484375 0.04140625 0.0703125 0.071875
0 0.559375 0.5859375 0.07265625 0.05703125
0 0.05859375 0.5875 0.0703125 0.06171875
0 0.0546875 0.30625 0.059375 0.06015625
0 0.05546875 0.040625 0.0734375 0.07109375
0 0.28984375 0.040625 0.07109375 0.071875
0 0.13515625 0.0390625 0.07421875 0.075
0 0.3078125 0.30546875 0.06953125 0.0609375
4 0.10625 0.25 0.16015625 0.04140625
4 0.36640625 0.221875 0.178125 0.02734375
4 0.33984375 0.25234375 0.13125 0.03046875
4 0.61171875 0.21875 0.17734375 0.03359375
4 0.5890625 0.2515625 0.1453125 0.0390625
4 0.8421875 0.25 0.1484375 0.02890625
2 0.128125 0.23125 0.23515625 0.25859375
2 0.75078125 0.53984375 0.4765625 0.24375
2 0.5015625 0.8046875 0.9828125 0.2375