2 0.6203125 0.22890625 0.23359375 0.26015625
2 0.37578125 0.2296875 0.23046875 0.26484375
2 0.7453125 0.53515625 0.48671875 0.23828125
4 0.9421875 0.478125 0.05859375 0.0328125
4 0.8953125 0.21484375 0.15859375 0.0328125
4 0.9484375 0.1640625 0.04453125 0.03515625
2 0.13046875 0.2453125 0.23515625 0.28671875
4 0.44453125 0.478125 0.05859375 0.03671875
4 0.8125 0.53515625 0.31953125 0.0484375
4 0.1984375 0.278125 0.0703125 0.0265625
4 0.178125 0.215625 0.11015625 0.03515625
4 0.45078125 0.16328125 0.04921875 0.0328125
4 0.8125 0.8015625 0.32734375 0.0421875
4 0.49609375 0.98125 0.1234375 0.03671875
4 0.70078125 0.16640625 0.04609375 0.03359375
4 0.315625 0.53203125 0.32578125 0.05234375
4 0.93984375 0.74140625 0.05703125 0.0375
4 0.20390625 0.16328125 0.053125 0.04375
0 0.44921875 0.30546875 0.0671875 0.06484375
0 0.2015625 0.33359375 0.06875 0.0640625
0 0.93828125 0.85234375 0.0734375 0.0625
0 0.78515625 0.04140625 0.0703125 0.071875
0 0.440625 0.5859375 0.07265625 0.05703125
0 0.94140625 0.5875 0.0703125 0.06171875
0 0.9453125 0.30625 0.059375 0.06015625
0 0.94453125 0.040625 0.0734375 0.07109375
0 0.71015625 0.040625 0.07109375 0.071875
0 0.86484375 0.0390625 0.07421875 0.075
0 0.6921875 0.30546875 0.06953125 0.0609375
4 0.89375 0.25 0.16015625 0.04140625
4 0.63359375 0.221875 0.178125 0.02734375
4 0.66015625 0.25234375 0.13125 0.03046875
4 0.38828125 0.21875 0.17734375 0.03359375
4 0.4109375 0.2515625 0.1453125 0.0390625
4 0.1578125 0.25 0.1484375 0.02890625
2 0.871875 0.23125 0.23515625 0.25859375
2 0.24921875 0.53984375 0.4765625 0.24375
2 0.4984375 0.8046875 0.9828125 0.2375