2 0.128125 0.75234375 0.23984375 0.2703125
2 0.6234375 0.75703125 0.23828125 0.26484375
4 0.30625 0.20859375 0.3421875 0.05546875
2 0.75234375 0.22578125 0.48671875 0.24140625
4 0.4453125 0.15859375 0.05859375 0.03671875
4 0.21015625 0.6859375 0.04453125 0.03671875
2 0.87265625 0.7546875 0.24609375 0.27109375
4 0.4484375 0.6828125 0.0546875 0.0359375
0 0.1984375 0.825 0.06171875 0.059375
4 0.8203125 0.47890625 0.31640625 0.0453125
0 0.70390625 0.828125 0.04375 0.06015625
4 0.9421875 0.68046875 0.05859375 0.03671875
0 0.4546875 0.8265625 0.053125 0.05625
4 0.940625 0.15859375 0.06015625 0.03671875
4 0.80703125 0.21875 0.32890625 0.0515625
4 0.69921875 0.68359375 0.04765625 0.0390625
0 0.94765625 0.53046875 0.05859375 0.06171875
4 0.4984375 0.9546875 0.13515625 0.0578125
0 0.4421875 0.26640625 0.07109375 0.06328125
0 0.946875 0.0390625 0.06953125 0.07109375
0 0.86875 0.03984375 0.07890625 0.075
0 0.94296875 0.825 0.0671875 0.05859375
0 0.93984375 0.26640625 0.06796875 0.0640625
4 0.94921875 0.43125 0.04140625 0.05390625
4 0.8828125 0.74140625 0.18125 0.0296875
4 0.90859375 0.76953125 0.13203125 0.02265625
4 0.65703125 0.740625 0.1390625 0.03046875
4 0.65078125 0.771875 0.159375 0.03203125
4 0.39453125 0.7375 0.1828125 0.02421875
4 0.40703125 0.7703125 0.146875 0.03828125
4 0.134375 0.73828125 0.19609375 0.0359375
4 0.17265625 0.7734375 0.11875 0.034375
2 0.24765625 0.21484375 0.47890625 0.23359375
2 0.5015625 0.4796875 0.978125 0.23515625
2 0.37578125 0.7515625 0.234375 0.26484375