2 0.871875 0.75234375 0.23984375 0.2703125
2 0.3765625 0.75703125 0.23828125 0.26484375
4 0.69375 0.20859375 0.3421875 0.05546875
2 0.24765625 0.22578125 0.48671875 0.24140625
4 0.5546875 0.15859375 0.05859375 0.03671875
4 0.78984375 0.6859375 0.04453125 0.03671875
2 0.12734375 0.7546875 0.24609375 0.27109375
4 0.5515625 0.6828125 0.0546875 0.0359375
0 0.8015625 0.825 0.06171875 0.059375
4 0.1796875 0.47890625 0.31640625 0.0453125
0 0.29609375 0.828125 0.04375 0.06015625
4 0.0578125 0.68046875 0.05859375 0.03671875
0 0.5453125 0.8265625 0.053125 0.05625
4 0.059375 0.15859375 0.06015625 0.03671875
4 0.19296875 0.21875 0.32890625 0.0515625
4 0.30078125 0.68359375 0.04765625 0.0390625
0 0.05234375 0.53046875 0.05859375 0.06171875
4 0.5015625 0.9546875 0.13515625 0.0578125
0 0.5578125 0.26640625 0.07109375 0.06328125
0 0.053125 0.0390625 0.06953125 0.07109375
0 0.13125 0.03984375 0.07890625 0.075
0 0.05703125 0.825 0.0671875 0.05859375
0 0.06015625 0.26640625 0.06796875 0.0640625
4 0.05078125 0.43125 0.04140625 0.05390625
4 0.1171875 0.74140625 0.18125 0.0296875
4 0.09140625 0.76953125 0.13203125 0.02265625
4 0.34296875 0.740625 0.1390625 0.03046875
4 0.34921875 0.771875 0.159375 0.03203125
4 0.60546875 0.7375 0.1828125 0.02421875
4 0.59296875 0.7703125 0.146875 0.03828125
4 0.865625 0.73828125 0.19609375 0.0359375
4 0.82734375 0.7734375 0.11875 0.034375
2 0.75234375 0.21484375 0.47890625 0.23359375
2 0.4984375 0.4796875 0.978125 0.23515625
2 0.62421875 0.7515625 0.234375 0.26484375