2 0.378125 0.23359375 0.22890625 0.2671875
2 0.13046875 0.2296875 0.2390625 0.284375
4 0.20078125 0.16171875 0.0578125 0.03359375
2 0.75234375 0.51328125 0.49453125 0.2453125
2 0.87109375 0.2328125 0.23671875 0.26640625
4 0.31328125 0.49765625 0.3265625 0.0546875
4 0.81953125 0.7609375 0.31171875 0.03515625
4 0.43984375 0.44609375 0.06796875 0.0359375
4 0.82578125 0.50078125 0.290625 0.0453125
4 0.9453125 0.4515625 0.04765625 0.03515625
0 0.7015625 0.30703125 0.04921875 0.0609375
0 0.20078125 0.30625 0.06015625 0.0640625
4 0.45234375 0.16328125 0.0484375 0.0359375
4 0.69765625 0.16328125 0.05390625 0.03984375
4 0.940625 0.7125 0.0625 0.03828125
4 0.94296875 0.1609375 0.0578125 0.0421875
0 0.4484375 0.30625 0.06796875 0.06640625
0 0.9390625 0.82421875 0.0703125 0.0640625
0 0.725 0.03984375 0.0765625 0.07578125
0 0.9390625 0.55703125 0.071875 0.059375
0 0.44453125 0.55703125 0.071875 0.0609375
4 0.4984375 0.95625 0.13671875 0.05078125
0 0.94140625 0.3046875 0.07109375 0.06015625
0 0.7984375 0.0390625 0.0703125 0.075
0 0.87109375 0.03984375 0.06953125 0.0734375
0 0.94609375 0.03984375 0.06875 0.06953125
4 0.87265625 0.221875 0.19375 0.0328125
4 0.90703125 0.253125 0.13515625 0.03671875
4 0.6296875 0.21875 0.196875 0.03359375
4 0.6796875 0.24921875 0.10859375 0.0265625
4 0.37734375 0.21953125 0.19765625 0.0375
4 0.4234375 0.2515625 0.1140625 0.0234375
4 0.146875 0.21875 0.1671875 0.0390625
4 0.1734375 0.25078125 0.1234375 0.025
2 0.62421875 0.2296875 0.23515625 0.2625
2 0.2484375 0.50703125 0.47734375 0.23984375
2 0.49609375 0.771875 0.98203125 0.2375