2 0.5015625 0.50234375 0.996875 0.9953125
4 0.19765625 0.071875 0.32109375 0.0875
4 0.10078125 0.20859375 0.12890625 0.078125
4 0.16953125 0.33515625 0.24921875 0.0484375
4 0.16796875 0.40546875 0.25546875 0.0609375
4 0.53046875 0.32265625 0.125 0.0484375
4 0.5375 0.3984375 0.140625 0.053125
4 0.80859375 0.315625 0.15 0.0609375
4 0.80625 0.39296875 0.1546875 0.0609375
4 0.2015625 0.55859375 0.34609375 0.071875
0 0.8359375 0.55546875 0.10546875 0.075
4 0.109375 0.70859375 0.15 0.0640625
4 0.74140625 0.71015625 0.26796875 0.0765625
4 0.9265625 0.70078125 0.08359375 0.05703125
4 0.25859375 0.81796875 0.3421875 0.05859375
4 0.22109375 0.9203125 0.28515625 0.065625
4 0.696875 0.81015625 0.2078125 0.05703125
4 0.70859375 0.92578125 0.22421875 0.065625
4 0.8921875 0.803125 0.09140625 0.065625
4 0.884375 0.90859375 0.08359375 0.0640625
5 0.0625 0.82265625 0.0421875 0.05703125
5 0.06171875 0.925 0.04375 0.05859375