2 0.13046875 0.23359375 0.234375 0.2890625
4 0.44609375 0.45 0.065625 0.03671875
4 0.82109375 0.7609375 0.3078125 0.04375
2 0.6234375 0.23046875 0.234375 0.2609375
4 0.32890625 0.5078125 0.29453125 0.03828125
4 0.94296875 0.715625 0.05390625 0.03515625
2 0.753125 0.51484375 0.4921875 0.2375
4 0.44921875 0.16328125 0.05703125 0.03671875
4 0.82421875 0.50703125 0.296875 0.046875
0 0.19921875 0.30625 0.0578125 0.05546875
4 0.2 0.1609375 0.059375 0.03984375
2 0.8703125 0.2359375 0.23515625 0.271875
4 0.94453125 0.44921875 0.05390625 0.040625
4 0.69609375 0.1640625 0.053125 0.0453125
0 0.44765625 0.30546875 0.0671875 0.0640625
4 0.9359375 0.165625 0.0671875 0.034375
4 0.4984375 0.95625 0.13671875 0.05078125
0 0.69375 0.3046875 0.065625 0.0625
0 0.4421875 0.55703125 0.0734375 0.06484375
0 0.94140625 0.30625 0.0703125 0.059375
0 0.86484375 0.0390625 0.07265625 0.075
0 0.94140625 0.82421875 0.0703125 0.06640625
0 0.94296875 0.0390625 0.0765625 0.07421875
0 0.94296875 0.5578125 0.0703125 0.06171875
4 0.88828125 0.21875 0.17265625 0.03359375
4 0.89765625 0.25 0.140625 0.0328125
4 0.6609375 0.21953125 0.12578125 0.03203125
4 0.634375 0.2515625 0.184375 0.0390625
4 0.396875 0.21875 0.16484375 0.0359375
4 0.396875 0.25 0.1734375 0.025
4 0.16796875 0.2171875 0.12734375 0.03515625
4 0.1375 0.253125 0.18515625 0.03671875
2 0.37578125 0.2296875 0.2359375 0.2546875
2 0.25078125 0.50546875 0.48046875 0.2375
2 0.5015625 0.77109375 0.978125 0.23359375