2 0.75390625 0.47265625 0.484375 0.23515625
4 0.81328125 0.765625 0.09453125 0.0359375
4 0.8 0.68125 0.059375 0.034375
2 0.2515625 0.4796875 0.4984375 0.24140625
2 0.13203125 0.7515625 0.24375 0.28203125
4 0.55703125 0.41640625 0.0671875 0.0421875
4 0.55 0.68359375 0.0609375 0.0390625
0 0.7890625 0.82578125 0.0453125 0.059375
4 0.684375 0.4765625 0.31796875 0.04453125
4 0.30625 0.68203125 0.06640625 0.03984375
4 0.05625 0.41953125 0.0578125 0.03203125
4 0.18203125 0.22109375 0.30234375 0.0390625
0 0.05 0.825 0.05859375 0.0625
4 0.171875 0.4796875 0.30234375 0.04453125
0 0.54921875 0.825 0.06171875 0.06640625
4 0.05390625 0.16328125 0.05703125 0.04375
4 0.06171875 0.684375 0.06328125 0.0390625
4 0.50234375 0.9546875 0.13515625 0.0578125
0 0.0625 0.27109375 0.071875 0.06171875
0 0.3609375 0.040625 0.06796875 0.07734375
0 0.28515625 0.040625 0.06796875 0.07734375
0 0.2125 0.03984375 0.06484375 0.07578125
0 0.0578125 0.03984375 0.078125 0.07265625
0 0.13984375 0.040625 0.071875 0.075
0 0.55625 0.528125 0.06796875 0.0609375
0 0.30859375 0.82421875 0.0734375 0.0640625
0 0.05859375 0.528125 0.06796875 0.0609375
4 0.1140625 0.7390625 0.171875 0.0375
4 0.08828125 0.7703125 0.12890625 0.02109375
4 0.36484375 0.74140625 0.18046875 0.0359375
4 0.334375 0.77109375 0.12109375 0.03125
4 0.61484375 0.7421875 0.1890625 0.0375
4 0.58203125 0.77578125 0.125 0.0296875
4 0.865625 0.7390625 0.2 0.0375
2 0.5015625 0.22578125 0.98359375 0.23515625
2 0.37734375 0.7484375 0.2390625 0.26015625
2 0.6234375 0.75078125 0.23671875 0.26171875
2 0.8703125 0.75078125 0.23828125 0.25859375