2 0.24609375 0.47265625 0.484375 0.23515625
4 0.18671875 0.765625 0.09453125 0.0359375
4 0.2 0.68125 0.059375 0.034375
2 0.7484375 0.4796875 0.4984375 0.24140625
2 0.86796875 0.7515625 0.24375 0.28203125
4 0.44296875 0.41640625 0.0671875 0.0421875
4 0.45 0.68359375 0.0609375 0.0390625
0 0.2109375 0.82578125 0.0453125 0.059375
4 0.315625 0.4765625 0.31796875 0.04453125
4 0.69375 0.68203125 0.06640625 0.03984375
4 0.94375 0.41953125 0.0578125 0.03203125
4 0.81796875 0.22109375 0.30234375 0.0390625
0 0.95 0.825 0.05859375 0.0625
4 0.828125 0.4796875 0.30234375 0.04453125
0 0.45078125 0.825 0.06171875 0.06640625
4 0.94609375 0.16328125 0.05703125 0.04375
4 0.93828125 0.684375 0.06328125 0.0390625
4 0.49765625 0.9546875 0.13515625 0.0578125
0 0.9375 0.27109375 0.071875 0.06171875
0 0.6390625 0.040625 0.06796875 0.07734375
0 0.71484375 0.040625 0.06796875 0.07734375
0 0.7875 0.03984375 0.06484375 0.07578125
0 0.9421875 0.03984375 0.078125 0.07265625
0 0.86015625 0.040625 0.071875 0.075
0 0.44375 0.528125 0.06796875 0.0609375
0 0.69140625 0.82421875 0.0734375 0.0640625
0 0.94140625 0.528125 0.06796875 0.0609375
4 0.8859375 0.7390625 0.171875 0.0375
4 0.91171875 0.7703125 0.12890625 0.02109375
4 0.63515625 0.74140625 0.18046875 0.0359375
4 0.665625 0.77109375 0.12109375 0.03125
4 0.38515625 0.7421875 0.1890625 0.0375
4 0.41796875 0.77578125 0.125 0.0296875
4 0.134375 0.7390625 0.2 0.0375
2 0.4984375 0.22578125 0.98359375 0.23515625
2 0.62265625 0.7484375 0.2390625 0.26015625
2 0.3765625 0.75078125 0.23671875 0.26171875
2 0.1296875 0.75078125 0.23828125 0.25859375