4 0.82109375 0.7421875 0.30234375 0.0515625
4 0.815625 0.22109375 0.3078125 0.03515625
0 0.9484375 0.79375 0.053125 0.06171875
4 0.94609375 0.6859375 0.05546875 0.03515625
0 0.94765625 0.27109375 0.0546875 0.06328125
4 0.825 0.47578125 0.28984375 0.0421875
4 0.93984375 0.4265625 0.06015625 0.03359375
4 0.94296875 0.16171875 0.06015625 0.0359375
4 0.4984375 0.92734375 0.1359375 0.05234375
0 0.78984375 0.04140625 0.07109375 0.075
0 0.71484375 0.0390625 0.06484375 0.0765625
0 0.8671875 0.03984375 0.07109375 0.07578125
0 0.93671875 0.53125 0.07421875 0.06484375
0 0.94375 0.0390625 0.07578125 0.06953125
0 0.64375 0.03984375 0.075 0.07578125
2 0.50078125 0.22109375 0.97890625 0.234375
2 0.49921875 0.4828125 0.978125 0.23359375
2 0.5015625 0.7453125 0.9796875 0.2375