4 0.20546875 0.16640625 0.0484375 0.03203125
4 0.65078125 0.21796875 0.15234375 0.03515625
2 0.1296875 0.23515625 0.2390625 0.2859375
2 0.503125 0.5125 0.97890625 0.24140625
2 0.378125 0.2296875 0.23359375 0.2640625
4 0.82265625 0.76328125 0.31484375 0.04296875
4 0.453125 0.165625 0.053125 0.0375
4 0.31328125 0.765625 0.31953125 0.05546875
2 0.8703125 0.23046875 0.24453125 0.275
4 0.44296875 0.70859375 0.06796875 0.0484375
4 0.69375 0.1625 0.0671875 0.0359375
4 0.81953125 0.50390625 0.31015625 0.04609375
0 0.7 0.3078125 0.05078125 0.0578125
4 0.9453125 0.4515625 0.05078125 0.0328125
0 0.196875 0.30546875 0.07578125 0.06328125
0 0.93828125 0.30546875 0.07890625 0.06171875
0 0.4515625 0.82109375 0.06328125 0.0640625
4 0.93828125 0.70625 0.06796875 0.04609375
4 0.9484375 0.16328125 0.04609375 0.03515625
0 0.44453125 0.30390625 0.07109375 0.059375
4 0.49765625 0.9546875 0.13515625 0.059375
0 0.86484375 0.0390625 0.07578125 0.075
0 0.94609375 0.56484375 0.06875 0.0609375
0 0.94453125 0.03828125 0.07265625 0.07265625
0 0.9390625 0.82109375 0.07109375 0.06328125
4 0.903125 0.2203125 0.1421875 0.03359375
4 0.890625 0.253125 0.16640625 0.02890625
4 0.64609375 0.25234375 0.1609375 0.034375
4 0.42109375 0.21796875 0.11484375 0.034375
4 0.38515625 0.2546875 0.19453125 0.03984375
4 0.165625 0.21953125 0.128125 0.03125
4 0.13671875 0.2515625 0.190625 0.03359375
2 0.62421875 0.23125 0.23671875 0.26875
2 0.7484375 0.7671875 0.478125 0.23984375
2 0.25234375 0.76875 0.48203125 0.24140625