2 0.87265625 0.4953125 0.23828125 0.27734375
4 0.796875 0.4234375 0.05234375 0.04140625
4 0.67734375 0.80234375 0.30859375 0.04140625
2 0.1296875 0.49453125 0.234375 0.27265625
4 0.19140625 0.79296875 0.33359375 0.0515625
2 0.5 0.21796875 0.98359375 0.234375
0 0.790625 0.56640625 0.04765625 0.0609375
0 0.5515625 0.85078125 0.05078125 0.06171875
4 0.0546875 0.7421875 0.05078125 0.0328125
4 0.503125 0.98046875 0.12421875 0.03828125
4 0.17890625 0.2234375 0.30859375 0.03671875
4 0.05 0.16640625 0.04765625 0.04140625
4 0.5609375 0.47265625 0.078125 0.03203125
4 0.5515625 0.42109375 0.05859375 0.03828125
0 0.546875 0.59453125 0.05390625 0.05859375
4 0.05625 0.42578125 0.053125 0.0328125
0 0.06015625 0.26953125 0.07109375 0.0625
0 0.05859375 0.84921875 0.06796875 0.0609375
0 0.05625 0.03984375 0.075 0.0734375
0 0.06171875 0.56796875 0.07734375 0.06484375
0 0.30546875 0.56796875 0.06953125 0.06171875
0 0.1296875 0.03984375 0.06796875 0.0734375
4 0.11875 0.47890625 0.1765625 0.03125
4 0.0984375 0.5109375 0.1390625 0.0375
4 0.29453125 0.43125 0.0390625 0.0484375
4 0.3546875 0.4828125 0.1578125 0.02578125
4 0.3609375 0.51484375 0.1765625 0.0359375
4 0.6 0.509375 0.15859375 0.040625
4 0.56171875 0.54140625 0.078125 0.03203125
4 0.8578125 0.484375 0.17890625 0.02578125
4 0.8375 0.51484375 0.1328125 0.0375
4 0.54921875 0.74921875 0.04609375 0.0453125
2 0.37734375 0.49296875 0.23828125 0.26484375
2 0.621875 0.50703125 0.234375 0.28984375
2 0.2484375 0.7953125 0.47890625 0.2421875
2 0.74765625 0.8 0.4890625 0.23359375