2 0.7484375 0.48125 0.4890625 0.24453125
2 0.86953125 0.75078125 0.2359375 0.2578125
2 0.12734375 0.7484375 0.23671875 0.27890625
2 0.625 0.75234375 0.2390625 0.2609375
4 0.44609375 0.41953125 0.0609375 0.03984375
4 0.19765625 0.68203125 0.06953125 0.0390625
4 0.3171875 0.475 0.31640625 0.0453125
4 0.44765625 0.68125 0.05625 0.03671875
4 0.9453125 0.1609375 0.05703125 0.03828125
4 0.6984375 0.68359375 0.05703125 0.04375
0 0.7 0.8265625 0.05078125 0.06328125
4 0.9421875 0.684375 0.059375 0.03671875
4 0.8203125 0.2203125 0.3125 0.04375
4 0.81953125 0.47890625 0.31953125 0.04453125
4 0.9421875 0.41875 0.06015625 0.03515625
0 0.45234375 0.825 0.05703125 0.06484375
0 0.20703125 0.828125 0.0546875 0.065625
0 0.94453125 0.52734375 0.06640625 0.059375
4 0.4984375 0.95546875 0.13515625 0.05703125
0 0.9484375 0.8265625 0.0609375 0.06328125
0 0.94921875 0.03828125 0.0609375 0.071875
0 0.44453125 0.528125 0.06640625 0.0609375
0 0.88359375 0.0421875 0.0625 0.075
0 0.9390625 0.27109375 0.07109375 0.0625
4 0.91484375 0.7375 0.11171875 0.03828125
4 0.875 0.7703125 0.1984375 0.0296875
4 0.659375 0.7375 0.1296875 0.034375
4 0.6328125 0.7765625 0.17890625 0.03515625
4 0.4 0.74375 0.15859375 0.02890625
4 0.41328125 0.77109375 0.140625 0.02578125
4 0.1546875 0.74375 0.15703125 0.02890625
4 0.15234375 0.77265625 0.15703125 0.0234375
2 0.50078125 0.21953125 0.97890625 0.24140625
2 0.37734375 0.75 0.23359375 0.26015625
2 0.25234375 0.48046875 0.478125 0.24296875