2 0.2515625 0.48125 0.4890625 0.24453125
2 0.13046875 0.75078125 0.2359375 0.2578125
2 0.87265625 0.7484375 0.23671875 0.27890625
2 0.375 0.75234375 0.2390625 0.2609375
4 0.55390625 0.41953125 0.0609375 0.03984375
4 0.80234375 0.68203125 0.06953125 0.0390625
4 0.6828125 0.475 0.31640625 0.0453125
4 0.55234375 0.68125 0.05625 0.03671875
4 0.0546875 0.1609375 0.05703125 0.03828125
4 0.3015625 0.68359375 0.05703125 0.04375
0 0.3 0.8265625 0.05078125 0.06328125
4 0.0578125 0.684375 0.059375 0.03671875
4 0.1796875 0.2203125 0.3125 0.04375
4 0.18046875 0.47890625 0.31953125 0.04453125
4 0.0578125 0.41875 0.06015625 0.03515625
0 0.54765625 0.825 0.05703125 0.06484375
0 0.79296875 0.828125 0.0546875 0.065625
0 0.05546875 0.52734375 0.06640625 0.059375
4 0.5015625 0.95546875 0.13515625 0.05703125
0 0.0515625 0.8265625 0.0609375 0.06328125
0 0.05078125 0.03828125 0.0609375 0.071875
0 0.55546875 0.528125 0.06640625 0.0609375
0 0.11640625 0.0421875 0.0625 0.075
0 0.0609375 0.27109375 0.07109375 0.0625
4 0.08515625 0.7375 0.11171875 0.03828125
4 0.125 0.7703125 0.1984375 0.0296875
4 0.340625 0.7375 0.1296875 0.034375
4 0.3671875 0.7765625 0.17890625 0.03515625
4 0.6 0.74375 0.15859375 0.02890625
4 0.58671875 0.77109375 0.140625 0.02578125
4 0.8453125 0.74375 0.15703125 0.02890625
4 0.84765625 0.77265625 0.15703125 0.0234375
2 0.49921875 0.21953125 0.97890625 0.24140625
2 0.62265625 0.75 0.23359375 0.26015625
2 0.74765625 0.48046875 0.478125 0.24296875