0 0.3140625 0.0359375 0.09140625 0.06015625
4 0.82265625 0.03046875 0.046875 0.0359375
4 0.559375 0.9640625 0.09609375 0.028125
4 0.334375 0.9625 0.09609375 0.03046875
7 0.3125 0.03359375 0.09296875 0.0625
4 0.78515625 0.9640625 0.096875 0.028125
7 0.21484375 0.03359375 0.09140625 0.0625
4 0.56328125 0.9328125 0.08515625 0.034375
4 0.33828125 0.9328125 0.08515625 0.034375
4 0.78984375 0.9328125 0.08515625 0.034375
4 0.803125 0.3359375 0.07265625 0.03828125
7 0.7921875 0.4015625 0.1 0.05234375
4 0.76953125 0.28359375 0.14140625 0.06640625
4 0.52734375 0.59609375 0.146875 0.0546875
3 0.5015625 0.771875 0.2171875 0.2578125
3 0.728125 0.7765625 0.209375 0.25390625
3 0.275 0.7734375 0.2203125 0.25625
3 0.5015625 0.3125 0.98359375 0.45546875