0 0.6859375 0.0359375 0.09140625 0.06015625
4 0.17734375 0.03046875 0.046875 0.0359375
4 0.440625 0.9640625 0.09609375 0.028125
4 0.665625 0.9625 0.09609375 0.03046875
7 0.6875 0.03359375 0.09296875 0.0625
4 0.21484375 0.9640625 0.096875 0.028125
7 0.78515625 0.03359375 0.09140625 0.0625
4 0.43671875 0.9328125 0.08515625 0.034375
4 0.66171875 0.9328125 0.08515625 0.034375
4 0.21015625 0.9328125 0.08515625 0.034375
4 0.196875 0.3359375 0.07265625 0.03828125
7 0.2078125 0.4015625 0.1 0.05234375
4 0.23046875 0.28359375 0.14140625 0.06640625
4 0.47265625 0.59609375 0.146875 0.0546875
3 0.4984375 0.771875 0.2171875 0.2578125
3 0.271875 0.7765625 0.209375 0.25390625
3 0.725 0.7734375 0.2203125 0.25625
3 0.4984375 0.3125 0.98359375 0.45546875