4 0.57890625 0.76796875 0.1140625 0.0375
2 0.3765625 0.7703125 0.23984375 0.29375
4 0.31171875 0.796875 0.07265625 0.0265625
2 0.86953125 0.75859375 0.23984375 0.28125
2 0.25078125 0.22265625 0.4859375 0.2453125
4 0.5546875 0.15859375 0.05546875 0.03828125
4 0.04375 0.803125 0.028125 0.02578125
4 0.796875 0.68515625 0.05625 0.0421875
4 0.55234375 0.68046875 0.053125 0.03984375
4 0.3046875 0.684375 0.0625 0.0375
4 0.17890625 0.47578125 0.30390625 0.0421875
4 0.334375 0.734375 0.1171875 0.03515625
4 0.059375 0.421875 0.0546875 0.03515625
4 0.50234375 0.98046875 0.13046875 0.0390625
0 0.5484375 0.26875 0.05546875 0.0625
4 0.17734375 0.21328125 0.32265625 0.06328125
0 0.5484375 0.82421875 0.0515625 0.06328125
0 0.29765625 0.853125 0.059375 0.065625
4 0.05859375 0.15859375 0.06171875 0.0375
4 0.05390625 0.68359375 0.0484375 0.0375
0 0.80234375 0.82421875 0.07109375 0.0625
0 0.04765625 0.2703125 0.0546875 0.0625
0 0.05625 0.03984375 0.0765625 0.07265625
0 0.0640625 0.8515625 0.0765625 0.06171875
0 0.06171875 0.53046875 0.07265625 0.06171875
0 0.1390625 0.0390625 0.0796875 0.0765625
4 0.6828125 0.2125 0.31796875 0.0453125
4 0.04453125 0.734375 0.03671875 0.04296875
4 0.13515625 0.7703125 0.21328125 0.0265625
4 0.33984375 0.7703125 0.13515625 0.01796875
4 0.6171875 0.73828125 0.19296875 0.0359375
4 0.85390625 0.7421875 0.16953125 0.03125
4 0.84453125 0.77265625 0.15546875 0.0296875
2 0.75078125 0.21953125 0.48828125 0.2484375
2 0.5 0.4796875 0.98046875 0.24140625
2 0.1296875 0.7703125 0.23984375 0.3046875
2 0.62265625 0.75078125 0.23671875 0.2625