2 0.25234375 0.225 0.4890625 0.23046875
2 0.13203125 0.496875 0.2359375 0.26015625
4 0.55390625 0.42109375 0.0703125 0.04453125
4 0.18984375 0.215625 0.31875 0.03515625
4 0.67734375 0.2171875 0.30546875 0.053125
4 0.17734375 0.76640625 0.29453125 0.03828125
4 0.5609375 0.1578125 0.0671875 0.03671875
4 0.30703125 0.4203125 0.06171875 0.03828125
0 0.5515625 0.56171875 0.06796875 0.06484375
4 0.0578125 0.7109375 0.05546875 0.03125
0 0.8015625 0.5609375 0.06796875 0.06015625
4 0.0546875 0.1578125 0.05078125 0.0359375
4 0.05234375 0.4234375 0.04296875 0.0359375
0 0.140625 0.040625 0.0765625 0.07734375
4 0.5015625 0.95625 0.1375 0.05234375
0 0.3078125 0.5640625 0.07265625 0.06171875
0 0.5546875 0.26796875 0.06640625 0.0625
0 0.05703125 0.0390625 0.075 0.0703125
0 0.2140625 0.03984375 0.06015625 0.0765625
0 0.05703125 0.26796875 0.065625 0.06171875
0 0.05390625 0.825 0.06796875 0.06640625
0 0.05703125 0.5640625 0.06796875 0.06171875
0 0.28046875 0.03984375 0.06953125 0.075
4 0.11953125 0.4796875 0.1828125 0.03828125
4 0.0875 0.51015625 0.115625 0.021875
4 0.3578125 0.4796875 0.1703125 0.03125
4 0.34296875 0.51171875 0.1484375 0.0296875
4 0.6203125 0.47734375 0.2015625 0.0359375
4 0.578125 0.51328125 0.109375 0.03046875
4 0.86875 0.4765625 0.1984375 0.040625
4 0.8171875 0.5078125 0.10390625 0.028125
4 0.80078125 0.42421875 0.0609375 0.03359375
2 0.74765625 0.21640625 0.47890625 0.25390625
2 0.37578125 0.48984375 0.23515625 0.26875
2 0.6203125 0.49140625 0.23515625 0.2640625
2 0.871875 0.4921875 0.23828125 0.275
2 0.50078125 0.7734375 0.98203125 0.25234375