2 0.74765625 0.225 0.4890625 0.23046875
2 0.86796875 0.496875 0.2359375 0.26015625
4 0.44609375 0.42109375 0.0703125 0.04453125
4 0.81015625 0.215625 0.31875 0.03515625
4 0.32265625 0.2171875 0.30546875 0.053125
4 0.82265625 0.76640625 0.29453125 0.03828125
4 0.4390625 0.1578125 0.0671875 0.03671875
4 0.69296875 0.4203125 0.06171875 0.03828125
0 0.4484375 0.56171875 0.06796875 0.06484375
4 0.9421875 0.7109375 0.05546875 0.03125
0 0.1984375 0.5609375 0.06796875 0.06015625
4 0.9453125 0.1578125 0.05078125 0.0359375
4 0.94765625 0.4234375 0.04296875 0.0359375
0 0.859375 0.040625 0.0765625 0.07734375
4 0.4984375 0.95625 0.1375 0.05234375
0 0.6921875 0.5640625 0.07265625 0.06171875
0 0.4453125 0.26796875 0.06640625 0.0625
0 0.94296875 0.0390625 0.075 0.0703125
0 0.7859375 0.03984375 0.06015625 0.0765625
0 0.94296875 0.26796875 0.065625 0.06171875
0 0.94609375 0.825 0.06796875 0.06640625
0 0.94296875 0.5640625 0.06796875 0.06171875
0 0.71953125 0.03984375 0.06953125 0.075
4 0.88046875 0.4796875 0.1828125 0.03828125
4 0.9125 0.51015625 0.115625 0.021875
4 0.6421875 0.4796875 0.1703125 0.03125
4 0.65703125 0.51171875 0.1484375 0.0296875
4 0.3796875 0.47734375 0.2015625 0.0359375
4 0.421875 0.51328125 0.109375 0.03046875
4 0.13125 0.4765625 0.1984375 0.040625
4 0.1828125 0.5078125 0.10390625 0.028125
4 0.19921875 0.42421875 0.0609375 0.03359375
2 0.25234375 0.21640625 0.47890625 0.25390625
2 0.62421875 0.48984375 0.23515625 0.26875
2 0.3796875 0.49140625 0.23515625 0.2640625
2 0.128125 0.4921875 0.23828125 0.275
2 0.49921875 0.7734375 0.98203125 0.25234375