2 0.6234375 0.22734375 0.2296875 0.26953125
2 0.3796875 0.23203125 0.23046875 0.26484375
4 0.81640625 0.765625 0.31015625 0.03671875
4 0.446875 0.44609375 0.0625 0.04375
2 0.74765625 0.5078125 0.49453125 0.2484375
4 0.19765625 0.16328125 0.07109375 0.03828125
4 0.821875 0.50859375 0.29765625 0.03984375
2 0.86953125 0.2328125 0.23671875 0.26328125
4 0.44453125 0.165625 0.0578125 0.03046875
4 0.69765625 0.16171875 0.05078125 0.0375
4 0.31640625 0.5 0.3140625 0.05
0 0.20078125 0.30546875 0.06796875 0.0609375
0 0.9375 0.825 0.07734375 0.0609375
4 0.94609375 0.4484375 0.04921875 0.03671875
4 0.94296875 0.71015625 0.05234375 0.0328125
4 0.9390625 0.1640625 0.06015625 0.03515625
0 0.69765625 0.30625 0.059375 0.0609375
0 0.79140625 0.0390625 0.07109375 0.075
0 0.446875 0.303125 0.07265625 0.06640625
0 0.94375 0.30546875 0.06328125 0.06015625
4 0.4984375 0.95625 0.13671875 0.05078125
0 0.43671875 0.5578125 0.08046875 0.06796875
0 0.8671875 0.03984375 0.0734375 0.071875
0 0.94296875 0.5578125 0.06796875 0.05703125
0 0.9453125 0.03984375 0.071875 0.06953125
0 0.71796875 0.03984375 0.06484375 0.0734375
4 0.88125 0.21796875 0.178125 0.02734375
4 0.909375 0.24921875 0.128125 0.02734375
4 0.63046875 0.21796875 0.18984375 0.03515625
4 0.6765625 0.24921875 0.0984375 0.03125
4 0.378125 0.2203125 0.20234375 0.0296875
4 0.43359375 0.24765625 0.09609375 0.02421875
4 0.13828125 0.21796875 0.18515625 0.03125
4 0.16484375 0.2484375 0.134375 0.0296875
2 0.128125 0.23125 0.23828125 0.27578125
2 0.25078125 0.50546875 0.47890625 0.2421875
2 0.50234375 0.7703125 0.99453125 0.24296875