2 0.3765625 0.22734375 0.2296875 0.26953125
2 0.6203125 0.23203125 0.23046875 0.26484375
4 0.18359375 0.765625 0.31015625 0.03671875
4 0.553125 0.44609375 0.0625 0.04375
2 0.25234375 0.5078125 0.49453125 0.2484375
4 0.80234375 0.16328125 0.07109375 0.03828125
4 0.178125 0.50859375 0.29765625 0.03984375
2 0.13046875 0.2328125 0.23671875 0.26328125
4 0.55546875 0.165625 0.0578125 0.03046875
4 0.30234375 0.16171875 0.05078125 0.0375
4 0.68359375 0.5 0.3140625 0.05
0 0.79921875 0.30546875 0.06796875 0.0609375
0 0.0625 0.825 0.07734375 0.0609375
4 0.05390625 0.4484375 0.04921875 0.03671875
4 0.05703125 0.71015625 0.05234375 0.0328125
4 0.0609375 0.1640625 0.06015625 0.03515625
0 0.30234375 0.30625 0.059375 0.0609375
0 0.20859375 0.0390625 0.07109375 0.075
0 0.553125 0.303125 0.07265625 0.06640625
0 0.05625 0.30546875 0.06328125 0.06015625
4 0.5015625 0.95625 0.13671875 0.05078125
0 0.56328125 0.5578125 0.08046875 0.06796875
0 0.1328125 0.03984375 0.0734375 0.071875
0 0.05703125 0.5578125 0.06796875 0.05703125
0 0.0546875 0.03984375 0.071875 0.06953125
0 0.28203125 0.03984375 0.06484375 0.0734375
4 0.11875 0.21796875 0.178125 0.02734375
4 0.090625 0.24921875 0.128125 0.02734375
4 0.36953125 0.21796875 0.18984375 0.03515625
4 0.3234375 0.24921875 0.0984375 0.03125
4 0.621875 0.2203125 0.20234375 0.0296875
4 0.56640625 0.24765625 0.09609375 0.02421875
4 0.86171875 0.21796875 0.18515625 0.03125
4 0.83515625 0.2484375 0.134375 0.0296875
2 0.871875 0.23125 0.23828125 0.27578125
2 0.74921875 0.50546875 0.47890625 0.2421875
2 0.49765625 0.7703125 0.99453125 0.24296875