2 0.74921875 0.76796875 0.48125 0.2390625
2 0.12734375 0.4875 0.23671875 0.271875
4 0.2015625 0.425 0.053125 0.040625
2 0.37890625 0.48828125 0.2359375 0.2734375
2 0.2515625 0.77109375 0.4875 0.23046875
4 0.3125 0.76640625 0.32109375 0.0421875
4 0.94609375 0.71015625 0.0546875 0.03828125
4 0.81328125 0.7671875 0.31953125 0.04375
2 0.5046875 0.2203125 0.98984375 0.2328125
2 0.86953125 0.49453125 0.2421875 0.26171875
4 0.44453125 0.709375 0.0671875 0.03828125
4 0.69453125 0.42421875 0.0640625 0.0375
0 0.45859375 0.56640625 0.04609375 0.0609375
4 0.81171875 0.21640625 0.31640625 0.046875
0 0.4515625 0.8203125 0.0609375 0.06015625
0 0.20625 0.565625 0.0515625 0.05703125
4 0.94765625 0.4296875 0.04609375 0.0359375
0 0.9375 0.56640625 0.07734375 0.059375
4 0.4984375 0.9546875 0.13515625 0.0578125
4 0.93515625 0.1625 0.07421875 0.03984375
0 0.69296875 0.56640625 0.06953125 0.06171875
0 0.94296875 0.271875 0.06640625 0.0609375
0 0.94296875 0.03984375 0.0765625 0.07109375
0 0.7296875 0.03984375 0.06640625 0.07734375
0 0.7984375 0.0390625 0.0671875 0.0765625
0 0.95 0.8203125 0.0609375 0.06171875
0 0.86953125 0.03984375 0.0640625 0.0765625
4 0.8921875 0.478125 0.15859375 0.03515625
4 0.9046875 0.51484375 0.12890625 0.02578125
4 0.62578125 0.4765625 0.2015625 0.03515625
4 0.67421875 0.5109375 0.10390625 0.03125
4 0.38359375 0.48203125 0.19453125 0.03125
4 0.41328125 0.5140625 0.1375 0.02578125
4 0.13828125 0.4796875 0.1828125 0.03984375
4 0.16953125 0.51171875 0.12265625 0.02734375
2 0.62421875 0.49296875 0.23828125 0.2671875