2 0.25078125 0.76796875 0.48125 0.2390625
2 0.87265625 0.4875 0.23671875 0.271875
4 0.7984375 0.425 0.053125 0.040625
2 0.62109375 0.48828125 0.2359375 0.2734375
2 0.7484375 0.77109375 0.4875 0.23046875
4 0.6875 0.76640625 0.32109375 0.0421875
4 0.05390625 0.71015625 0.0546875 0.03828125
4 0.18671875 0.7671875 0.31953125 0.04375
2 0.4953125 0.2203125 0.98984375 0.2328125
2 0.13046875 0.49453125 0.2421875 0.26171875
4 0.55546875 0.709375 0.0671875 0.03828125
4 0.30546875 0.42421875 0.0640625 0.0375
0 0.54140625 0.56640625 0.04609375 0.0609375
4 0.18828125 0.21640625 0.31640625 0.046875
0 0.5484375 0.8203125 0.0609375 0.06015625
0 0.79375 0.565625 0.0515625 0.05703125
4 0.05234375 0.4296875 0.04609375 0.0359375
0 0.0625 0.56640625 0.07734375 0.059375
4 0.5015625 0.9546875 0.13515625 0.0578125
4 0.06484375 0.1625 0.07421875 0.03984375
0 0.30703125 0.56640625 0.06953125 0.06171875
0 0.05703125 0.271875 0.06640625 0.0609375
0 0.05703125 0.03984375 0.0765625 0.07109375
0 0.2703125 0.03984375 0.06640625 0.07734375
0 0.2015625 0.0390625 0.0671875 0.0765625
0 0.05 0.8203125 0.0609375 0.06171875
0 0.13046875 0.03984375 0.0640625 0.0765625
4 0.1078125 0.478125 0.15859375 0.03515625
4 0.0953125 0.51484375 0.12890625 0.02578125
4 0.37421875 0.4765625 0.2015625 0.03515625
4 0.32578125 0.5109375 0.10390625 0.03125
4 0.61640625 0.48203125 0.19453125 0.03125
4 0.58671875 0.5140625 0.1375 0.02578125
4 0.86171875 0.4796875 0.1828125 0.03984375
4 0.83046875 0.51171875 0.12265625 0.02734375
2 0.37578125 0.49296875 0.23828125 0.2671875