4 0.3203125 0.47578125 0.30546875 0.05625
2 0.75078125 0.4828125 0.4859375 0.23515625
2 0.50234375 0.2203125 0.9921875 0.23984375
4 0.4453125 0.415625 0.05859375 0.04375
4 0.821875 0.4734375 0.3 0.040625
4 0.81171875 0.2171875 0.31796875 0.03984375
4 0.94140625 0.41875 0.059375 0.0375
0 0.94921875 0.5296875 0.053125 0.0609375
4 0.93984375 0.16171875 0.06328125 0.03671875
4 0.4984375 0.66484375 0.13359375 0.0609375
0 0.94296875 0.0390625 0.0765625 0.07265625
0 0.94453125 0.27265625 0.06484375 0.0609375
0 0.44453125 0.52734375 0.06640625 0.06484375
0 0.86953125 0.03828125 0.0703125 0.075
2 0.2515625 0.48203125 0.48359375 0.24921875