4 0.6796875 0.47578125 0.30546875 0.05625
2 0.24921875 0.4828125 0.4859375 0.23515625
2 0.49765625 0.2203125 0.9921875 0.23984375
4 0.5546875 0.415625 0.05859375 0.04375
4 0.178125 0.4734375 0.3 0.040625
4 0.18828125 0.2171875 0.31796875 0.03984375
4 0.05859375 0.41875 0.059375 0.0375
0 0.05078125 0.5296875 0.053125 0.0609375
4 0.06015625 0.16171875 0.06328125 0.03671875
4 0.5015625 0.66484375 0.13359375 0.0609375
0 0.05703125 0.0390625 0.0765625 0.07265625
0 0.05546875 0.27265625 0.06484375 0.0609375
0 0.55546875 0.52734375 0.06640625 0.06484375
0 0.13046875 0.03828125 0.0703125 0.075
2 0.7484375 0.48203125 0.48359375 0.24921875