2 0.86953125 0.228125 0.2453125 0.27578125
2 0.37578125 0.23359375 0.24296875 0.27890625
2 0.62578125 0.228125 0.2328125 0.2828125
4 0.5453125 0.16484375 0.04765625 0.0359375
3 0.2046875 0.04140625 0.05703125 0.08125
2 0.13046875 0.2421875 0.24140625 0.30546875
4 0.7953125 0.16171875 0.05234375 0.0390625
4 0.784375 0.246875 0.03046875 0.028125
0 0.80234375 0.3046875 0.07109375 0.06171875
4 0.0859375 0.21171875 0.1078125 0.0296875
4 0.0515625 0.28046875 0.0453125 0.02578125
4 0.30625 0.165625 0.065625 0.0359375
0 0.5453125 0.3078125 0.05625 0.06328125
4 0.05859375 0.1640625 0.06171875 0.0390625
4 0.50234375 0.46875 0.134375 0.06015625
0 0.30703125 0.3046875 0.06796875 0.0609375
0 0.134375 0.03828125 0.071875 0.075
0 0.0546875 0.0390625 0.0734375 0.07265625
0 0.20390625 0.03828125 0.059375 0.075
0 0.2671875 0.0390625 0.0640625 0.07421875
0 0.0546875 0.334375 0.06171875 0.0609375
4 0.1078125 0.25078125 0.16171875 0.03515625
4 0.334375 0.21640625 0.11796875 0.034375
4 0.36484375 0.25390625 0.17734375 0.04140625
4 0.61484375 0.21875 0.1828125 0.02890625
4 0.5859375 0.2453125 0.1203125 0.03515625
2 0.87578125 0.2203125 0.2140625 0.02890625