2 0.13046875 0.228125 0.2453125 0.27578125
2 0.62421875 0.23359375 0.24296875 0.27890625
2 0.37421875 0.228125 0.2328125 0.2828125
4 0.4546875 0.16484375 0.04765625 0.0359375
3 0.7953125 0.04140625 0.05703125 0.08125
2 0.86953125 0.2421875 0.24140625 0.30546875
4 0.2046875 0.16171875 0.05234375 0.0390625
4 0.215625 0.246875 0.03046875 0.028125
0 0.19765625 0.3046875 0.07109375 0.06171875
4 0.9140625 0.21171875 0.1078125 0.0296875
4 0.9484375 0.28046875 0.0453125 0.02578125
4 0.69375 0.165625 0.065625 0.0359375
0 0.4546875 0.3078125 0.05625 0.06328125
4 0.94140625 0.1640625 0.06171875 0.0390625
4 0.49765625 0.46875 0.134375 0.06015625
0 0.69296875 0.3046875 0.06796875 0.0609375
0 0.865625 0.03828125 0.071875 0.075
0 0.9453125 0.0390625 0.0734375 0.07265625
0 0.79609375 0.03828125 0.059375 0.075
0 0.7328125 0.0390625 0.0640625 0.07421875
0 0.9453125 0.334375 0.06171875 0.0609375
4 0.8921875 0.25078125 0.16171875 0.03515625
4 0.665625 0.21640625 0.11796875 0.034375
4 0.63515625 0.25390625 0.17734375 0.04140625
4 0.38515625 0.21875 0.1828125 0.02890625
4 0.4140625 0.2453125 0.1203125 0.03515625
2 0.12421875 0.2203125 0.2140625 0.02890625