2 0.87109375 0.75625 0.23515625 0.2828125
4 0.6796875 0.2109375 0.31328125 0.05234375
2 0.3734375 0.75 0.240625 0.265625
4 0.346875 0.73671875 0.13984375 0.03203125
4 0.790625 0.68359375 0.04296875 0.0328125
2 0.2484375 0.21875 0.48671875 0.2390625
4 0.5546875 0.16015625 0.06015625 0.03984375
4 0.05546875 0.4234375 0.0578125 0.03125
4 0.546875 0.68515625 0.04609375 0.0453125
0 0.5453125 0.8265625 0.05546875 0.0609375
0 0.05234375 0.53125 0.0578125 0.0609375
4 0.18984375 0.47421875 0.32265625 0.0390625
4 0.1859375 0.21484375 0.31015625 0.03984375
4 0.30390625 0.68671875 0.06328125 0.04140625
0 0.79296875 0.8265625 0.0515625 0.0609375
4 0.05078125 0.765625 0.04453125 0.02734375
4 0.05390625 0.16015625 0.05234375 0.0359375
4 0.06015625 0.68359375 0.06328125 0.03828125
4 0.5015625 0.95546875 0.13515625 0.05703125
0 0.5515625 0.26875 0.0609375 0.0640625
0 0.05 0.26953125 0.05703125 0.06328125
0 0.05546875 0.0390625 0.075 0.0703125
0 0.3046875 0.825 0.07109375 0.06640625
0 0.0578125 0.825 0.0703125 0.0625
0 0.1265625 0.0390625 0.0640625 0.075
0 0.19453125 0.03984375 0.071875 0.075
4 0.13359375 0.73984375 0.20859375 0.03125
4 0.3484375 0.771875 0.14140625 0.03046875
4 0.59921875 0.73515625 0.14765625 0.03515625
4 0.6015625 0.76796875 0.15859375 0.0328125
4 0.84609375 0.7390625 0.1609375 0.028125
4 0.85078125 0.77265625 0.165625 0.0359375
2 0.75 0.2140625 0.4859375 0.24140625
2 0.5 0.48203125 0.98515625 0.2453125
2 0.12890625 0.75 0.23359375 0.26796875
2 0.6234375 0.75078125 0.2375 0.26875