4 0.10234375 0.4796875 0.140625 0.03203125
4 0.05703125 0.71484375 0.0578125 0.03203125
2 0.25625 0.21875 0.48125 0.2359375
2 0.37578125 0.48984375 0.23828125 0.25625
4 0.68203125 0.215625 0.309375 0.05
4 0.1859375 0.76796875 0.3140625 0.04296875
4 0.54921875 0.42265625 0.05390625 0.03984375
4 0.553125 0.15859375 0.05234375 0.0375
0 0.79453125 0.56484375 0.05703125 0.06171875
0 0.5484375 0.5640625 0.053125 0.0625
4 0.1703125 0.21171875 0.27890625 0.05
4 0.05546875 0.421875 0.05078125 0.03515625
4 0.0609375 0.1578125 0.06015625 0.0359375
0 0.05078125 0.26796875 0.0578125 0.06328125
0 0.30859375 0.5625 0.06953125 0.06015625
4 0.5015625 0.95625 0.1375 0.05234375
0 0.2828125 0.03984375 0.07890625 0.07734375
0 0.05546875 0.56484375 0.06484375 0.06171875
0 0.05546875 0.0390625 0.0734375 0.0703125
0 0.553125 0.26953125 0.06640625 0.06328125
0 0.13125 0.040625 0.071875 0.0765625
0 0.05546875 0.825 0.06796875 0.06640625
0 0.20546875 0.03984375 0.071875 0.07734375
4 0.0984375 0.509375 0.1421875 0.03125
4 0.3515625 0.47890625 0.1421875 0.02890625
4 0.35078125 0.5140625 0.15390625 0.03359375
4 0.61015625 0.47890625 0.17421875 0.03125
4 0.58046875 0.509375 0.12109375 0.03125
4 0.80390625 0.4296875 0.0671875 0.0453125
4 0.86796875 0.4765625 0.1953125 0.02734375
4 0.82109375 0.50546875 0.109375 0.02265625
2 0.74765625 0.21796875 0.484375 0.2453125
2 0.12890625 0.49296875 0.23828125 0.27109375
2 0.62421875 0.49375 0.2390625 0.26875
2 0.86796875 0.49140625 0.23359375 0.2671875
2 0.4984375 0.77421875 0.98203125 0.24296875