2 0.75234375 0.47734375 0.4953125 0.2453125
2 0.25390625 0.478125 0.4828125 0.2328125
4 0.67578125 0.47734375 0.3015625 0.04921875
4 0.18359375 0.47734375 0.30625 0.05
4 0.18828125 0.21640625 0.32734375 0.04140625
4 0.55546875 0.4171875 0.065625 0.04140625
4 0.05859375 0.41953125 0.05625 0.03359375
4 0.0515625 0.16328125 0.04609375 0.0359375
0 0.5484375 0.5296875 0.06015625 0.06640625
4 0.5015625 0.665625 0.1328125 0.06015625
0 0.06015625 0.27109375 0.06953125 0.06171875
0 0.05703125 0.0390625 0.0765625 0.07109375
0 0.13984375 0.03984375 0.0734375 0.075
0 0.05546875 0.528125 0.06953125 0.0640625
0 0.21796875 0.04375 0.07265625 0.078125
2 0.49921875 0.21953125 0.97890625 0.24765625