2 0.37578125 0.78203125 0.24453125 0.2609375
2 0.38125 0.2328125 0.23359375 0.26484375
2 0.86875 0.221875 0.2328125 0.275
4 0.0859375 0.24921875 0.1140625 0.040625
2 0.8703125 0.78515625 0.24140625 0.28125
2 0.1296875 0.22890625 0.234375 0.2640625
2 0.62421875 0.23046875 0.23125 0.26796875
4 0.196875 0.50625 0.334375 0.04765625
2 0.12578125 0.78515625 0.23125 0.26640625
4 0.546875 0.1625 0.05078125 0.0453125
4 0.06328125 0.4578125 0.0609375 0.03984375
4 0.8015625 0.71484375 0.065625 0.03828125
0 0.54453125 0.30625 0.05546875 0.0640625
4 0.503125 0.98046875 0.12421875 0.03828125
4 0.3046875 0.16484375 0.053125 0.04296875
4 0.55390625 0.71171875 0.06796875 0.04453125
4 0.0609375 0.7140625 0.06953125 0.03828125
0 0.8 0.30703125 0.0625 0.0640625
4 0.30390625 0.7140625 0.0640625 0.0421875
4 0.05703125 0.1640625 0.0578125 0.04140625
4 0.78671875 0.16484375 0.0328125 0.0359375
0 0.0609375 0.5625 0.07109375 0.05859375
0 0.303125 0.85703125 0.065625 0.06015625
0 0.79921875 0.85546875 0.06953125 0.06328125
0 0.0515625 0.85625 0.05703125 0.06171875
0 0.05625 0.30546875 0.06484375 0.06328125
0 0.5515625 0.85546875 0.06796875 0.06484375
0 0.05234375 0.0390625 0.06640625 0.0734375
0 0.30625 0.30546875 0.06640625 0.06484375
0 0.11953125 0.03984375 0.065625 0.075
4 0.12265625 0.21875 0.190625 0.0328125
4 0.3578125 0.22109375 0.15859375 0.03125
4 0.353125 0.2515625 0.15859375 0.0328125
4 0.60859375 0.215625 0.18046875 0.03046875
4 0.5921875 0.25 0.1421875 0.0328125
4 0.8546875 0.21796875 0.16796875 0.03125
4 0.83359375 0.24921875 0.12578125 0.03125
4 0.11796875 0.76953125 0.1859375 0.0296875
4 0.09609375 0.79921875 0.13515625 0.03515625
4 0.3296875 0.7703125 0.11171875 0.03515625
4 0.36328125 0.80234375 0.18359375 0.03125
4 0.61015625 0.77421875 0.1734375 0.03671875
4 0.5828125 0.80625 0.12265625 0.028125
4 0.859375 0.7734375 0.1796875 0.03828125
4 0.834375 0.80703125 0.13046875 0.02890625
2 0.5015625 0.51171875 0.98515625 0.25
2 0.62265625 0.78515625 0.234375 0.265625