2 0.8671875 0.22890625 0.240625 0.27578125
2 0.621875 0.23203125 0.23828125 0.271875
2 0.1328125 0.22734375 0.234375 0.25625
4 0.5484375 0.16484375 0.04921875 0.0359375
0 0.79453125 0.30859375 0.05546875 0.0609375
0 0.55 0.30625 0.06015625 0.06640625
4 0.30390625 0.1625 0.05390625 0.03671875
4 0.0640625 0.1625 0.06328125 0.03984375
4 0.50234375 0.43515625 0.1359375 0.0609375
0 0.05625 0.03828125 0.07578125 0.07421875
0 0.05625 0.30546875 0.065625 0.06015625
0 0.13359375 0.0390625 0.07578125 0.07578125
0 0.30625 0.30546875 0.07109375 0.06484375
4 0.1234375 0.21875 0.18984375 0.02890625
4 0.08828125 0.253125 0.121875 0.03515625
4 0.37421875 0.21640625 0.209375 0.03125
4 0.33203125 0.24765625 0.11953125 0.03125
4 0.61015625 0.21875 0.17265625 0.03359375
4 0.590625 0.25 0.13984375 0.02578125
4 0.8484375 0.21796875 0.1640625 0.034375
4 0.8390625 0.25234375 0.14140625 0.03125
4 0.80078125 0.171875 0.05859375 0.04609375
2 0.3734375 0.23046875 0.2421875 0.271875