2 0.13125 0.49453125 0.2328125 0.271875
2 0.2484375 0.76953125 0.49296875 0.2296875
4 0.1984375 0.42265625 0.07109375 0.04140625
4 0.3296875 0.76328125 0.28984375 0.0546875
4 0.45390625 0.709375 0.040625 0.03671875
2 0.86953125 0.49296875 0.2328125 0.2671875
4 0.45 0.42421875 0.06171875 0.03359375
2 0.75546875 0.78515625 0.4890625 0.246875
4 0.81484375 0.76796875 0.31015625 0.0484375
4 0.94296875 0.7109375 0.053125 0.0359375
4 0.81328125 0.21875 0.3140625 0.04375
0 0.20234375 0.5671875 0.0609375 0.06328125
4 0.94921875 0.425 0.046875 0.034375
4 0.69453125 0.42109375 0.06484375 0.03984375
4 0.940625 0.16171875 0.06171875 0.0390625
4 0.49765625 0.95546875 0.13515625 0.05703125
0 0.940625 0.26953125 0.07109375 0.0625
0 0.940625 0.56640625 0.06953125 0.06171875
0 0.44765625 0.56640625 0.0703125 0.0640625
0 0.69140625 0.56484375 0.06953125 0.0609375
0 0.8828125 0.04140625 0.071875 0.075
0 0.44375 0.81953125 0.07109375 0.06171875
0 0.95078125 0.0390625 0.0609375 0.0734375
0 0.803125 0.040625 0.08046875 0.078125
0 0.94453125 0.82109375 0.06875 0.06015625
4 0.87578125 0.47734375 0.1953125 0.0359375
4 0.9078125 0.51328125 0.12734375 0.02734375
4 0.62734375 0.47890625 0.196875 0.02890625
4 0.66796875 0.509375 0.11328125 0.025
4 0.3828125 0.4796875 0.19375 0.03515625
4 0.42734375 0.5109375 0.11015625 0.028125
4 0.13203125 0.48125 0.1984375 0.03125
4 0.17265625 0.509375 0.1015625 0.03046875
2 0.49765625 0.22421875 0.98359375 0.2421875
2 0.62421875 0.4953125 0.240625 0.27578125
2 0.37578125 0.4921875 0.24140625 0.275