2 0.37109375 0.234375 0.24375 0.27421875
2 0.24921875 0.5125 0.4875 0.24296875
2 0.1296875 0.2375 0.240625 0.284375
4 0.828125 0.76875 0.296875 0.040625
2 0.6265625 0.23515625 0.24296875 0.27578125
2 0.753125 0.5171875 0.4921875 0.253125
4 0.45 0.16484375 0.0578125 0.03671875
4 0.32421875 0.50546875 0.29921875 0.05546875
4 0.44453125 0.4484375 0.06015625 0.03515625
4 0.95390625 0.16484375 0.0359375 0.02734375
0 0.2 0.30625 0.05859375 0.06015625
4 0.8140625 0.5046875 0.3109375 0.05078125
4 0.94140625 0.71171875 0.05703125 0.0296875
0 0.94921875 0.825 0.0609375 0.06640625
4 0.940625 0.44609375 0.06328125 0.04140625
4 0.20234375 0.16328125 0.059375 0.0390625
4 0.70234375 0.165625 0.046875 0.03671875
0 0.79140625 0.04140625 0.059375 0.07734375
0 0.71796875 0.03984375 0.07734375 0.0734375
4 0.4984375 0.95625 0.13671875 0.05078125
0 0.69375 0.3046875 0.07109375 0.06171875
0 0.94140625 0.0375 0.07578125 0.06875
0 0.44140625 0.5578125 0.0765625 0.06171875
0 0.44375 0.3046875 0.07265625 0.0625
0 0.94296875 0.3046875 0.0671875 0.06015625
0 0.86484375 0.03828125 0.071875 0.075
0 0.6328125 0.0390625 0.0828125 0.075
0 0.9421875 0.55859375 0.06953125 0.059375
4 0.91015625 0.215625 0.13125 0.03046875
4 0.8859375 0.25 0.1765625 0.03671875
4 0.64921875 0.21875 0.153125 0.02890625
4 0.65703125 0.2453125 0.13828125 0.03515625
4 0.37734375 0.21953125 0.19921875 0.03203125
4 0.425 0.25078125 0.10703125 0.025
4 0.13515625 0.21640625 0.1890625 0.03125
4 0.18203125 0.24765625 0.09453125 0.0359375
2 0.8734375 0.23203125 0.2359375 0.26484375
2 0.5046875 0.7734375 0.98984375 0.2453125