2 0.6234375 0.23359375 0.2390625 0.26328125
0 0.83984375 0.03984375 0.140625 0.07734375
2 0.37578125 0.2328125 0.23203125 0.26328125
4 0.64765625 0.21484375 0.15859375 0.0375
2 0.12890625 0.22890625 0.228125 0.2765625
4 0.69921875 0.16640625 0.04765625 0.04140625
4 0.81796875 0.76875 0.309375 0.04609375
4 0.4484375 0.7078125 0.06328125 0.04375
4 0.31953125 0.76640625 0.3109375 0.03828125
4 0.45234375 0.1609375 0.05390625 0.03671875
4 0.19609375 0.16796875 0.05859375 0.04453125
2 0.87109375 0.221875 0.24296875 0.24921875
4 0.815625 0.509375 0.31328125 0.04140625
0 0.20234375 0.30703125 0.05703125 0.06484375
4 0.94765625 0.7109375 0.04453125 0.034375
4 0.94140625 0.16015625 0.05078125 0.034375
0 0.44609375 0.3046875 0.07421875 0.0640625
4 0.9375 0.453125 0.0640625 0.03828125
0 0.4421875 0.82109375 0.07265625 0.0578125
0 0.9375 0.3046875 0.0765625 0.06328125
4 0.49765625 0.95546875 0.134375 0.05703125
0 0.9515625 0.82109375 0.05859375 0.0625
0 0.79765625 0.03828125 0.07734375 0.075
0 0.94375 0.0390625 0.07421875 0.06953125
0 0.69296875 0.3046875 0.0671875 0.059375
0 0.94140625 0.56484375 0.06953125 0.059375
0 0.71796875 0.03984375 0.07890625 0.07265625
0 0.8703125 0.0390625 0.0640625 0.075
4 0.88671875 0.22265625 0.1640625 0.0359375
4 0.89609375 0.24921875 0.146875 0.02421875
4 0.646875 0.25390625 0.1515625 0.0359375
4 0.40703125 0.21796875 0.1421875 0.03515625
4 0.39609375 0.25234375 0.16171875 0.034375
4 0.14609375 0.21875 0.1703125 0.02890625
4 0.165625 0.2515625 0.128125 0.03359375
2 0.4984375 0.5109375 0.9796875 0.24453125
2 0.7453125 0.77109375 0.48671875 0.2484375
2 0.25078125 0.77265625 0.4890625 0.26015625