2 0.3765625 0.23359375 0.2390625 0.26328125
0 0.16015625 0.03984375 0.140625 0.07734375
2 0.62421875 0.2328125 0.23203125 0.26328125
4 0.35234375 0.21484375 0.15859375 0.0375
2 0.87109375 0.22890625 0.228125 0.2765625
4 0.30078125 0.16640625 0.04765625 0.04140625
4 0.18203125 0.76875 0.309375 0.04609375
4 0.5515625 0.7078125 0.06328125 0.04375
4 0.68046875 0.76640625 0.3109375 0.03828125
4 0.54765625 0.1609375 0.05390625 0.03671875
4 0.80390625 0.16796875 0.05859375 0.04453125
2 0.12890625 0.221875 0.24296875 0.24921875
4 0.184375 0.509375 0.31328125 0.04140625
0 0.79765625 0.30703125 0.05703125 0.06484375
4 0.05234375 0.7109375 0.04453125 0.034375
4 0.05859375 0.16015625 0.05078125 0.034375
0 0.55390625 0.3046875 0.07421875 0.0640625
4 0.0625 0.453125 0.0640625 0.03828125
0 0.5578125 0.82109375 0.07265625 0.0578125
0 0.0625 0.3046875 0.0765625 0.06328125
4 0.50234375 0.95546875 0.134375 0.05703125
0 0.0484375 0.82109375 0.05859375 0.0625
0 0.20234375 0.03828125 0.07734375 0.075
0 0.05625 0.0390625 0.07421875 0.06953125
0 0.30703125 0.3046875 0.0671875 0.059375
0 0.05859375 0.56484375 0.06953125 0.059375
0 0.28203125 0.03984375 0.07890625 0.07265625
0 0.1296875 0.0390625 0.0640625 0.075
4 0.11328125 0.22265625 0.1640625 0.0359375
4 0.10390625 0.24921875 0.146875 0.02421875
4 0.353125 0.25390625 0.1515625 0.0359375
4 0.59296875 0.21796875 0.1421875 0.03515625
4 0.60390625 0.25234375 0.16171875 0.034375
4 0.85390625 0.21875 0.1703125 0.02890625
4 0.834375 0.2515625 0.128125 0.03359375
2 0.5015625 0.5109375 0.9796875 0.24453125
2 0.2546875 0.77109375 0.48671875 0.2484375
2 0.74921875 0.77265625 0.4890625 0.26015625