4 0.109375 0.2203125 0.1578125 0.03359375
2 0.86953125 0.23203125 0.23046875 0.2703125
0 0.30546875 0.03984375 0.1546875 0.078125
2 0.253125 0.778125 0.4859375 0.24609375
4 0.8015625 0.16015625 0.059375 0.03671875
4 0.55546875 0.7109375 0.06875 0.0375
4 0.18046875 0.76328125 0.3046875 0.0421875
4 0.178125 0.5046875 0.30078125 0.0390625
4 0.68359375 0.76796875 0.3140625 0.04765625
4 0.55234375 0.16328125 0.059375 0.0359375
4 0.05546875 0.4546875 0.05078125 0.0328125
4 0.05546875 0.709375 0.0515625 0.03359375
0 0.05 0.5640625 0.05625 0.059375
0 0.79375 0.30546875 0.05390625 0.05859375
0 0.2 0.0375 0.071875 0.0734375
4 0.50234375 0.95546875 0.134375 0.05859375
4 0.06171875 0.16328125 0.06171875 0.0390625
0 0.27734375 0.040625 0.07265625 0.07265625
0 0.55703125 0.81953125 0.07109375 0.0609375
0 0.55390625 0.30546875 0.0703125 0.0640625
4 0.3015625 0.1640625 0.0578125 0.04140625
0 0.30625 0.30546875 0.06640625 0.05859375
0 0.06171875 0.8203125 0.07265625 0.0625
0 0.121875 0.0390625 0.06796875 0.075
0 0.05703125 0.30546875 0.06953125 0.06171875
0 0.35625 0.040625 0.07890625 0.07265625
0 0.05234375 0.03984375 0.065625 0.0734375
4 0.10390625 0.24921875 0.15078125 0.0265625
4 0.28359375 0.21796875 0.02109375 0.0171875
4 0.38046875 0.25 0.2171875 0.03984375
4 0.62109375 0.22109375 0.203125 0.02734375
4 0.5796875 0.2515625 0.1234375 0.02578125
4 0.85625 0.21953125 0.1703125 0.03125
4 0.83046875 0.2515625 0.12578125 0.0234375
2 0.1296875 0.23359375 0.23984375 0.26953125
2 0.378125 0.2296875 0.23515625 0.26015625
2 0.62421875 0.2296875 0.240625 0.2625
2 0.5 0.51328125 0.98046875 0.23984375
2 0.75234375 0.76875 0.48828125 0.24375