4 0.890625 0.2203125 0.1578125 0.03359375
2 0.13046875 0.23203125 0.23046875 0.2703125
0 0.69453125 0.03984375 0.1546875 0.078125
2 0.746875 0.778125 0.4859375 0.24609375
4 0.1984375 0.16015625 0.059375 0.03671875
4 0.44453125 0.7109375 0.06875 0.0375
4 0.81953125 0.76328125 0.3046875 0.0421875
4 0.821875 0.5046875 0.30078125 0.0390625
4 0.31640625 0.76796875 0.3140625 0.04765625
4 0.44765625 0.16328125 0.059375 0.0359375
4 0.94453125 0.4546875 0.05078125 0.0328125
4 0.94453125 0.709375 0.0515625 0.03359375
0 0.95 0.5640625 0.05625 0.059375
0 0.20625 0.30546875 0.05390625 0.05859375
0 0.8 0.0375 0.071875 0.0734375
4 0.49765625 0.95546875 0.134375 0.05859375
4 0.93828125 0.16328125 0.06171875 0.0390625
0 0.72265625 0.040625 0.07265625 0.07265625
0 0.44296875 0.81953125 0.07109375 0.0609375
0 0.44609375 0.30546875 0.0703125 0.0640625
4 0.6984375 0.1640625 0.0578125 0.04140625
0 0.69375 0.30546875 0.06640625 0.05859375
0 0.93828125 0.8203125 0.07265625 0.0625
0 0.878125 0.0390625 0.06796875 0.075
0 0.94296875 0.30546875 0.06953125 0.06171875
0 0.64375 0.040625 0.07890625 0.07265625
0 0.94765625 0.03984375 0.065625 0.0734375
4 0.89609375 0.24921875 0.15078125 0.0265625
4 0.71640625 0.21796875 0.02109375 0.0171875
4 0.61953125 0.25 0.2171875 0.03984375
4 0.37890625 0.22109375 0.203125 0.02734375
4 0.4203125 0.2515625 0.1234375 0.02578125
4 0.14375 0.21953125 0.1703125 0.03125
4 0.16953125 0.2515625 0.12578125 0.0234375
2 0.8703125 0.23359375 0.23984375 0.26953125
2 0.621875 0.2296875 0.23515625 0.26015625
2 0.37578125 0.2296875 0.240625 0.2625
2 0.5 0.51328125 0.98046875 0.23984375
2 0.24765625 0.76875 0.48828125 0.24375