2 0.74921875 0.221875 0.48359375 0.23984375
2 0.13359375 0.7546875 0.234375 0.28046875
2 0.86953125 0.75703125 0.2375 0.275
2 0.3734375 0.75625 0.23828125 0.26171875
4 0.559375 0.76796875 0.07265625 0.034375
2 0.2546875 0.2171875 0.490625 0.2453125
4 0.3515625 0.7390625 0.15 0.03359375
4 0.7984375 0.684375 0.05703125 0.03984375
4 0.5546875 0.15625 0.05390625 0.03515625
4 0.54921875 0.68125 0.053125 0.03515625
4 0.1890625 0.215625 0.32890625 0.05
4 0.05546875 0.42265625 0.06015625 0.0328125
4 0.15859375 0.475 0.2609375 0.04609375
4 0.30390625 0.68359375 0.06015625 0.03515625
4 0.05546875 0.1578125 0.05859375 0.03671875
0 0.79921875 0.82578125 0.0609375 0.06015625
4 0.0546875 0.68359375 0.05390625 0.0375
0 0.54765625 0.26875 0.05703125 0.0640625
0 0.05078125 0.26796875 0.05703125 0.06171875
0 0.0640625 0.53125 0.07578125 0.065625
4 0.5015625 0.95546875 0.13515625 0.05703125
0 0.05625 0.0390625 0.07734375 0.0734375
0 0.13359375 0.03984375 0.07421875 0.07734375
0 0.55703125 0.82421875 0.07265625 0.06015625
0 0.30859375 0.825 0.0703125 0.06015625
0 0.209375 0.03984375 0.06875 0.075
0 0.0546875 0.825 0.06953125 0.0640625
4 0.6640625 0.2125 0.2859375 0.04453125
4 0.10859375 0.7390625 0.16015625 0.03515625
4 0.09921875 0.76953125 0.1375 0.0328125
4 0.61875 0.7359375 0.1921875 0.04140625
4 0.3453125 0.7734375 0.13671875 0.03125
4 0.84296875 0.73515625 0.14609375 0.03046875
4 0.86328125 0.77109375 0.19140625 0.03359375
2 0.50078125 0.48359375 0.98671875 0.2453125
2 0.62109375 0.753125 0.23515625 0.275