2 0.62578125 0.2328125 0.23515625 0.2671875
2 0.86796875 0.2390625 0.240625 0.2859375
0 0.09296875 0.040625 0.13203125 0.07734375
2 0.25234375 0.7703125 0.4890625 0.23515625
4 0.1765625 0.76796875 0.2953125 0.0484375
4 0.184375 0.51015625 0.3125 0.0359375
4 0.07578125 0.24765625 0.09453125 0.03359375
4 0.55390625 0.71015625 0.06484375 0.03984375
4 0.80078125 0.1625 0.05703125 0.0453125
4 0.66953125 0.7671875 0.28828125 0.04140625
4 0.5546875 0.16015625 0.06484375 0.03671875
4 0.06015625 0.709375 0.065625 0.0390625
4 0.0546875 0.1625 0.0515625 0.03359375
0 0.0515625 0.30703125 0.06015625 0.06171875
0 0.803125 0.3046875 0.0734375 0.0609375
4 0.3015625 0.16328125 0.05234375 0.03828125
0 0.55390625 0.3046875 0.07109375 0.06328125
0 0.55703125 0.81953125 0.07109375 0.0609375
4 0.50234375 0.95546875 0.13515625 0.05859375
0 0.1890625 0.03984375 0.0765625 0.0703125
0 0.11640625 0.04296875 0.05703125 0.07578125
0 0.30234375 0.30703125 0.0609375 0.06328125
0 0.05859375 0.56484375 0.07109375 0.0609375
0 0.0515625 0.03984375 0.06484375 0.0734375
0 0.05546875 0.82109375 0.06953125 0.06171875
4 0.12734375 0.2171875 0.19765625 0.02734375
4 0.375 0.21796875 0.20390625 0.028125
4 0.32265625 0.2515625 0.09453125 0.0359375
4 0.6046875 0.21875 0.1609375 0.0390625
4 0.596875 0.25390625 0.14609375 0.02734375
4 0.8546875 0.21796875 0.171875 0.0375
4 0.8359375 0.25390625 0.13515625 0.034375
4 0.04609375 0.45625 0.03359375 0.05390625
2 0.1296875 0.23359375 0.240625 0.26953125
2 0.37734375 0.2328125 0.2390625 0.2671875
2 0.50078125 0.5140625 0.98203125 0.24375
2 0.74765625 0.771875 0.48203125 0.24765625