0 0.90703125 0.04140625 0.12421875 0.0796875
2 0.62421875 0.2328125 0.23203125 0.265625
4 0.81796875 0.76640625 0.30859375 0.0453125
2 0.7515625 0.503125 0.49609375 0.25703125
2 0.128125 0.23359375 0.2421875 0.2625
4 0.64921875 0.2140625 0.1609375 0.0453125
2 0.37734375 0.23046875 0.228125 0.2625
4 0.31796875 0.50390625 0.3078125 0.034375
4 0.94765625 0.4515625 0.05390625 0.03203125
2 0.86796875 0.22734375 0.23984375 0.26484375
4 0.94140625 0.71015625 0.05546875 0.03125
4 0.81796875 0.503125 0.31328125 0.04765625
4 0.69609375 0.1625 0.05078125 0.0375
4 0.940625 0.16640625 0.05859375 0.0328125
0 0.20078125 0.30703125 0.0625 0.06171875
0 0.45390625 0.30625 0.05703125 0.06484375
4 0.20703125 0.16015625 0.0484375 0.03984375
0 0.7359375 0.040625 0.078125 0.07265625
0 0.8875 0.040625 0.05859375 0.075
0 0.9484375 0.30703125 0.06015625 0.0625
0 0.65234375 0.03984375 0.0765625 0.07734375
0 0.81640625 0.0390625 0.07578125 0.0765625
4 0.4984375 0.95625 0.13671875 0.05078125
0 0.4390625 0.56171875 0.07109375 0.06328125
0 0.94921875 0.55703125 0.06171875 0.0625
0 0.6921875 0.3046875 0.07109375 0.0609375
0 0.94921875 0.0390625 0.0625 0.071875
0 0.94453125 0.825 0.07265625 0.06640625
4 0.90078125 0.2203125 0.146875 0.02578125
4 0.90234375 0.253125 0.1484375 0.02890625
4 0.646875 0.25 0.16875 0.03515625
4 0.45078125 0.16171875 0.0515625 0.0328125
4 0.3953125 0.2203125 0.165625 0.0296875
4 0.4109375 0.25390625 0.12734375 0.0265625
4 0.165625 0.21953125 0.13671875 0.03125
4 0.15078125 0.25234375 0.1671875 0.03828125
4 0.4484375 0.4515625 0.046875 0.06484375
2 0.24921875 0.509375 0.47734375 0.25234375
2 0.5015625 0.7734375 0.98203125 0.24140625