2 0.375 0.75078125 0.2296875 0.26875
4 0.94296875 0.7984375 0.05703125 0.025
2 0.1328125 0.75234375 0.246875 0.2734375
2 0.87890625 0.76875 0.24140625 0.29765625
2 0.74765625 0.22421875 0.4796875 0.24375
4 0.93515625 0.73515625 0.0828125 0.0296875
4 0.66796875 0.76875 0.10859375 0.03515625
4 0.44140625 0.159375 0.065625 0.03671875
4 0.94140625 0.42109375 0.0609375 0.03515625
4 0.69296875 0.68125 0.0609375 0.03671875
4 0.44921875 0.684375 0.05859375 0.04609375
4 0.19921875 0.68046875 0.05625 0.04453125
4 0.81953125 0.21953125 0.30546875 0.04140625
4 0.334375 0.21328125 0.2828125 0.05
4 0.496875 0.98046875 0.125 0.0390625
0 0.4546875 0.828125 0.0546875 0.06015625
4 0.82734375 0.471875 0.290625 0.046875
0 0.2015625 0.82421875 0.05859375 0.06015625
4 0.93984375 0.15859375 0.0640625 0.0359375
0 0.94609375 0.53046875 0.05859375 0.06171875
4 0.94765625 0.68125 0.04765625 0.0359375
0 0.87421875 0.03828125 0.06953125 0.075
0 0.43984375 0.2671875 0.07421875 0.06484375
0 0.69296875 0.8234375 0.06640625 0.05625
0 0.94765625 0.0390625 0.06875 0.07265625
0 0.95 0.85546875 0.059375 0.0671875
0 0.79296875 0.03984375 0.08046875 0.078125
0 0.94296875 0.2671875 0.065625 0.0625
4 0.88203125 0.771875 0.1890625 0.0375
4 0.625 0.73828125 0.203125 0.0328125
4 0.41171875 0.7375 0.1296875 0.03125
4 0.3921875 0.76953125 0.17421875 0.025
4 0.13515625 0.7390625 0.1921875 0.03828125
4 0.165625 0.77265625 0.128125 0.0296875
2 0.2515625 0.21484375 0.48125 0.24375
2 0.5015625 0.478125 0.9859375 0.2421875
2 0.62421875 0.75546875 0.23828125 0.275