2 0.12734375 0.49375 0.24140625 0.25859375
4 0.8140625 0.796875 0.31796875 0.04375
2 0.2484375 0.80234375 0.478125 0.2421875
4 0.89609375 0.4765625 0.146875 0.03515625
4 0.19921875 0.42109375 0.0625 0.03828125
4 0.94375 0.425 0.053125 0.03359375
4 0.44453125 0.74140625 0.06484375 0.03671875
4 0.4515625 0.4234375 0.05390625 0.04140625
4 0.93828125 0.73984375 0.0640625 0.03671875
4 0.3296875 0.79296875 0.2875 0.040625
4 0.82890625 0.21796875 0.2890625 0.04453125
4 0.496875 0.98125 0.1234375 0.0375
0 0.19921875 0.56640625 0.07109375 0.0609375
0 0.45234375 0.8515625 0.05703125 0.06484375
4 0.68359375 0.47421875 0.0890625 0.03125
4 0.7046875 0.42421875 0.04140625 0.03359375
0 0.44375 0.565625 0.0703125 0.059375
0 0.9421875 0.85 0.06484375 0.06171875
0 0.940625 0.03984375 0.078125 0.071875
4 0.93984375 0.16328125 0.0625 0.0421875
0 0.69296875 0.59375 0.06875 0.05625
0 0.93671875 0.27109375 0.075 0.065625
0 0.78046875 0.04140625 0.071875 0.0765625
0 0.8578125 0.04140625 0.07578125 0.07734375
0 0.70390625 0.03984375 0.078125 0.07890625
0 0.94296875 0.5671875 0.06640625 0.06171875
4 0.88828125 0.5109375 0.1640625 0.034375
4 0.63359375 0.51015625 0.18828125 0.0296875
4 0.70390625 0.540625 0.05078125 0.03046875
4 0.38125 0.49609375 0.18984375 0.0609375
4 0.14609375 0.47734375 0.1640625 0.02578125
4 0.1546875 0.5078125 0.14921875 0.03515625
2 0.4984375 0.2203125 0.9796875 0.24375
2 0.871875 0.4890625 0.24296875 0.2734375
2 0.6234375 0.5046875 0.2421875 0.29453125
2 0.37421875 0.49453125 0.23828125 0.26484375
2 0.7484375 0.8 0.478125 0.246875