2 0.86953125 0.2359375 0.2390625 0.2921875
2 0.37734375 0.23515625 0.23046875 0.26015625
4 0.18359375 0.76640625 0.31875 0.05234375
4 0.546875 0.7078125 0.04296875 0.04140625
4 0.66875 0.76640625 0.284375 0.0453125
4 0.05703125 0.71015625 0.0546875 0.03125
4 0.796875 0.16171875 0.053125 0.03515625
2 0.1296875 0.22578125 0.24609375 0.2546875
4 0.1875 0.5078125 0.31640625 0.03828125
4 0.55078125 0.1609375 0.05625 0.03984375
0 0.54921875 0.3046875 0.05546875 0.06484375
0 0.79921875 0.30703125 0.06328125 0.06171875
4 0.0578125 0.16328125 0.059375 0.034375
4 0.30234375 0.16484375 0.0578125 0.03515625
4 0.05703125 0.45625 0.0515625 0.0375
0 0.55703125 0.82109375 0.071875 0.0625
4 0.50234375 0.95546875 0.13515625 0.05859375
0 0.1828125 0.0390625 0.078125 0.07421875
0 0.06171875 0.30546875 0.07578125 0.0640625
0 0.059375 0.56328125 0.0703125 0.06015625
0 0.30546875 0.30390625 0.06484375 0.0625
0 0.05078125 0.03984375 0.06484375 0.071875
0 0.0546875 0.8203125 0.0671875 0.06328125
4 0.10546875 0.2203125 0.15546875 0.02890625
0 0.11328125 0.04140625 0.059375 0.07421875
4 0.09765625 0.25 0.140625 0.0359375
4 0.37578125 0.21796875 0.2015625 0.034375
4 0.3265625 0.24765625 0.11640625 0.0296875
4 0.62109375 0.21953125 0.20234375 0.03203125
4 0.5671875 0.25390625 0.09453125 0.03125
4 0.83359375 0.2203125 0.1265625 0.02578125
4 0.8484375 0.25078125 0.15703125 0.0328125
2 0.62265625 0.23203125 0.2390625 0.26953125
2 0.50234375 0.51328125 0.98203125 0.24765625
2 0.2515625 0.76875 0.48203125 0.24140625
2 0.7484375 0.77265625 0.48125 0.25