4 0.83203125 0.765625 0.1234375 0.03671875
2 0.8703125 0.7546875 0.2375 0.27109375
2 0.24765625 0.2203125 0.4859375 0.24140625
4 0.5484375 0.68359375 0.05078125 0.04453125
2 0.1328125 0.746875 0.24140625 0.25546875
4 0.30703125 0.68359375 0.0671875 0.03515625
4 0.05546875 0.4234375 0.053125 0.0359375
4 0.5546875 0.15703125 0.059375 0.040625
4 0.79375 0.67890625 0.0484375 0.040625
4 0.18359375 0.2140625 0.31640625 0.05546875
0 0.8 0.82578125 0.06796875 0.06015625
4 0.178125 0.47578125 0.29765625 0.04921875
0 0.55546875 0.8234375 0.06875 0.059375
4 0.059375 0.68046875 0.05625 0.03671875
0 0.54921875 0.26875 0.05859375 0.0640625
4 0.05703125 0.16015625 0.05703125 0.03671875
4 0.5015625 0.95546875 0.13515625 0.05703125
0 0.12578125 0.03828125 0.07265625 0.0734375
0 0.06328125 0.53125 0.0734375 0.0625
0 0.05234375 0.03828125 0.065625 0.07265625
0 0.05390625 0.82578125 0.06484375 0.06484375
0 0.05703125 0.2671875 0.06640625 0.0609375
0 0.3078125 0.82421875 0.07265625 0.06015625
4 0.67578125 0.21953125 0.3046875 0.0421875
4 0.1140625 0.7390625 0.17109375 0.03125
4 0.1 0.7671875 0.140625 0.02890625
4 0.37265625 0.7390625 0.19765625 0.034375
4 0.33125 0.775 0.11328125 0.034375
4 0.58984375 0.73671875 0.1328125 0.0296875
4 0.60234375 0.76875 0.16328125 0.034375
4 0.85390625 0.7328125 0.17265625 0.02578125
2 0.75078125 0.2171875 0.4921875 0.2453125
2 0.4984375 0.48046875 0.9828125 0.23515625
2 0.375 0.75390625 0.23984375 0.26640625
2 0.6234375 0.7546875 0.23828125 0.2765625