4 0.16796875 0.765625 0.1234375 0.03671875
2 0.1296875 0.7546875 0.2375 0.27109375
2 0.75234375 0.2203125 0.4859375 0.24140625
4 0.4515625 0.68359375 0.05078125 0.04453125
2 0.8671875 0.746875 0.24140625 0.25546875
4 0.69296875 0.68359375 0.0671875 0.03515625
4 0.94453125 0.4234375 0.053125 0.0359375
4 0.4453125 0.15703125 0.059375 0.040625
4 0.20625 0.67890625 0.0484375 0.040625
4 0.81640625 0.2140625 0.31640625 0.05546875
0 0.2 0.82578125 0.06796875 0.06015625
4 0.821875 0.47578125 0.29765625 0.04921875
0 0.44453125 0.8234375 0.06875 0.059375
4 0.940625 0.68046875 0.05625 0.03671875
0 0.45078125 0.26875 0.05859375 0.0640625
4 0.94296875 0.16015625 0.05703125 0.03671875
4 0.4984375 0.95546875 0.13515625 0.05703125
0 0.87421875 0.03828125 0.07265625 0.0734375
0 0.93671875 0.53125 0.0734375 0.0625
0 0.94765625 0.03828125 0.065625 0.07265625
0 0.94609375 0.82578125 0.06484375 0.06484375
0 0.94296875 0.2671875 0.06640625 0.0609375
0 0.6921875 0.82421875 0.07265625 0.06015625
4 0.32421875 0.21953125 0.3046875 0.0421875
4 0.8859375 0.7390625 0.17109375 0.03125
4 0.9 0.7671875 0.140625 0.02890625
4 0.62734375 0.7390625 0.19765625 0.034375
4 0.66875 0.775 0.11328125 0.034375
4 0.41015625 0.73671875 0.1328125 0.0296875
4 0.39765625 0.76875 0.16328125 0.034375
4 0.14609375 0.7328125 0.17265625 0.02578125
2 0.24921875 0.2171875 0.4921875 0.2453125
2 0.5015625 0.48046875 0.9828125 0.23515625
2 0.625 0.75390625 0.23984375 0.26640625
2 0.3765625 0.7546875 0.23828125 0.2765625