2 0.8703125 0.23046875 0.23046875 0.28515625
2 0.625 0.23125 0.23203125 0.265625
4 0.79921875 0.15859375 0.06328125 0.0375
2 0.37265625 0.23125 0.23125 0.26015625
4 0.675 0.765625 0.303125 0.04375
4 0.55703125 0.709375 0.07109375 0.04453125
4 0.55078125 0.1625 0.0546875 0.0390625
4 0.17265625 0.5 0.2890625 0.04296875
2 0.13046875 0.22265625 0.24140625 0.26796875
4 0.05859375 0.453125 0.053125 0.03515625
4 0.05859375 0.71015625 0.059375 0.0328125
0 0.79765625 0.30546875 0.059375 0.065625
0 0.29921875 0.30703125 0.04921875 0.05859375
4 0.059375 0.16171875 0.059375 0.0359375
0 0.553125 0.3046875 0.07109375 0.0625
4 0.3046875 0.16484375 0.05859375 0.0359375
4 0.50234375 0.9546875 0.13515625 0.059375
0 0.05390625 0.0390625 0.06796875 0.075
0 0.559375 0.81953125 0.07265625 0.0625
0 0.05859375 0.56328125 0.0703125 0.059375
0 0.05703125 0.3046875 0.06484375 0.0640625
0 0.05234375 0.825 0.06328125 0.0640625
0 0.20390625 0.0390625 0.06796875 0.07421875
0 0.1296875 0.0390625 0.07265625 0.0734375
4 0.10234375 0.2203125 0.1453125 0.03984375
4 0.09296875 0.25390625 0.128125 0.02734375
4 0.35078125 0.2171875 0.15078125 0.0328125
4 0.35859375 0.25 0.1671875 0.03125
4 0.59296875 0.21875 0.1421875 0.0359375
4 0.60859375 0.25 0.17734375 0.0359375
4 0.86171875 0.21953125 0.19375 0.040625
4 0.82890625 0.2546875 0.12890625 0.0296875
4 0.175 0.77109375 0.2984375 0.04375
2 0.50078125 0.51640625 0.98359375 0.25859375
2 0.25 0.77109375 0.484375 0.23828125
2 0.75390625 0.77109375 0.4921875 0.2484375