2 0.13046875 0.496875 0.2359375 0.2734375
2 0.2515625 0.76796875 0.49609375 0.2453125
4 0.3140625 0.76484375 0.32578125 0.04765625
2 0.8703125 0.49609375 0.23046875 0.2671875
4 0.45703125 0.425 0.04296875 0.02734375
2 0.75234375 0.775 0.49453125 0.2640625
4 0.44375 0.7109375 0.06484375 0.0390625
4 0.83515625 0.76484375 0.27421875 0.0515625
4 0.94296875 0.71015625 0.05703125 0.03203125
4 0.8140625 0.22265625 0.3140625 0.04375
0 0.1984375 0.565625 0.07265625 0.0625
4 0.93984375 0.16640625 0.0578125 0.03515625
4 0.94453125 0.4234375 0.053125 0.0421875
4 0.20703125 0.42109375 0.05078125 0.04375
4 0.49765625 0.9546875 0.13515625 0.0578125
0 0.43984375 0.81875 0.07578125 0.06484375
0 0.9390625 0.8203125 0.06953125 0.06015625
0 0.6953125 0.5671875 0.065625 0.0625
0 0.94375 0.03984375 0.0734375 0.0703125
0 0.44453125 0.56484375 0.07109375 0.05859375
0 0.9375 0.27109375 0.07421875 0.06640625
0 0.7203125 0.040625 0.07265625 0.0765625
0 0.86875 0.0390625 0.07265625 0.07578125
0 0.94375 0.56640625 0.0640625 0.0609375
0 0.6453125 0.03984375 0.0734375 0.07578125
0 0.796875 0.03984375 0.0671875 0.07578125
4 0.8859375 0.4765625 0.171875 0.0375
4 0.89921875 0.509375 0.14765625 0.03125
4 0.69453125 0.4296875 0.06953125 0.053125
4 0.63515625 0.475 0.18828125 0.0359375
4 0.66171875 0.5078125 0.12734375 0.02734375
4 0.39140625 0.478125 0.17734375 0.03515625
4 0.409375 0.51171875 0.1421875 0.0296875
4 0.15234375 0.4765625 0.1609375 0.03515625
4 0.16328125 0.51171875 0.13984375 0.03984375
2 0.4984375 0.225 0.984375 0.2453125
2 0.625 0.49296875 0.23828125 0.27109375
2 0.37578125 0.49296875 0.246875 0.2671875