2 0.86953125 0.496875 0.2359375 0.2734375
2 0.7484375 0.76796875 0.49609375 0.2453125
4 0.6859375 0.76484375 0.32578125 0.04765625
2 0.1296875 0.49609375 0.23046875 0.2671875
4 0.54296875 0.425 0.04296875 0.02734375
2 0.24765625 0.775 0.49453125 0.2640625
4 0.55625 0.7109375 0.06484375 0.0390625
4 0.16484375 0.76484375 0.27421875 0.0515625
4 0.05703125 0.71015625 0.05703125 0.03203125
4 0.1859375 0.22265625 0.3140625 0.04375
0 0.8015625 0.565625 0.07265625 0.0625
4 0.06015625 0.16640625 0.0578125 0.03515625
4 0.05546875 0.4234375 0.053125 0.0421875
4 0.79296875 0.42109375 0.05078125 0.04375
4 0.50234375 0.9546875 0.13515625 0.0578125
0 0.56015625 0.81875 0.07578125 0.06484375
0 0.0609375 0.8203125 0.06953125 0.06015625
0 0.3046875 0.5671875 0.065625 0.0625
0 0.05625 0.03984375 0.0734375 0.0703125
0 0.55546875 0.56484375 0.07109375 0.05859375
0 0.0625 0.27109375 0.07421875 0.06640625
0 0.2796875 0.040625 0.07265625 0.0765625
0 0.13125 0.0390625 0.07265625 0.07578125
0 0.05625 0.56640625 0.0640625 0.0609375
0 0.3546875 0.03984375 0.0734375 0.07578125
0 0.203125 0.03984375 0.0671875 0.07578125
4 0.1140625 0.4765625 0.171875 0.0375
4 0.10078125 0.509375 0.14765625 0.03125
4 0.30546875 0.4296875 0.06953125 0.053125
4 0.36484375 0.475 0.18828125 0.0359375
4 0.33828125 0.5078125 0.12734375 0.02734375
4 0.60859375 0.478125 0.17734375 0.03515625
4 0.590625 0.51171875 0.1421875 0.0296875
4 0.84765625 0.4765625 0.1609375 0.03515625
4 0.83671875 0.51171875 0.13984375 0.03984375
2 0.5015625 0.225 0.984375 0.2453125
2 0.375 0.49296875 0.23828125 0.27109375
2 0.62421875 0.49296875 0.246875 0.2671875