2 0.6234375 0.48984375 0.24296875 0.265625
2 0.2546875 0.21640625 0.48515625 0.22421875
2 0.8671875 0.4890625 0.2453125 0.27578125
4 0.7984375 0.42109375 0.06015625 0.0375
2 0.13046875 0.48984375 0.2359375 0.275
4 0.1734375 0.765625 0.290625 0.046875
4 0.54140625 0.42421875 0.03984375 0.0328125
4 0.5578125 0.15703125 0.06640625 0.0359375
0 0.3 0.56484375 0.05703125 0.0578125
4 0.18515625 0.215625 0.31953125 0.04296875
4 0.29765625 0.421875 0.05078125 0.03515625
4 0.671875 0.21796875 0.3015625 0.04765625
4 0.05625 0.42421875 0.05859375 0.0375
4 0.04921875 0.1578125 0.04140625 0.03359375
0 0.553125 0.56484375 0.06796875 0.06015625
4 0.0578125 0.71015625 0.05390625 0.03203125
0 0.79453125 0.565625 0.05546875 0.05703125
0 0.0578125 0.03828125 0.0765625 0.0703125
4 0.5015625 0.95625 0.1375 0.05234375
0 0.271875 0.0421875 0.08203125 0.0796875
0 0.55703125 0.26796875 0.07109375 0.06171875
0 0.06015625 0.82265625 0.071875 0.06484375
0 0.19921875 0.0390625 0.06171875 0.07578125
0 0.05625 0.56484375 0.0671875 0.059375
0 0.06171875 0.26640625 0.0734375 0.0640625
0 0.13203125 0.0390625 0.06328125 0.0765625
4 0.11796875 0.47890625 0.17890625 0.02890625
4 0.08828125 0.51015625 0.134375 0.0296875
4 0.35 0.478125 0.15859375 0.0328125
4 0.35078125 0.51328125 0.16875 0.0328125
4 0.61640625 0.47734375 0.18671875 0.03203125
4 0.58671875 0.515625 0.1265625 0.0296875
4 0.8390625 0.478125 0.1546875 0.0375
4 0.8328125 0.5078125 0.140625 0.03515625
2 0.7484375 0.21328125 0.4828125 0.23984375
2 0.3765625 0.49140625 0.2375 0.27421875
2 0.5 0.7734375 0.978125 0.24140625