2 0.13046875 0.75078125 0.23046875 0.28203125
2 0.74453125 0.478125 0.48828125 0.2453125
4 0.4515625 0.4203125 0.04453125 0.03984375
0 0.765625 0.04375 0.10859375 0.08125
2 0.86796875 0.75546875 0.24140625 0.2609375
4 0.2046875 0.68359375 0.05234375 0.03828125
4 0.9515625 0.4203125 0.034375 0.034375
4 0.44609375 0.68359375 0.06328125 0.0375
4 0.8296875 0.21875 0.29453125 0.0390625
4 0.6953125 0.68515625 0.06640625 0.0375
0 0.95078125 0.825 0.0546875 0.06015625
4 0.8234375 0.475 0.3015625 0.04609375
4 0.94296875 0.1625 0.05625 0.0359375
4 0.33515625 0.48046875 0.271875 0.04453125
4 0.94296875 0.68359375 0.05234375 0.0375
0 0.1984375 0.82421875 0.06953125 0.05703125
4 0.4984375 0.95546875 0.13515625 0.05703125
0 0.9375 0.271875 0.07578125 0.0625
0 0.69375 0.825 0.06640625 0.059375
0 0.44296875 0.528125 0.06953125 0.06015625
0 0.9453125 0.03984375 0.0734375 0.071875
0 0.8671875 0.04375 0.07421875 0.0765625
0 0.7296875 0.03984375 0.06484375 0.07734375
0 0.4453125 0.82421875 0.07265625 0.0609375
0 0.9421875 0.52890625 0.07109375 0.06015625
0 0.7953125 0.03984375 0.0625 0.078125
4 0.87890625 0.7359375 0.19296875 0.0390625
4 0.90859375 0.7734375 0.1265625 0.034375
4 0.67890625 0.7359375 0.103125 0.03125
4 0.6359375 0.7671875 0.1859375 0.0359375
4 0.43046875 0.7375 0.0953125 0.028125
4 0.37734375 0.76796875 0.20625 0.025
4 0.14296875 0.74140625 0.1765625 0.02890625
4 0.17578125 0.775 0.11953125 0.03125
2 0.50234375 0.21953125 0.9890625 0.2421875
2 0.24921875 0.4796875 0.48359375 0.246875
2 0.6234375 0.75703125 0.2359375 0.275
2 0.3765625 0.75234375 0.246875 0.2640625