2 0.746875 0.740625 0.4796875 0.23203125
4 0.678125 0.73671875 0.3046875 0.053125
4 0.05234375 0.42109375 0.04609375 0.0359375
4 0.18671875 0.47734375 0.31484375 0.05
4 0.17890625 0.221875 0.30859375 0.04375
4 0.05859375 0.6796875 0.06015625 0.0359375
4 0.175 0.7390625 0.30546875 0.04453125
4 0.05859375 0.1640625 0.06015625 0.03515625
4 0.5015625 0.92734375 0.134375 0.05546875
0 0.05234375 0.5328125 0.05859375 0.06171875
0 0.1359375 0.03984375 0.078125 0.07734375
0 0.5625 0.790625 0.07734375 0.06484375
0 0.06484375 0.27109375 0.07734375 0.06484375
0 0.05546875 0.03984375 0.07578125 0.07109375
0 0.0609375 0.7890625 0.0734375 0.06171875
2 0.5 0.22421875 0.98203125 0.24375
2 0.49921875 0.4875 0.990625 0.24609375
2 0.25 0.7453125 0.49375 0.24609375