2 0.2484375 0.48515625 0.4953125 0.2609375
4 0.81640625 0.77421875 0.10390625 0.02578125
2 0.12890625 0.7578125 0.228125 0.253125
4 0.08359375 0.76796875 0.11171875 0.0359375
4 0.60546875 0.7390625 0.16640625 0.03046875
4 0.18515625 0.21875 0.30625 0.03359375
4 0.55234375 0.4203125 0.0546875 0.04296875
4 0.3515625 0.73984375 0.15078125 0.03671875
4 0.6796875 0.4765625 0.30703125 0.0453125
4 0.55078125 0.684375 0.05078125 0.0421875
4 0.30546875 0.6828125 0.05859375 0.0359375
4 0.05546875 0.41875 0.0546875 0.03515625
0 0.54921875 0.5296875 0.0578125 0.06171875
0 0.79921875 0.82578125 0.05859375 0.059375
4 0.05625 0.1609375 0.0578125 0.0359375
4 0.05234375 0.68359375 0.04765625 0.0390625
4 0.178125 0.475 0.31171875 0.04765625
4 0.5015625 0.9546875 0.134375 0.05859375
0 0.12109375 0.04140625 0.0578125 0.075
0 0.19140625 0.040625 0.071875 0.075
0 0.30625 0.825 0.07109375 0.06484375
0 0.55390625 0.825 0.071875 0.0625
0 0.2640625 0.03984375 0.065625 0.075
0 0.06015625 0.2703125 0.06796875 0.0625
0 0.0578125 0.528125 0.0703125 0.0625
0 0.05390625 0.03828125 0.06875 0.07109375
0 0.05703125 0.825 0.0703125 0.06484375
4 0.1203125 0.7375 0.190625 0.028125
2 0.50078125 0.225 0.97890625 0.24765625
2 0.7453125 0.4796875 0.47734375 0.2453125
4 0.3484375 0.77109375 0.15078125 0.02109375
4 0.58515625 0.76953125 0.12109375 0.03515625
4 0.86328125 0.7390625 0.1953125 0.03125
4 0.7984375 0.68671875 0.0578125 0.0453125
2 0.3734375 0.75234375 0.24453125 0.26875
2 0.62109375 0.7546875 0.23828125 0.26953125
2 0.87109375 0.7546875 0.2421875 0.27421875