2 0.62578125 0.23046875 0.240625 0.26953125
4 0.32109375 0.50546875 0.3140625 0.05
2 0.8703125 0.2296875 0.23046875 0.26875
4 0.446875 0.44609375 0.0625 0.03828125
2 0.7515625 0.5078125 0.4859375 0.25390625
4 0.82890625 0.50390625 0.2921875 0.04375
4 0.9421875 0.45 0.05859375 0.03125
4 0.1953125 0.16484375 0.05859375 0.0390625
4 0.44765625 0.16484375 0.06171875 0.03203125
4 0.94921875 0.1640625 0.04375 0.03203125
0 0.20390625 0.3046875 0.05859375 0.06015625
4 0.70234375 0.165625 0.04609375 0.0390625
4 0.4984375 0.6953125 0.13515625 0.0609375
0 0.69453125 0.30546875 0.06484375 0.06171875
0 0.9421875 0.55703125 0.06953125 0.059375
0 0.88125 0.040625 0.071875 0.0734375
0 0.44609375 0.3046875 0.075 0.065625
0 0.44765625 0.5578125 0.06796875 0.065625
0 0.94140625 0.3046875 0.07109375 0.059375
0 0.7328125 0.040625 0.07421875 0.07109375
0 0.80703125 0.03984375 0.06796875 0.071875
0 0.95078125 0.03828125 0.06171875 0.07265625
4 0.8859375 0.2203125 0.17109375 0.0296875
4 0.91875 0.2515625 0.11171875 0.0328125
4 0.65546875 0.2203125 0.14609375 0.02890625
4 0.65390625 0.2515625 0.146875 0.03359375
4 0.3828125 0.215625 0.19765625 0.0421875
4 0.4171875 0.24921875 0.1265625 0.03125
4 0.128125 0.21875 0.20859375 0.0390625
4 0.17109375 0.253125 0.1234375 0.03671875
2 0.3765625 0.2296875 0.23359375 0.25234375
2 0.12734375 0.2328125 0.2390625 0.2640625
2 0.25234375 0.5046875 0.47578125 0.23984375