4 0.815625 0.7640625 0.3140625 0.05546875
2 0.7515625 0.2140625 0.48671875 0.24921875
4 0.203125 0.4203125 0.05234375 0.03828125
2 0.86953125 0.490625 0.23984375 0.26484375
4 0.44609375 0.1625 0.05546875 0.0421875
4 0.3265625 0.21953125 0.29453125 0.0484375
4 0.45546875 0.42265625 0.0484375 0.03828125
4 0.9453125 0.71171875 0.053125 0.03046875
0 0.70234375 0.565625 0.053125 0.05859375
4 0.6921875 0.42421875 0.06796875 0.03984375
4 0.8171875 0.2171875 0.3140625 0.05390625
4 0.946875 0.4234375 0.0484375 0.0359375
0 0.45078125 0.26875 0.0578125 0.06171875
4 0.94453125 0.15859375 0.04921875 0.03828125
0 0.196875 0.56171875 0.0734375 0.05625
0 0.44375 0.5625 0.075 0.065625
0 0.94921875 0.82421875 0.0625 0.0671875
4 0.4984375 0.95625 0.13671875 0.05234375
0 0.94296875 0.0390625 0.07734375 0.071875
0 0.94375 0.56484375 0.06796875 0.0578125
0 0.87109375 0.03828125 0.05859375 0.075
0 0.79765625 0.03828125 0.0765625 0.075
0 0.94296875 0.26796875 0.06640625 0.06171875
4 0.9046875 0.478125 0.1328125 0.03515625
4 0.87734375 0.51171875 0.18984375 0.0359375
4 0.6328125 0.478125 0.18515625 0.0328125
4 0.66171875 0.5140625 0.13125 0.02578125
4 0.40625 0.47890625 0.15078125 0.02890625
4 0.40625 0.5125 0.15234375 0.0359375
4 0.13359375 0.48125 0.1984375 0.03359375
4 0.1796875 0.51015625 0.10234375 0.02578125
2 0.2515625 0.21796875 0.48515625 0.2453125
2 0.62265625 0.490625 0.24296875 0.2625
2 0.37734375 0.48984375 0.2359375 0.25703125
2 0.13125 0.49140625 0.23828125 0.2640625
2 0.5015625 0.77265625 0.98203125 0.2359375