2 0.13203125 0.48984375 0.234375 0.27578125
2 0.6203125 0.49140625 0.24140625 0.265625
4 0.81484375 0.4765625 0.09609375 0.03359375
4 0.3265625 0.47578125 0.10390625 0.03125
4 0.1796875 0.2203125 0.3109375 0.04296875
4 0.5484375 0.42265625 0.05234375 0.03828125
4 0.3015625 0.42109375 0.05 0.040625
4 0.803125 0.42578125 0.07265625 0.03828125
4 0.05390625 0.1625 0.05546875 0.040625
4 0.053125 0.42421875 0.04765625 0.03515625
0 0.80390625 0.5921875 0.07734375 0.059375
4 0.50078125 0.72734375 0.1328125 0.05390625
0 0.55390625 0.56640625 0.07109375 0.06484375
0 0.06171875 0.2703125 0.06875 0.06171875
0 0.05234375 0.03984375 0.06484375 0.071875
0 0.0546875 0.5671875 0.06328125 0.06484375
0 0.128125 0.03828125 0.0765625 0.0734375
0 0.30546875 0.59453125 0.06953125 0.06328125
4 0.090625 0.47734375 0.1265625 0.0359375
4 0.1234375 0.51328125 0.19140625 0.0328125
4 0.3609375 0.509375 0.18046875 0.0375
4 0.29609375 0.54140625 0.0484375 0.03359375
4 0.59296875 0.4796875 0.1453125 0.04140625
4 0.59921875 0.51171875 0.1578125 0.0296875
4 0.8671875 0.5109375 0.19453125 0.03125
4 0.78515625 0.54296875 0.03828125 0.025
2 0.5 0.22421875 0.9765625 0.23984375
2 0.37578125 0.5046875 0.23984375 0.29296875
2 0.86875 0.50546875 0.23828125 0.28984375