4 0.18515625 0.7359375 0.09453125 0.03203125
2 0.12890625 0.75078125 0.23203125 0.28515625
4 0.3265625 0.21640625 0.2953125 0.04609375
2 0.86953125 0.75 0.23203125 0.25859375
2 0.7515625 0.2203125 0.48671875 0.23515625
4 0.44609375 0.684375 0.0671875 0.03515625
4 0.44609375 0.15859375 0.05625 0.03671875
4 0.19609375 0.684375 0.0640625 0.04296875
4 0.81875 0.21796875 0.309375 0.05078125
4 0.94765625 0.4203125 0.04453125 0.0390625
4 0.69453125 0.6828125 0.05859375 0.03984375
4 0.8265625 0.4734375 0.2875 0.04140625
0 0.2015625 0.825 0.0578125 0.0640625
0 0.94609375 0.53046875 0.059375 0.06015625
4 0.94609375 0.1578125 0.05234375 0.0375
4 0.93984375 0.68671875 0.06171875 0.03984375
4 0.4984375 0.95546875 0.134375 0.05625
0 0.80859375 0.040625 0.075 0.07578125
0 0.73828125 0.03984375 0.06171875 0.075
0 0.87890625 0.040625 0.0546875 0.075
0 0.69296875 0.82421875 0.06953125 0.05625
0 0.94453125 0.825 0.06796875 0.06328125
0 0.946875 0.03828125 0.0703125 0.07109375
0 0.44609375 0.26953125 0.065625 0.0625
0 0.44453125 0.82421875 0.071875 0.06171875
0 0.66796875 0.03984375 0.07578125 0.07421875
0 0.9484375 0.26875 0.059375 0.0625
4 0.9125 0.7375 0.11796875 0.034375
4 0.8734375 0.771875 0.2046875 0.03203125
4 0.64453125 0.7390625 0.17265625 0.03515625
4 0.6640625 0.771875 0.1359375 0.03046875
4 0.38984375 0.73984375 0.18046875 0.0390625
4 0.4125 0.7765625 0.14609375 0.03515625
4 0.13046875 0.77109375 0.203125 0.0359375
2 0.253125 0.21953125 0.47890625 0.24921875
2 0.5 0.48203125 0.98046875 0.23046875
2 0.6234375 0.75234375 0.2390625 0.2640625
2 0.378125 0.7546875 0.23828125 0.27109375