2 0.375 0.2296875 0.23203125 0.265625
2 0.12890625 0.2296875 0.2234375 0.2890625
4 0.2015625 0.1640625 0.0578125 0.034375
2 0.75078125 0.50546875 0.4953125 0.2359375
4 0.8125 0.771875 0.321875 0.03984375
4 0.31640625 0.509375 0.31875 0.0453125
2 0.86796875 0.234375 0.2359375 0.26796875
4 0.446875 0.16171875 0.06640625 0.0390625
4 0.8203125 0.5015625 0.31015625 0.04296875
4 0.94375 0.44765625 0.0515625 0.03203125
4 0.94375 0.7125 0.0515625 0.0296875
4 0.684375 0.2484375 0.084375 0.03359375
0 0.45234375 0.559375 0.04765625 0.05703125
0 0.69921875 0.30625 0.0484375 0.0578125
4 0.69765625 0.16640625 0.05390625 0.040625
0 0.21015625 0.30546875 0.05390625 0.065625
4 0.95 0.165625 0.04375 0.03515625
0 0.95 0.30625 0.0546875 0.06015625
0 0.45546875 0.30703125 0.05625 0.059375
0 0.9421875 0.0390625 0.0734375 0.06875
4 0.4984375 0.95625 0.13671875 0.05078125
0 0.94453125 0.825 0.07109375 0.06484375
0 0.64765625 0.0390625 0.0765625 0.075
0 0.940625 0.55703125 0.06875 0.06015625
0 0.72421875 0.03984375 0.06640625 0.07265625
0 0.86875 0.03984375 0.06015625 0.07578125
4 0.88046875 0.2203125 0.1828125 0.0296875
4 0.91171875 0.2515625 0.1203125 0.03203125
4 0.6234375 0.21796875 0.2046875 0.0375
4 0.37734375 0.2203125 0.20234375 0.0328125
4 0.42265625 0.2515625 0.1109375 0.0234375
4 0.13203125 0.21953125 0.196875 0.03125
4 0.1734375 0.2515625 0.115625 0.02578125
4 0.453125 0.45234375 0.04609375 0.0546875
2 0.62265625 0.2328125 0.2390625 0.2671875
0 0.796875 0.0421875 0.06953125 0.07265625
2 0.2515625 0.50859375 0.4765625 0.24296875
2 0.50234375 0.771875 0.9796875 0.2375