2 0.50078125 0.2203125 0.98359375 0.24765625
2 0.3796875 0.75390625 0.22890625 0.2640625
2 0.87109375 0.75390625 0.23046875 0.28203125
2 0.13125 0.7546875 0.23203125 0.2609375
4 0.55390625 0.41953125 0.0609375 0.0359375
4 0.67109375 0.475 0.3015625 0.04375
4 0.30234375 0.6828125 0.05625 0.03515625
4 0.55078125 0.68125 0.05625 0.03515625
4 0.18046875 0.21796875 0.3046875 0.0375
4 0.796875 0.68671875 0.0546875 0.0453125
4 0.05859375 0.41875 0.06484375 0.034375
4 0.05390625 0.16171875 0.05390625 0.0421875
0 0.55 0.825 0.05546875 0.06171875
0 0.3 0.825 0.06015625 0.06484375
0 0.79921875 0.825 0.0640625 0.06328125
4 0.1875 0.475 0.35390625 0.059375
4 0.06328125 0.68203125 0.065625 0.03984375
0 0.065625 0.27109375 0.0796875 0.06328125
4 0.5015625 0.9546875 0.134375 0.0578125
0 0.0578125 0.03984375 0.07578125 0.0703125
0 0.13984375 0.040625 0.0734375 0.075
0 0.55859375 0.5265625 0.071875 0.0625
0 0.21796875 0.040625 0.0734375 0.0765625
0 0.29765625 0.03984375 0.078125 0.07890625
0 0.059375 0.528125 0.0703125 0.06171875
0 0.05234375 0.82578125 0.065625 0.0640625
2 0.1203125 0.73984375 0.184375 0.0328125
2 0.09140625 0.771875 0.13828125 0.03203125
2 0.36328125 0.7390625 0.178125 0.025
2 0.3359375 0.765625 0.13515625 0.02890625
2 0.61171875 0.73671875 0.184375 0.0328125
2 0.58203125 0.7703125 0.1296875 0.02734375
2 0.83046875 0.7359375 0.125 0.03359375
2 0.8546875 0.77265625 0.17890625 0.03984375
2 0.25 0.4796875 0.47421875 0.23671875
2 0.746875 0.47578125 0.4796875 0.23671875
2 0.62421875 0.753125 0.23828125 0.2671875