2 0.50078125 0.2203125 0.98203125 0.24375
2 0.87421875 0.75234375 0.24453125 0.26484375
4 0.45 0.68203125 0.053125 0.0421875
4 0.44765625 0.4203125 0.0546875 0.04140625
4 0.2109375 0.68515625 0.04140625 0.0359375
4 0.6953125 0.6828125 0.05859375 0.0390625
4 0.94375 0.684375 0.05859375 0.03515625
4 0.940625 0.4203125 0.065625 0.034375
4 0.81328125 0.21875 0.3171875 0.04453125
4 0.33984375 0.47734375 0.27265625 0.04140625
0 0.94609375 0.27109375 0.06015625 0.06171875
4 0.9421875 0.16484375 0.06171875 0.0453125
0 0.453125 0.82578125 0.0578125 0.06484375
0 0.203125 0.825 0.059375 0.06015625
0 0.45 0.52890625 0.05859375 0.0625
0 0.86484375 0.03984375 0.07734375 0.07734375
4 0.4984375 0.95546875 0.134375 0.05703125
4 0.83203125 0.46875 0.30390625 0.0609375
0 0.94375 0.0390625 0.07578125 0.071875
0 0.6953125 0.825 0.06640625 0.06328125
0 0.93984375 0.528125 0.06953125 0.06015625
0 0.94375 0.825 0.0671875 0.06015625
4 0.88828125 0.740625 0.16640625 0.025
4 0.8859375 0.77265625 0.17265625 0.0328125
4 0.634375 0.73984375 0.1875 0.0296875
4 0.66328125 0.77265625 0.125 0.0328125
4 0.3859375 0.7375 0.18515625 0.0359375
4 0.4171875 0.77265625 0.12578125 0.03984375
4 0.14296875 0.73984375 0.1828125 0.03125
4 0.1734375 0.77265625 0.12421875 0.0390625
2 0.74921875 0.4796875 0.48203125 0.24296875
2 0.25 0.4796875 0.48203125 0.246875
2 0.62578125 0.753125 0.23359375 0.26015625
2 0.3765625 0.7515625 0.2328125 0.26328125
2 0.12890625 0.7515625 0.23828125 0.26484375