4 0.54921875 0.15703125 0.0453125 0.03671875
2 0.38046875 0.490625 0.22578125 0.259375
4 0.79609375 0.41953125 0.0515625 0.0453125
2 0.1265625 0.4890625 0.23671875 0.25390625
2 0.62578125 0.49296875 0.2296875 0.2671875
2 0.25234375 0.215625 0.47734375 0.23671875
4 0.17578125 0.76484375 0.29765625 0.04609375
4 0.68671875 0.21875 0.3265625 0.04296875
4 0.55078125 0.42421875 0.05234375 0.03984375
4 0.29765625 0.42109375 0.0484375 0.03515625
4 0.05390625 0.15546875 0.04609375 0.03828125
0 0.30078125 0.56328125 0.0609375 0.0640625
4 0.05859375 0.4234375 0.0609375 0.03515625
4 0.1734375 0.21328125 0.29453125 0.0453125
0 0.55 0.26796875 0.059375 0.06484375
0 0.56015625 0.56015625 0.07578125 0.059375
0 0.80390625 0.5625 0.071875 0.059375
0 0.05234375 0.56484375 0.0609375 0.0609375
0 0.06171875 0.825 0.07109375 0.0640625
4 0.5015625 0.95625 0.13671875 0.05234375
0 0.06171875 0.2671875 0.07265625 0.0609375
0 0.05625 0.03984375 0.0734375 0.0703125
0 0.134375 0.03984375 0.0734375 0.07421875
4 0.1125 0.47734375 0.17734375 0.0359375
4 0.0875 0.5109375 0.13984375 0.028125
4 0.37109375 0.4765625 0.19140625 0.03125
4 0.33203125 0.51015625 0.115625 0.0359375
4 0.6171875 0.48125 0.1953125 0.04140625
4 0.5640625 0.5140625 0.09296875 0.02890625
4 0.86953125 0.478125 0.19921875 0.03046875
4 0.8265625 0.50625 0.1265625 0.03125
4 0.04765625 0.71796875 0.04375 0.0453125
2 0.74921875 0.21796875 0.47890625 0.2453125
2 0.8703125 0.49140625 0.24296875 0.2671875
2 0.49765625 0.7703125 0.97578125 0.234375