4 0.34765625 0.5078125 0.15078125 0.03515625
7 0.30546875 0.5953125 0.0640625 0.06171875
2 0.12890625 0.49140625 0.23046875 0.271875
2 0.74765625 0.80078125 0.484375 0.23125
4 0.171875 0.8 0.28984375 0.04296875
2 0.5015625 0.22265625 0.9828125 0.23515625
2 0.37734375 0.50859375 0.24453125 0.29609375
4 0.6703125 0.8 0.28984375 0.046875
4 0.33125 0.47578125 0.1125 0.0296875
4 0.80078125 0.50546875 0.06640625 0.03203125
4 0.05234375 0.7453125 0.04609375 0.03671875
4 0.05 0.1671875 0.04296875 0.03671875
4 0.55546875 0.74375 0.059375 0.034375
0 0.80078125 0.56640625 0.059375 0.05546875
4 0.79921875 0.42265625 0.0578125 0.04453125
4 0.184375 0.2203125 0.3078125 0.0390625
4 0.30078125 0.425 0.05078125 0.04375
0 0.55 0.85078125 0.0609375 0.065625
4 0.503125 0.98046875 0.12421875 0.03828125
4 0.5453125 0.421875 0.0484375 0.040625
0 0.55390625 0.565625 0.06796875 0.0640625
4 0.059375 0.4234375 0.06171875 0.0359375
0 0.06171875 0.8484375 0.0734375 0.06328125
0 0.0625 0.27109375 0.071875 0.06484375
0 0.05703125 0.0390625 0.07578125 0.0734375
0 0.13515625 0.0390625 0.0734375 0.07578125
0 0.21640625 0.03828125 0.08046875 0.075
0 0.05703125 0.5671875 0.0671875 0.065625
4 0.09375 0.48125 0.13125 0.03125
4 0.1125 0.5109375 0.17578125 0.034375
4 0.30546875 0.54296875 0.06640625 0.02265625
4 0.615625 0.4796875 0.18984375 0.0296875
4 0.58046875 0.5109375 0.125 0.034375
4 0.87421875 0.48125 0.21484375 0.0359375
2 0.621875 0.4953125 0.23203125 0.2640625
2 0.86953125 0.49453125 0.234375 0.2625
2 0.2515625 0.79765625 0.47578125 0.2375