2 0.86875 0.23203125 0.23203125 0.26015625
2 0.128125 0.23359375 0.24140625 0.2734375
2 0.7484375 0.77421875 0.48203125 0.23515625
4 0.89609375 0.21953125 0.1453125 0.03203125
4 0.3234375 0.77109375 0.3046875 0.04296875
4 0.45 0.71171875 0.04765625 0.0375
4 0.20078125 0.1625 0.06328125 0.03515625
4 0.94375 0.453125 0.05078125 0.03046875
4 0.94453125 0.71015625 0.0515625 0.03515625
4 0.81015625 0.50546875 0.34765625 0.05
4 0.6984375 0.16796875 0.046875 0.0390625
0 0.453125 0.30625 0.05703125 0.06484375
0 0.19921875 0.30625 0.06328125 0.065625
4 0.45078125 0.16328125 0.0546875 0.0421875
4 0.49765625 0.95546875 0.13515625 0.05859375
0 0.43671875 0.82109375 0.075 0.0625
4 0.94140625 0.1640625 0.0578125 0.0328125
0 0.66015625 0.03984375 0.07578125 0.06953125
0 0.93984375 0.3046875 0.071875 0.06171875
0 0.94296875 0.56484375 0.06796875 0.059375
0 0.7359375 0.03984375 0.0671875 0.0703125
0 0.9484375 0.03828125 0.065625 0.07265625
0 0.6921875 0.3046875 0.0703125 0.06015625
0 0.86953125 0.0375 0.07109375 0.0734375
0 0.8015625 0.0390625 0.0609375 0.07421875
0 0.94765625 0.82109375 0.065625 0.06328125
4 0.8984375 0.2515625 0.1578125 0.03359375
4 0.62109375 0.21875 0.2078125 0.03359375
4 0.67265625 0.24921875 0.1078125 0.02734375
4 0.37890625 0.21796875 0.2015625 0.0375
4 0.43125 0.2515625 0.09609375 0.01875
4 0.13828125 0.215625 0.18828125 0.03046875
4 0.16953125 0.24921875 0.1234375 0.034375
4 0.80703125 0.76953125 0.33515625 0.0359375
2 0.62421875 0.23046875 0.2421875 0.26484375
2 0.375 0.234375 0.23515625 0.26484375
2 0.5015625 0.51171875 0.978125 0.2359375
2 0.25234375 0.7671875 0.478125 0.2359375