2 0.8703125 0.49375 0.2390625 0.26875
4 0.5625 0.47265625 0.0796875 0.03125
2 0.4984375 0.225 0.97734375 0.23828125
4 0.3015625 0.42734375 0.0484375 0.03984375
4 0.68203125 0.76328125 0.31171875 0.03671875
4 0.55234375 0.70625 0.0625 0.0453125
4 0.184375 0.76328125 0.315625 0.04921875
4 0.059375 0.71015625 0.0625 0.03515625
4 0.55078125 0.428125 0.0609375 0.034375
4 0.79609375 0.42421875 0.05390625 0.0421875
0 0.54609375 0.8203125 0.05390625 0.06171875
0 0.54296875 0.56875 0.0546875 0.06015625
4 0.05703125 0.42421875 0.05859375 0.0390625
4 0.1875 0.22265625 0.32421875 0.03203125
4 0.059375 0.1609375 0.06171875 0.0390625
0 0.80234375 0.565625 0.06953125 0.05859375
4 0.5015625 0.95546875 0.13515625 0.05703125
0 0.0578125 0.27109375 0.06640625 0.0625
0 0.30625 0.565625 0.065625 0.0609375
0 0.05546875 0.82109375 0.0703125 0.06328125
0 0.05703125 0.565625 0.06640625 0.06484375
0 0.0546875 0.0390625 0.07109375 0.07265625
0 0.1328125 0.04140625 0.0796875 0.075
4 0.12890625 0.48046875 0.20390625 0.02734375
4 0.0734375 0.509375 0.09296875 0.025
4 0.36328125 0.47734375 0.16796875 0.02265625
4 0.34453125 0.5109375 0.14609375 0.03515625
4 0.6296875 0.51171875 0.215625 0.03671875
4 0.85078125 0.4796875 0.16953125 0.0328125
4 0.83125 0.51171875 0.13203125 0.0296875
2 0.12890625 0.4921875 0.23828125 0.25859375
2 0.37578125 0.49296875 0.234375 0.2609375
2 0.6234375 0.49296875 0.23671875 0.2609375
2 0.2515625 0.7703125 0.48125 0.24296875
2 0.7484375 0.76875 0.478125 0.23359375