2 0.1296875 0.49375 0.2390625 0.26875
4 0.4375 0.47265625 0.0796875 0.03125
2 0.5015625 0.225 0.97734375 0.23828125
4 0.6984375 0.42734375 0.0484375 0.03984375
4 0.31796875 0.76328125 0.31171875 0.03671875
4 0.44765625 0.70625 0.0625 0.0453125
4 0.815625 0.76328125 0.315625 0.04921875
4 0.940625 0.71015625 0.0625 0.03515625
4 0.44921875 0.428125 0.0609375 0.034375
4 0.20390625 0.42421875 0.05390625 0.0421875
0 0.45390625 0.8203125 0.05390625 0.06171875
0 0.45703125 0.56875 0.0546875 0.06015625
4 0.94296875 0.42421875 0.05859375 0.0390625
4 0.8125 0.22265625 0.32421875 0.03203125
4 0.940625 0.1609375 0.06171875 0.0390625
0 0.19765625 0.565625 0.06953125 0.05859375
4 0.4984375 0.95546875 0.13515625 0.05703125
0 0.9421875 0.27109375 0.06640625 0.0625
0 0.69375 0.565625 0.065625 0.0609375
0 0.94453125 0.82109375 0.0703125 0.06328125
0 0.94296875 0.565625 0.06640625 0.06484375
0 0.9453125 0.0390625 0.07109375 0.07265625
0 0.8671875 0.04140625 0.0796875 0.075
4 0.87109375 0.48046875 0.20390625 0.02734375
4 0.9265625 0.509375 0.09296875 0.025
4 0.63671875 0.47734375 0.16796875 0.02265625
4 0.65546875 0.5109375 0.14609375 0.03515625
4 0.3703125 0.51171875 0.215625 0.03671875
4 0.14921875 0.4796875 0.16953125 0.0328125
4 0.16875 0.51171875 0.13203125 0.0296875
2 0.87109375 0.4921875 0.23828125 0.25859375
2 0.62421875 0.49296875 0.234375 0.2609375
2 0.3765625 0.49296875 0.23671875 0.2609375
2 0.7484375 0.7703125 0.48125 0.24296875
2 0.2515625 0.76875 0.478125 0.23359375