2 0.3796875 0.2421875 0.22578125 0.29296875
2 0.1296875 0.84609375 0.23203125 0.275
4 0.41171875 0.85859375 0.12578125 0.040625
2 0.6234375 0.2296875 0.23046875 0.26640625
2 0.13046875 0.22578125 0.24921875 0.29453125
2 0.37421875 0.55390625 0.22734375 0.27421875
2 0.1328125 0.55234375 0.2453125 0.27265625
2 0.8671875 0.84140625 0.23203125 0.27734375
2 0.37578125 0.846875 0.2375 0.26953125
2 0.8703125 0.225 0.2328125 0.2453125
2 0.86875 0.54609375 0.24453125 0.25546875
4 0.44609375 0.4828125 0.06875 0.03828125
0 0.1984375 0.30703125 0.06796875 0.05703125
4 0.6765625 0.86171875 0.10390625 0.0375
4 0.20390625 0.16484375 0.0546875 0.040625
0 0.19921875 0.621875 0.0703125 0.05625
4 0.68359375 0.5671875 0.0796875 0.03125
4 0.19765625 0.48359375 0.059375 0.03984375
4 0.2109375 0.775 0.0453125 0.0375
4 0.20859375 0.24375 0.046875 0.0265625
0 0.7015625 0.6234375 0.05703125 0.065625
0 0.20390625 0.9171875 0.05703125 0.05859375
4 0.44921875 0.77421875 0.05859375 0.03671875
0 0.4484375 0.62265625 0.06796875 0.0609375
4 0.69140625 0.77421875 0.06640625 0.034375
4 0.6984375 0.1640625 0.0546875 0.03515625
4 0.6953125 0.48515625 0.06171875 0.0375
4 0.9421875 0.7734375 0.05859375 0.03828125
4 0.940625 0.4828125 0.06171875 0.0375
0 0.95078125 0.3046875 0.0546875 0.0625
0 0.946875 0.91640625 0.05625 0.0625
4 0.446875 0.16640625 0.059375 0.0484375
4 0.94453125 0.165625 0.0515625 0.0328125
0 0.93984375 0.6203125 0.07109375 0.06015625
0 0.44296875 0.91328125 0.0734375 0.06015625
0 0.88828125 0.040625 0.05546875 0.07421875
0 0.69375 0.91640625 0.06796875 0.05859375
0 0.44375 0.33125 0.07265625 0.05625
0 0.95 0.03828125 0.06171875 0.07109375
0 0.81953125 0.03984375 0.075 0.071875
0 0.69296875 0.3046875 0.071875 0.0625
4 0.8734375 0.21953125 0.19765625 0.03046875
4 0.9109375 0.2515625 0.12421875 0.0234375
4 0.63203125 0.21875 0.1953125 0.03359375
4 0.6734375 0.25 0.11171875 0.02890625
4 0.459375 0.2203125 0.0359375 0.02421875
4 0.3765625 0.25234375 0.20546875 0.03125
4 0.434375 0.27890625 0.08359375 0.02890625
4 0.1296875 0.21875 0.21015625 0.0328125
4 0.88046875 0.5375 0.18359375 0.0359375
4 0.91328125 0.57265625 0.125 0.03359375
4 0.625 0.534375 0.19765625 0.0328125
4 0.3953125 0.5421875 0.17265625 0.02734375
4 0.4109375 0.57421875 0.13671875 0.0328125
4 0.1703125 0.53828125 0.12578125 0.0375
4 0.146875 0.57265625 0.1875 0.02890625
4 0.8859375 0.82890625 0.17578125 0.03515625
4 0.884375 0.8640625 0.178125 0.03359375
4 0.63359375 0.828125 0.18984375 0.025
4 0.38984375 0.8265625 0.178125 0.03046875
4 0.171875 0.83046875 0.12109375 0.03046875
4 0.14921875 0.865625 0.16796875 0.025
2 0.62265625 0.553125 0.23828125 0.2625
2 0.6234375 0.8453125 0.23828125 0.26796875