2 0.2515625 0.7671875 0.47578125 0.25
2 0.87109375 0.228125 0.2265625 0.2859375
4 0.1859375 0.771875 0.3140625 0.0546875
4 0.5515625 0.16484375 0.053125 0.03671875
2 0.13203125 0.2296875 0.2296875 0.2734375
2 0.62421875 0.2328125 0.23359375 0.2640625
4 0.0484375 0.7109375 0.04140625 0.03828125
4 0.678125 0.76875 0.31484375 0.046875
2 0.37421875 0.23515625 0.234375 0.2640625
0 0.0484375 0.5640625 0.053125 0.0578125
4 0.17109375 0.5109375 0.28046875 0.03828125
4 0.55234375 0.70859375 0.06328125 0.04375
4 0.059375 0.453125 0.05390625 0.0328125
0 0.7984375 0.30546875 0.05859375 0.0609375
4 0.790625 0.16015625 0.04765625 0.040625
0 0.553125 0.3046875 0.06796875 0.06640625
4 0.059375 0.1609375 0.059375 0.03515625
0 0.04921875 0.3078125 0.05703125 0.0625
4 0.309375 0.1609375 0.065625 0.040625
0 0.04921875 0.82109375 0.0625 0.0609375
4 0.50234375 0.95546875 0.13515625 0.05859375
0 0.32734375 0.0390625 0.0703125 0.071875
0 0.30703125 0.3046875 0.0671875 0.0625
0 0.55546875 0.8203125 0.06953125 0.0640625
0 0.05625 0.0390625 0.0734375 0.07109375
0 0.19453125 0.04140625 0.0609375 0.07421875
0 0.25859375 0.040625 0.05703125 0.0734375
0 0.12890625 0.03984375 0.06640625 0.075
4 0.11796875 0.2203125 0.184375 0.03125
4 0.09609375 0.25078125 0.1421875 0.0328125
4 0.36484375 0.22265625 0.1796875 0.03125
4 0.3328125 0.25234375 0.12421875 0.025
4 0.5953125 0.21875 0.1515625 0.0296875
4 0.60078125 0.24921875 0.16875 0.03125
4 0.865625 0.2171875 0.190625 0.0328125
4 0.8140625 0.24609375 0.0984375 0.02578125
2 0.50078125 0.5109375 0.978125 0.24140625
2 0.74921875 0.7703125 0.47578125 0.23984375