2 0.7484375 0.7671875 0.47578125 0.25
2 0.12890625 0.228125 0.2265625 0.2859375
4 0.8140625 0.771875 0.3140625 0.0546875
4 0.4484375 0.16484375 0.053125 0.03671875
2 0.86796875 0.2296875 0.2296875 0.2734375
2 0.37578125 0.2328125 0.23359375 0.2640625
4 0.9515625 0.7109375 0.04140625 0.03828125
4 0.321875 0.76875 0.31484375 0.046875
2 0.62578125 0.23515625 0.234375 0.2640625
0 0.9515625 0.5640625 0.053125 0.0578125
4 0.82890625 0.5109375 0.28046875 0.03828125
4 0.44765625 0.70859375 0.06328125 0.04375
4 0.940625 0.453125 0.05390625 0.0328125
0 0.2015625 0.30546875 0.05859375 0.0609375
4 0.209375 0.16015625 0.04765625 0.040625
0 0.446875 0.3046875 0.06796875 0.06640625
4 0.940625 0.1609375 0.059375 0.03515625
0 0.95078125 0.3078125 0.05703125 0.0625
4 0.690625 0.1609375 0.065625 0.040625
0 0.95078125 0.82109375 0.0625 0.0609375
4 0.49765625 0.95546875 0.13515625 0.05859375
0 0.67265625 0.0390625 0.0703125 0.071875
0 0.69296875 0.3046875 0.0671875 0.0625
0 0.44453125 0.8203125 0.06953125 0.0640625
0 0.94375 0.0390625 0.0734375 0.07109375
0 0.80546875 0.04140625 0.0609375 0.07421875
0 0.74140625 0.040625 0.05703125 0.0734375
0 0.87109375 0.03984375 0.06640625 0.075
4 0.88203125 0.2203125 0.184375 0.03125
4 0.90390625 0.25078125 0.1421875 0.0328125
4 0.63515625 0.22265625 0.1796875 0.03125
4 0.6671875 0.25234375 0.12421875 0.025
4 0.4046875 0.21875 0.1515625 0.0296875
4 0.39921875 0.24921875 0.16875 0.03125
4 0.134375 0.2171875 0.190625 0.0328125
4 0.1859375 0.24609375 0.0984375 0.02578125
2 0.49921875 0.5109375 0.978125 0.24140625
2 0.25078125 0.7703125 0.47578125 0.23984375