2 0.7515625 0.4796875 0.4828125 0.2390625
2 0.8734375 0.753125 0.2421875 0.2609375
4 0.45078125 0.41796875 0.046875 0.0359375
2 0.62421875 0.75 0.23046875 0.27734375
4 0.82421875 0.2203125 0.3078125 0.03671875
4 0.45078125 0.684375 0.05390625 0.0453125
4 0.2 0.68046875 0.059375 0.0390625
4 0.6953125 0.68359375 0.0578125 0.04140625
4 0.94453125 0.16640625 0.05234375 0.0328125
4 0.315625 0.47578125 0.3171875 0.04609375
0 0.946875 0.2703125 0.05625 0.06328125
4 0.9421875 0.42109375 0.0640625 0.0359375
0 0.2015625 0.82578125 0.05546875 0.06171875
4 0.9375 0.6828125 0.06015625 0.0359375
4 0.81171875 0.47265625 0.3296875 0.046875
0 0.4484375 0.82578125 0.06796875 0.06484375
4 0.4984375 0.9546875 0.134375 0.0578125
0 0.4390625 0.52734375 0.07421875 0.06171875
0 0.9484375 0.82578125 0.06171875 0.06484375
0 0.73671875 0.03984375 0.0671875 0.075
0 0.8015625 0.0390625 0.059375 0.07578125
0 0.94296875 0.03828125 0.078125 0.0734375
0 0.6671875 0.03984375 0.06796875 0.075
0 0.6921875 0.82421875 0.07109375 0.0609375
0 0.94140625 0.5265625 0.06796875 0.0609375
0 0.8671875 0.0390625 0.06640625 0.075
4 0.89921875 0.7390625 0.14453125 0.03515625
4 0.884375 0.7734375 0.1796875 0.034375
4 0.63125 0.73984375 0.19609375 0.0328125
4 0.66796875 0.77109375 0.1171875 0.0359375
4 0.40625 0.73671875 0.14765625 0.0296875
4 0.39453125 0.76796875 0.17109375 0.0375
4 0.1375 0.74296875 0.1875 0.0296875
4 0.1578125 0.77265625 0.14609375 0.02890625
2 0.5015625 0.2171875 0.98046875 0.23515625
2 0.25234375 0.478125 0.4796875 0.2421875
2 0.37734375 0.75546875 0.23984375 0.27265625
2 0.12734375 0.75078125 0.24140625 0.265625