2 0.2484375 0.4796875 0.4828125 0.2390625
2 0.1265625 0.753125 0.2421875 0.2609375
4 0.54921875 0.41796875 0.046875 0.0359375
2 0.37578125 0.75 0.23046875 0.27734375
4 0.17578125 0.2203125 0.3078125 0.03671875
4 0.54921875 0.684375 0.05390625 0.0453125
4 0.8 0.68046875 0.059375 0.0390625
4 0.3046875 0.68359375 0.0578125 0.04140625
4 0.05546875 0.16640625 0.05234375 0.0328125
4 0.684375 0.47578125 0.3171875 0.04609375
0 0.053125 0.2703125 0.05625 0.06328125
4 0.0578125 0.42109375 0.0640625 0.0359375
0 0.7984375 0.82578125 0.05546875 0.06171875
4 0.0625 0.6828125 0.06015625 0.0359375
4 0.18828125 0.47265625 0.3296875 0.046875
0 0.5515625 0.82578125 0.06796875 0.06484375
4 0.5015625 0.9546875 0.134375 0.0578125
0 0.5609375 0.52734375 0.07421875 0.06171875
0 0.0515625 0.82578125 0.06171875 0.06484375
0 0.26328125 0.03984375 0.0671875 0.075
0 0.1984375 0.0390625 0.059375 0.07578125
0 0.05703125 0.03828125 0.078125 0.0734375
0 0.3328125 0.03984375 0.06796875 0.075
0 0.3078125 0.82421875 0.07109375 0.0609375
0 0.05859375 0.5265625 0.06796875 0.0609375
0 0.1328125 0.0390625 0.06640625 0.075
4 0.10078125 0.7390625 0.14453125 0.03515625
4 0.115625 0.7734375 0.1796875 0.034375
4 0.36875 0.73984375 0.19609375 0.0328125
4 0.33203125 0.77109375 0.1171875 0.0359375
4 0.59375 0.73671875 0.14765625 0.0296875
4 0.60546875 0.76796875 0.17109375 0.0375
4 0.8625 0.74296875 0.1875 0.0296875
4 0.8421875 0.77265625 0.14609375 0.02890625
2 0.4984375 0.2171875 0.98046875 0.23515625
2 0.74765625 0.478125 0.4796875 0.2421875
2 0.62265625 0.75546875 0.23984375 0.27265625
2 0.87265625 0.75078125 0.24140625 0.265625