2 0.1296875 0.234375 0.23984375 0.278125
2 0.86953125 0.234375 0.23515625 0.26484375
2 0.62265625 0.2328125 0.2296875 0.26796875
2 0.3765625 0.2296875 0.2328125 0.265625
4 0.07578125 0.24921875 0.10390625 0.03984375
4 0.55390625 0.16328125 0.0671875 0.03828125
4 0.7921875 0.16484375 0.04765625 0.03828125
4 0.3078125 0.16484375 0.0578125 0.03515625
0 0.80078125 0.30546875 0.06953125 0.06484375
4 0.0609375 0.1625 0.0546875 0.0375
0 0.271875 0.040625 0.07109375 0.075
4 0.50234375 0.43515625 0.1359375 0.0625
0 0.059375 0.3046875 0.071875 0.06328125
0 0.55390625 0.3046875 0.07109375 0.06640625
0 0.20234375 0.03984375 0.06640625 0.071875
0 0.3515625 0.0390625 0.075 0.075
0 0.30546875 0.30546875 0.065625 0.0640625
0 0.128125 0.0390625 0.0734375 0.07421875
0 0.053125 0.0390625 0.0703125 0.07109375
4 0.12734375 0.21875 0.2015625 0.0328125
4 0.365625 0.21796875 0.184375 0.02734375
4 0.3453125 0.25078125 0.1484375 0.03515625
4 0.6046875 0.2171875 0.17109375 0.02734375
4 0.596875 0.24921875 0.15859375 0.0359375
4 0.834375 0.21875 0.1390625 0.0390625
4 0.8546875 0.25078125 0.18046875 0.0375