2 0.86875 0.225 0.23984375 0.28359375
2 0.13203125 0.225 0.2296875 0.275
2 0.3796875 0.23046875 0.234375 0.2625
2 0.628125 0.2359375 0.23203125 0.26484375
4 0.5515625 0.44765625 0.0625 0.0359375
2 0.24921875 0.51015625 0.49609375 0.234375
4 0.68359375 0.509375 0.321875 0.0375
4 0.1765625 0.7640625 0.32578125 0.0609375
4 0.05546875 0.44921875 0.0515625 0.03515625
4 0.79765625 0.16015625 0.05546875 0.0359375
4 0.1765625 0.50859375 0.29375 0.04609375
4 0.05703125 0.71171875 0.05078125 0.0359375
4 0.54609375 0.16171875 0.0515625 0.04296875
0 0.79140625 0.30703125 0.05078125 0.06484375
4 0.303125 0.16328125 0.05625 0.034375
0 0.30390625 0.3046875 0.0640625 0.0625
4 0.0625 0.1625 0.06015625 0.03515625
0 0.06171875 0.5578125 0.07265625 0.06171875
0 0.5546875 0.30390625 0.071875 0.06171875
4 0.5015625 0.95625 0.13671875 0.05078125
0 0.0578125 0.825 0.071875 0.065625
0 0.0578125 0.0375 0.07578125 0.07109375
0 0.33359375 0.040625 0.05703125 0.0734375
0 0.20078125 0.03984375 0.0640625 0.0734375
0 0.5578125 0.5578125 0.07421875 0.06328125
0 0.2671875 0.03984375 0.06953125 0.0734375
0 0.05703125 0.30546875 0.065625 0.06015625
0 0.13203125 0.03828125 0.06796875 0.07421875
4 0.12109375 0.22421875 0.19140625 0.0359375
4 0.0859375 0.25 0.1265625 0.02890625
4 0.36328125 0.21796875 0.1765625 0.03125
4 0.33359375 0.25 0.12578125 0.034375
4 0.6078125 0.21953125 0.1765625 0.03125
4 0.5828125 0.2546875 0.1203125 0.03515625
4 0.86796875 0.21953125 0.20234375 0.0375
4 0.82109375 0.253125 0.10546875 0.0328125
2 0.74453125 0.50625 0.47890625 0.23828125
2 0.49765625 0.77109375 0.98203125 0.23359375