2 0.378125 0.76171875 0.24140625 0.303125
4 0.68125 0.20703125 0.33515625 0.075
2 0.86875 0.7546875 0.240625 0.27265625
4 0.81796875 0.76875 0.109375 0.03828125
2 0.13359375 0.74921875 0.24453125 0.271875
4 0.07578125 0.765625 0.09765625 0.03515625
4 0.5546875 0.1578125 0.0609375 0.03828125
2 0.2515625 0.22421875 0.48671875 0.2390625
4 0.79921875 0.6796875 0.0578125 0.0421875
4 0.55234375 0.6828125 0.0609375 0.04140625
4 0.17890625 0.47890625 0.303125 0.046875
4 0.33125 0.7328125 0.11171875 0.0296875
4 0.053125 0.421875 0.0515625 0.03359375
4 0.1609375 0.209375 0.2828125 0.06015625
4 0.50234375 0.98046875 0.13046875 0.03828125
4 0.3015625 0.68203125 0.04921875 0.03828125
0 0.7984375 0.825 0.059375 0.06015625
4 0.05234375 0.68359375 0.0515625 0.04375
4 0.05546875 0.15859375 0.053125 0.0375
0 0.0515625 0.825 0.0609375 0.06328125
0 0.55546875 0.82265625 0.07109375 0.0578125
0 0.0546875 0.53125 0.06171875 0.0625
0 0.1265625 0.0390625 0.065625 0.0734375
0 0.30078125 0.85390625 0.0609375 0.06484375
0 0.5515625 0.26953125 0.0625 0.06328125
0 0.0546875 0.0390625 0.07421875 0.071875
0 0.06171875 0.2671875 0.07265625 0.06171875
2 0.7484375 0.21953125 0.48125 0.23203125
2 0.496875 0.478125 0.98203125 0.23515625
4 0.11953125 0.73984375 0.1875 0.0328125
4 0.36484375 0.76875 0.18203125 0.034375
4 0.2890625 0.79921875 0.03046875 0.0203125
4 0.58359375 0.74140625 0.121875 0.03359375
4 0.6171875 0.76953125 0.19296875 0.03671875
4 0.8671875 0.7390625 0.19765625 0.03125
2 0.62421875 0.74921875 0.2390625 0.265625