2 0.87265625 0.75390625 0.225 0.29375
4 0.81171875 0.765625 0.08359375 0.03203125
2 0.13125 0.753125 0.2390625 0.2609375
4 0.0796875 0.76484375 0.10703125 0.03359375
4 0.68359375 0.2140625 0.3125 0.04921875
2 0.25390625 0.22109375 0.4734375 0.23203125
4 0.79296875 0.68203125 0.04921875 0.03671875
4 0.29921875 0.6890625 0.05234375 0.03828125
4 0.54921875 0.16015625 0.05 0.03828125
4 0.18203125 0.21484375 0.3125 0.05234375
0 0.79296875 0.8265625 0.053125 0.06015625
4 0.1765625 0.4765625 0.3078125 0.04140625
4 0.05625 0.1578125 0.0578125 0.03515625
4 0.5515625 0.68203125 0.05703125 0.0421875
4 0.06171875 0.4234375 0.059375 0.0359375
4 0.06015625 0.68125 0.0625 0.040625
4 0.5015625 0.95546875 0.134375 0.05625
0 0.04921875 0.825 0.06015625 0.06796875
0 0.05546875 0.040625 0.07421875 0.06953125
0 0.06328125 0.53046875 0.0703125 0.06171875
0 0.296875 0.04140625 0.0796875 0.078125
0 0.55703125 0.2671875 0.07109375 0.0640625
0 0.1328125 0.03984375 0.0734375 0.075
0 0.21640625 0.03984375 0.07578125 0.07734375
0 0.55703125 0.82421875 0.0765625 0.06015625
0 0.30625 0.825 0.07109375 0.06171875
0 0.06015625 0.2671875 0.071875 0.06171875
4 0.11875 0.7390625 0.1796875 0.03125
4 0.3609375 0.7390625 0.17734375 0.034375
4 0.3359375 0.76875 0.128125 0.03125
4 0.6234375 0.73984375 0.2015625 0.0359375
4 0.5703125 0.77265625 0.103125 0.02578125
4 0.86328125 0.73828125 0.18828125 0.0328125
2 0.75078125 0.2171875 0.48046875 0.24296875
2 0.49921875 0.48359375 0.97890625 0.234375
2 0.378125 0.75234375 0.2375 0.25859375
2 0.621875 0.7515625 0.23359375 0.2703125