2 0.12734375 0.75390625 0.225 0.29375
4 0.18828125 0.765625 0.08359375 0.03203125
2 0.86875 0.753125 0.2390625 0.2609375
4 0.9203125 0.76484375 0.10703125 0.03359375
4 0.31640625 0.2140625 0.3125 0.04921875
2 0.74609375 0.22109375 0.4734375 0.23203125
4 0.20703125 0.68203125 0.04921875 0.03671875
4 0.70078125 0.6890625 0.05234375 0.03828125
4 0.45078125 0.16015625 0.05 0.03828125
4 0.81796875 0.21484375 0.3125 0.05234375
0 0.20703125 0.8265625 0.053125 0.06015625
4 0.8234375 0.4765625 0.3078125 0.04140625
4 0.94375 0.1578125 0.0578125 0.03515625
4 0.4484375 0.68203125 0.05703125 0.0421875
4 0.93828125 0.4234375 0.059375 0.0359375
4 0.93984375 0.68125 0.0625 0.040625
4 0.4984375 0.95546875 0.134375 0.05625
0 0.95078125 0.825 0.06015625 0.06796875
0 0.94453125 0.040625 0.07421875 0.06953125
0 0.93671875 0.53046875 0.0703125 0.06171875
0 0.703125 0.04140625 0.0796875 0.078125
0 0.44296875 0.2671875 0.07109375 0.0640625
0 0.8671875 0.03984375 0.0734375 0.075
0 0.78359375 0.03984375 0.07578125 0.07734375
0 0.44296875 0.82421875 0.0765625 0.06015625
0 0.69375 0.825 0.07109375 0.06171875
0 0.93984375 0.2671875 0.071875 0.06171875
4 0.88125 0.7390625 0.1796875 0.03125
4 0.6390625 0.7390625 0.17734375 0.034375
4 0.6640625 0.76875 0.128125 0.03125
4 0.3765625 0.73984375 0.2015625 0.0359375
4 0.4296875 0.77265625 0.103125 0.02578125
4 0.13671875 0.73828125 0.18828125 0.0328125
2 0.24921875 0.2171875 0.48046875 0.24296875
2 0.50078125 0.48359375 0.97890625 0.234375
2 0.621875 0.75234375 0.2375 0.25859375
2 0.378125 0.7515625 0.23359375 0.2703125