0 0.7734375 0.89453125 0.10859375 0.025
4 0.3625 0.86328125 0.2234375 0.04375
5 0.609375 0.51796875 0.07421875 0.04609375
4 0.21328125 0.5578125 0.13125 0.0234375
4 0.6640625 0.35078125 0.21328125 0.0609375
0 0.53515625 0.89765625 0.065625 0.02265625
0 0.79765625 0.1015625 0.16015625 0.034375
7 0.79609375 0.0578125 0.18828125 0.0171875
4 0.21328125 0.596875 0.1671875 0.04375
5 0.38515625 0.95078125 0.025 0.02109375
4 0.80546875 0.5859375 0.15078125 0.0265625
0 0.26875 0.8078125 0.0515625 0.01875
3 0.1515625 0.0453125 0.0796875 0.04921875
1 0.63515625 0.32265625 0.15078125 0.03671875
5 0.41015625 0.51953125 0.07109375 0.0515625
4 0.80625 0.79921875 0.16015625 0.14296875
0 0.271875 0.9 0.05703125 0.0171875
0 0.60546875 0.6421875 0.153125 0.03046875
0 0.8046875 0.64140625 0.14921875 0.02890625
3 0.2625 0.26640625 0.13828125 0.08046875
2 0.50625 0.29765625 0.77421875 0.32578125
2 0.54375 0.9546875 0.87421875 0.05390625
0 0.2125 0.64375 0.1578125 0.03046875
3 0.153125 0.0453125 0.07109375 0.04609375
3 0.33203125 0.303125 0.3875 0.2828125
4 0.80625 0.5984375 0.153125 0.03828125
4 0.35625 0.771875 0.2578125 0.0515625
4 0.70703125 0.3734375 0.30234375 0.04921875
2 0.2125 0.57578125 0.196875 0.19609375
4 0.6390625 0.32265625 0.14921875 0.03671875
4 0.5984375 0.8453125 0.209375 0.0578125
0 0.41171875 0.64140625 0.153125 0.03203125
4 0.7 0.25625 0.27734375 0.05546875
4 0.609375 0.596875 0.1453125 0.03984375
4 0.80546875 0.56015625 0.14765625 0.028125
4 0.4140625 0.596875 0.14921875 0.0453125
3 0.609375 0.51953125 0.07109375 0.0515625
0 0.71171875 0.42265625 0.28984375 0.04375
3 0.4109375 0.51875 0.07265625 0.053125
4 0.1875 0.70859375 0.13359375 0.0328125
3 0.596875 0.76953125 0.184375 0.08359375
4 0.559375 0.70859375 0.12421875 0.0328125
4 0.415625 0.5578125 0.14921875 0.03046875
3 0.8046875 0.5171875 0.078125 0.053125
4 0.69375 0.20703125 0.25390625 0.0515625
4 0.61015625 0.56015625 0.14765625 0.028125
3 0.1796875 0.8625 0.11015625 0.08203125
4 0.759375 0.70703125 0.08359375 0.028125
3 0.17421875 0.76953125 0.11015625 0.0765625
0 0.19453125 0.103125 0.15078125 0.03984375
0 0.3390625 0.10078125 0.14921875 0.03671875
0 0.4921875 0.1015625 0.16328125 0.03671875
0 0.6453125 0.1046875 0.15078125 0.03671875
3 0.21796875 0.521875 0.08359375 0.04921875