2 0.24921875 0.73828125 0.4984375 0.2484375
4 0.44375 0.68046875 0.06484375 0.03984375
4 0.31796875 0.7390625 0.31796875 0.0484375
4 0.9453125 0.42578125 0.04921875 0.03046875
4 0.94921875 0.6828125 0.04375 0.03515625
4 0.82109375 0.21796875 0.296875 0.04375
4 0.815625 0.73671875 0.32109375 0.0453125
4 0.81171875 0.4796875 0.32578125 0.03203125
4 0.49921875 0.9265625 0.13359375 0.05625
0 0.44375 0.78984375 0.06796875 0.06171875
0 0.93828125 0.53203125 0.06953125 0.0609375
4 0.9375 0.1640625 0.0671875 0.03671875
0 0.86640625 0.03984375 0.0734375 0.0765625
0 0.94453125 0.0390625 0.071875 0.07109375
0 0.94140625 0.78984375 0.0703125 0.0609375
0 0.94140625 0.271875 0.0671875 0.06484375
0 0.7921875 0.0390625 0.065625 0.0765625
0 0.71796875 0.040625 0.07734375 0.075
2 0.4984375 0.22109375 0.98046875 0.2453125
2 0.50078125 0.48046875 0.98203125 0.24296875
2 0.75 0.740625 0.4890625 0.2484375