2 0.5 0.5140625 0.98125 0.25390625
2 0.37578125 0.23203125 0.234375 0.265625
2 0.12890625 0.234375 0.24296875 0.2796875
2 0.8671875 0.23125 0.23515625 0.2625
4 0.32265625 0.76875 0.3046875 0.04375
4 0.81953125 0.77109375 0.309375 0.04296875
4 0.45078125 0.1625 0.05234375 0.03984375
4 0.82265625 0.5109375 0.3015625 0.04140625
0 0.44765625 0.82109375 0.0515625 0.059375
4 0.93671875 0.45390625 0.0734375 0.03671875
4 0.20234375 0.1625 0.0578125 0.0359375
0 0.95 0.82421875 0.04453125 0.0578125
4 0.9453125 0.71328125 0.059375 0.03515625
0 0.446875 0.3046875 0.06875 0.06484375
0 0.19765625 0.30390625 0.071875 0.0609375
4 0.49765625 0.95546875 0.13515625 0.05859375
4 0.69296875 0.16328125 0.05703125 0.040625
4 0.95078125 0.16640625 0.03984375 0.0390625
0 0.940625 0.3046875 0.07109375 0.0625
0 0.94453125 0.03828125 0.07578125 0.07421875
0 0.93984375 0.5640625 0.07421875 0.06171875
0 0.871875 0.03828125 0.06484375 0.075
0 0.69375 0.3046875 0.06640625 0.0625
4 0.90703125 0.21953125 0.12734375 0.03203125
4 0.8859375 0.24921875 0.16953125 0.03828125
4 0.63203125 0.21796875 0.190625 0.03125
4 0.66640625 0.25 0.1265625 0.0296875
4 0.40234375 0.2171875 0.14765625 0.0328125
4 0.39765625 0.2515625 0.16484375 0.0390625
4 0.1625 0.22109375 0.13984375 0.03515625
4 0.14921875 0.2484375 0.16796875 0.025
2 0.62421875 0.23125 0.2359375 0.265625
2 0.74921875 0.77265625 0.484375 0.246875
2 0.25078125 0.775 0.48203125 0.25859375
4 0.4484375 0.715625 0.04921875 0.04609375