0 0.69375 0.04140625 0.1359375 0.08203125
4 0.90078125 0.7375 0.1421875 0.03046875
2 0.13046875 0.75390625 0.246875 0.26171875
4 0.43828125 0.73515625 0.07421875 0.0359375
4 0.440625 0.7984375 0.07734375 0.02734375
4 0.81171875 0.478125 0.32578125 0.0390625
0 0.1984375 0.82421875 0.0734375 0.06171875
4 0.20234375 0.6796875 0.05390625 0.04609375
4 0.4453125 0.4171875 0.05703125 0.03828125
4 0.6921875 0.68515625 0.065625 0.0375
4 0.3125 0.475 0.32734375 0.0453125
4 0.82265625 0.21171875 0.31484375 0.06015625
4 0.93984375 0.68515625 0.0625 0.0359375
4 0.49609375 0.98046875 0.12421875 0.0390625
4 0.45 0.68359375 0.05625 0.03671875
4 0.93828125 0.41953125 0.0609375 0.03515625
0 0.93984375 0.825 0.0734375 0.0609375
4 0.9421875 0.1640625 0.059375 0.03828125
0 0.69296875 0.82421875 0.06640625 0.0609375
0 0.94296875 0.528125 0.0671875 0.0609375
0 0.44765625 0.853125 0.06796875 0.06484375
0 0.94453125 0.03828125 0.07421875 0.07265625
0 0.646875 0.0390625 0.07578125 0.0765625
0 0.79296875 0.03984375 0.0734375 0.07734375
0 0.94140625 0.27109375 0.06796875 0.06171875
0 0.44296875 0.52890625 0.06953125 0.06328125
0 0.86875 0.03984375 0.071875 0.07578125
0 0.72265625 0.0390625 0.0640625 0.0765625
4 0.90078125 0.77109375 0.15390625 0.02578125
4 0.6453125 0.73515625 0.165625 0.0375
4 0.65703125 0.7703125 0.1453125 0.02734375
4 0.39375 0.7671875 0.16953125 0.02265625
4 0.15625 0.73984375 0.15546875 0.03125
4 0.14453125 0.77265625 0.1796875 0.0296875
2 0.49921875 0.2265625 0.9859375 0.24453125
2 0.75 0.4796875 0.48203125 0.2453125
2 0.253125 0.48046875 0.4796875 0.2453125
2 0.87265625 0.75546875 0.2390625 0.2671875
2 0.62421875 0.75 0.23828125 0.26640625
2 0.3796875 0.76953125 0.23984375 0.30234375