0 0.30625 0.04140625 0.1359375 0.08203125
4 0.09921875 0.7375 0.1421875 0.03046875
2 0.86953125 0.75390625 0.246875 0.26171875
4 0.56171875 0.73515625 0.07421875 0.0359375
4 0.559375 0.7984375 0.07734375 0.02734375
4 0.18828125 0.478125 0.32578125 0.0390625
0 0.8015625 0.82421875 0.0734375 0.06171875
4 0.79765625 0.6796875 0.05390625 0.04609375
4 0.5546875 0.4171875 0.05703125 0.03828125
4 0.3078125 0.68515625 0.065625 0.0375
4 0.6875 0.475 0.32734375 0.0453125
4 0.17734375 0.21171875 0.31484375 0.06015625
4 0.06015625 0.68515625 0.0625 0.0359375
4 0.50390625 0.98046875 0.12421875 0.0390625
4 0.55 0.68359375 0.05625 0.03671875
4 0.06171875 0.41953125 0.0609375 0.03515625
0 0.06015625 0.825 0.0734375 0.0609375
4 0.0578125 0.1640625 0.059375 0.03828125
0 0.30703125 0.82421875 0.06640625 0.0609375
0 0.05703125 0.528125 0.0671875 0.0609375
0 0.55234375 0.853125 0.06796875 0.06484375
0 0.05546875 0.03828125 0.07421875 0.07265625
0 0.353125 0.0390625 0.07578125 0.0765625
0 0.20703125 0.03984375 0.0734375 0.07734375
0 0.05859375 0.27109375 0.06796875 0.06171875
0 0.55703125 0.52890625 0.06953125 0.06328125
0 0.13125 0.03984375 0.071875 0.07578125
0 0.27734375 0.0390625 0.0640625 0.0765625
4 0.09921875 0.77109375 0.15390625 0.02578125
4 0.3546875 0.73515625 0.165625 0.0375
4 0.34296875 0.7703125 0.1453125 0.02734375
4 0.60625 0.7671875 0.16953125 0.02265625
4 0.84375 0.73984375 0.15546875 0.03125
4 0.85546875 0.77265625 0.1796875 0.0296875
2 0.50078125 0.2265625 0.9859375 0.24453125
2 0.25 0.4796875 0.48203125 0.2453125
2 0.746875 0.48046875 0.4796875 0.2453125
2 0.12734375 0.75546875 0.2390625 0.2671875
2 0.37578125 0.75 0.23828125 0.26640625
2 0.6203125 0.76953125 0.23984375 0.30234375