2 0.13046875 0.5 0.2453125 0.28515625
0 0.828125 0.04375 0.1359375 0.08515625
4 0.8265625 0.2203125 0.30078125 0.034375
4 0.8921875 0.475 0.1625 0.03125
4 0.446875 0.421875 0.06484375 0.0359375
4 0.20078125 0.42734375 0.05859375 0.04375
4 0.69921875 0.4265625 0.046875 0.03828125
4 0.94609375 0.16171875 0.053125 0.03515625
4 0.9421875 0.42734375 0.059375 0.03671875
0 0.19921875 0.5671875 0.06953125 0.06484375
0 0.44921875 0.56796875 0.0671875 0.06640625
0 0.946875 0.27109375 0.0609375 0.06328125
4 0.4984375 0.6984375 0.13828125 0.05703125
0 0.9421875 0.565625 0.06953125 0.06328125
0 0.72734375 0.03984375 0.071875 0.078125
0 0.803125 0.03984375 0.0671875 0.07578125
0 0.69609375 0.5671875 0.06484375 0.0640625
0 0.6546875 0.04140625 0.06484375 0.07578125
0 0.8734375 0.0390625 0.065625 0.075
0 0.9453125 0.0390625 0.07109375 0.07109375
4 0.89296875 0.5125 0.1609375 0.0359375
4 0.6328125 0.4796875 0.18359375 0.03671875
4 0.65703125 0.50859375 0.13359375 0.02578125
4 0.39296875 0.4796875 0.1734375 0.03515625
4 0.415625 0.50859375 0.13359375 0.03359375
4 0.16171875 0.4796875 0.1453125 0.02734375
4 0.140625 0.5109375 0.18359375 0.034375
2 0.50234375 0.221875 0.9890625 0.23984375
2 0.8703125 0.4921875 0.240625 0.26875
2 0.6234375 0.4921875 0.23984375 0.26953125
2 0.3765625 0.4953125 0.24140625 0.27109375