2 0.61953125 0.753125 0.22890625 0.2640625
2 0.37890625 0.74375 0.2453125 0.26484375
2 0.86796875 0.7515625 0.24765625 0.275
4 0.44921875 0.42109375 0.04765625 0.03984375
4 0.7015625 0.68203125 0.05078125 0.03515625
4 0.20078125 0.68046875 0.0578125 0.040625
4 0.4453125 0.684375 0.06953125 0.0421875
4 0.82421875 0.21484375 0.29921875 0.04609375
4 0.940625 0.42109375 0.06484375 0.03515625
0 0.2 0.82421875 0.05859375 0.06171875
4 0.9453125 0.16328125 0.05234375 0.03515625
4 0.94453125 0.6828125 0.05390625 0.04140625
4 0.3203125 0.4703125 0.30546875 0.04453125
4 0.83359375 0.48203125 0.27578125 0.05234375
4 0.4984375 0.9546875 0.134375 0.059375
0 0.6984375 0.8265625 0.0609375 0.0640625
0 0.4453125 0.8234375 0.07265625 0.065625
0 0.93984375 0.27109375 0.0703125 0.0625
0 0.44453125 0.528125 0.06796875 0.0609375
0 0.94140625 0.825 0.06953125 0.06484375
0 0.94375 0.0390625 0.07421875 0.07109375
0 0.9421875 0.528125 0.06953125 0.06171875
0 0.87109375 0.03984375 0.06484375 0.07421875
4 0.88125 0.7390625 0.178125 0.03125
4 0.91015625 0.76875 0.12734375 0.04140625
4 0.65546875 0.7390625 0.1390625 0.034375
4 0.63984375 0.77421875 0.17265625 0.03671875
4 0.4140625 0.7328125 0.1359375 0.03671875
4 0.40703125 0.76796875 0.15078125 0.0453125
4 0.13828125 0.73984375 0.1984375 0.03984375
4 0.17734375 0.7734375 0.12265625 0.028125
2 0.5 0.221875 0.9859375 0.2453125
2 0.74921875 0.4765625 0.48203125 0.24140625
2 0.25234375 0.4796875 0.484375 0.246875
2 0.13046875 0.75390625 0.24140625 0.27578125