2 0.38046875 0.753125 0.22890625 0.2640625
2 0.62109375 0.74375 0.2453125 0.26484375
2 0.13203125 0.7515625 0.24765625 0.275
4 0.55078125 0.42109375 0.04765625 0.03984375
4 0.2984375 0.68203125 0.05078125 0.03515625
4 0.79921875 0.68046875 0.0578125 0.040625
4 0.5546875 0.684375 0.06953125 0.0421875
4 0.17578125 0.21484375 0.29921875 0.04609375
4 0.059375 0.42109375 0.06484375 0.03515625
0 0.8 0.82421875 0.05859375 0.06171875
4 0.0546875 0.16328125 0.05234375 0.03515625
4 0.05546875 0.6828125 0.05390625 0.04140625
4 0.6796875 0.4703125 0.30546875 0.04453125
4 0.16640625 0.48203125 0.27578125 0.05234375
4 0.5015625 0.9546875 0.134375 0.059375
0 0.3015625 0.8265625 0.0609375 0.0640625
0 0.5546875 0.8234375 0.07265625 0.065625
0 0.06015625 0.27109375 0.0703125 0.0625
0 0.55546875 0.528125 0.06796875 0.0609375
0 0.05859375 0.825 0.06953125 0.06484375
0 0.05625 0.0390625 0.07421875 0.07109375
0 0.0578125 0.528125 0.06953125 0.06171875
0 0.12890625 0.03984375 0.06484375 0.07421875
4 0.11875 0.7390625 0.178125 0.03125
4 0.08984375 0.76875 0.12734375 0.04140625
4 0.34453125 0.7390625 0.1390625 0.034375
4 0.36015625 0.77421875 0.17265625 0.03671875
4 0.5859375 0.7328125 0.1359375 0.03671875
4 0.59296875 0.76796875 0.15078125 0.0453125
4 0.86171875 0.73984375 0.1984375 0.03984375
4 0.82265625 0.7734375 0.12265625 0.028125
2 0.5 0.221875 0.9859375 0.2453125
2 0.25078125 0.4765625 0.48203125 0.24140625
2 0.74765625 0.4796875 0.484375 0.246875
2 0.86953125 0.75390625 0.24140625 0.27578125