2 0.746875 0.2203125 0.48359375 0.22578125
4 0.44453125 0.1546875 0.0578125 0.03984375
4 0.8125 0.21875 0.3171875 0.04375
4 0.8109375 0.7390625 0.31796875 0.04453125
4 0.9453125 0.68046875 0.05546875 0.0359375
0 0.45234375 0.26875 0.05234375 0.06015625
4 0.94609375 0.4265625 0.046875 0.0359375
4 0.82578125 0.4734375 0.2921875 0.0421875
4 0.94609375 0.16015625 0.04921875 0.03828125
4 0.49921875 0.92578125 0.13671875 0.05078125
0 0.946875 0.53203125 0.05859375 0.06171875
0 0.7015625 0.03984375 0.0734375 0.07890625
0 0.94296875 0.03984375 0.07734375 0.07109375
0 0.86015625 0.040625 0.071875 0.07421875
0 0.9390625 0.790625 0.06796875 0.05859375
0 0.78046875 0.040625 0.078125 0.07734375
0 0.9390625 0.2671875 0.0734375 0.06171875
4 0.33203125 0.2125 0.2890625 0.0484375
2 0.253125 0.2171875 0.4859375 0.246875
2 0.49921875 0.4859375 0.97734375 0.25
2 0.5 0.74375 0.978125 0.23828125