4 0.9109375 0.21484375 0.12109375 0.03515625
2 0.3765625 0.228125 0.2296875 0.26875
4 0.44765625 0.16484375 0.05546875 0.0328125
4 0.209375 0.16484375 0.04296875 0.03359375
4 0.69609375 0.1640625 0.0515625 0.04140625
0 0.7125 0.03984375 0.071875 0.075
4 0.49765625 0.46875 0.134375 0.06015625
4 0.9390625 0.1625 0.0609375 0.03828125
0 0.68828125 0.30546875 0.07734375 0.065625
0 0.44609375 0.3046875 0.065625 0.06484375
0 0.94140625 0.3046875 0.07265625 0.0640625
0 0.86796875 0.0390625 0.075 0.075
0 0.7921875 0.03984375 0.0734375 0.075
0 0.9453125 0.03828125 0.0734375 0.07265625
0 0.6296875 0.0421875 0.08046875 0.0765625
4 0.89453125 0.25 0.1578125 0.034375
4 0.65703125 0.21875 0.13515625 0.0328125
4 0.63671875 0.25390625 0.178125 0.02734375
4 0.38125 0.2171875 0.1953125 0.03984375
4 0.4078125 0.25 0.1484375 0.02890625
4 0.2234375 0.21484375 0.02265625 0.021875
4 0.12578125 0.24609375 0.2171875 0.0328125
4 0.20625 0.2765625 0.05703125 0.03125
2 0.87265625 0.23046875 0.23828125 0.271875
2 0.62578125 0.2328125 0.2421875 0.26796875
2 0.13046875 0.24765625 0.23828125 0.30546875