4 0.44921875 0.16015625 0.046875 0.040625
4 0.675 0.7671875 0.1015625 0.034375
2 0.1328125 0.75234375 0.2390625 0.27578125
2 0.7453125 0.21640625 0.49609375 0.2453125
2 0.87109375 0.75859375 0.23203125 0.2640625
4 0.325 0.21640625 0.30078125 0.04375
4 0.44375 0.68046875 0.0703125 0.04140625
4 0.91640625 0.765625 0.11015625 0.0390625
4 0.82578125 0.215625 0.29140625 0.04921875
4 0.20546875 0.68203125 0.05390625 0.040625
4 0.94140625 0.425 0.059375 0.034375
4 0.82421875 0.4765625 0.303125 0.0453125
4 0.94765625 0.6828125 0.05234375 0.040625
4 0.9484375 0.1609375 0.0453125 0.03359375
4 0.696875 0.6859375 0.05859375 0.03984375
0 0.2015625 0.82578125 0.0609375 0.065625
0 0.69921875 0.82421875 0.0609375 0.065625
0 0.93984375 0.5296875 0.06796875 0.059375
4 0.4984375 0.95546875 0.134375 0.05703125
0 0.44765625 0.82421875 0.071875 0.0671875
0 0.80546875 0.04140625 0.0765625 0.0765625
0 0.94453125 0.0390625 0.0734375 0.06953125
0 0.4421875 0.2671875 0.071875 0.0640625
0 0.87421875 0.03984375 0.06015625 0.07578125
0 0.95 0.26953125 0.05703125 0.0625
0 0.94140625 0.825 0.07265625 0.06484375
0 0.73203125 0.040625 0.065625 0.075
4 0.8828125 0.7359375 0.18125 0.0359375
4 0.61953125 0.73828125 0.2203125 0.03515625
4 0.38359375 0.7390625 0.19296875 0.034375
4 0.4265625 0.771875 0.11015625 0.03515625
4 0.14609375 0.7421875 0.16796875 0.028125
4 0.16875 0.771875 0.1265625 0.03515625
2 0.2515625 0.2125 0.48203125 0.2453125
2 0.50234375 0.48125 0.9859375 0.23828125
2 0.6234375 0.7546875 0.2375 0.2796875
2 0.37734375 0.75 0.2359375 0.27734375