4 0.20703125 0.684375 0.046875 0.0375
2 0.13671875 0.74609375 0.24609375 0.2796875
2 0.871875 0.7546875 0.25234375 0.284375
4 0.9125 0.76484375 0.11875 0.0390625
2 0.74765625 0.2171875 0.496875 0.25234375
4 0.44609375 0.1578125 0.06171875 0.0453125
4 0.94765625 0.42109375 0.04375 0.03515625
4 0.6984375 0.68515625 0.05703125 0.0390625
4 0.81953125 0.21875 0.3109375 0.0421875
0 0.20703125 0.828125 0.053125 0.05859375
4 0.828125 0.47421875 0.2921875 0.040625
0 0.4515625 0.26875 0.0578125 0.0640625
0 0.45078125 0.825 0.05546875 0.06484375
4 0.9484375 0.6828125 0.04609375 0.03515625
4 0.94296875 0.15859375 0.05546875 0.0359375
0 0.87578125 0.03984375 0.06484375 0.07421875
4 0.4984375 0.95546875 0.13515625 0.05546875
0 0.9375 0.53125 0.0703125 0.06328125
0 0.94609375 0.03828125 0.06796875 0.0734375
0 0.69609375 0.82578125 0.06796875 0.065625
0 0.93828125 0.2671875 0.071875 0.0625
0 0.94453125 0.82421875 0.0671875 0.06328125
4 0.31953125 0.21484375 0.3125 0.0359375
4 0.8734375 0.73671875 0.203125 0.0375
4 0.6265625 0.73671875 0.2015625 0.0328125
4 0.6734375 0.76484375 0.10703125 0.02734375
4 0.38515625 0.73828125 0.1921875 0.0359375
4 0.41640625 0.7703125 0.13515625 0.0375
4 0.45703125 0.69140625 0.04453125 0.04296875
4 0.1609375 0.7390625 0.146875 0.03125
4 0.16640625 0.7703125 0.13671875 0.03828125
2 0.25078125 0.2140625 0.4828125 0.2515625
2 0.5 0.4828125 0.9828125 0.25625
2 0.62421875 0.75625 0.23984375 0.2734375
2 0.37734375 0.75625 0.2390625 0.27265625