4 0.56171875 0.7375 0.08046875 0.03125
4 0.68203125 0.21875 0.315625 0.04921875
2 0.13046875 0.75546875 0.23828125 0.2609375
2 0.86953125 0.75625 0.240625 0.275
4 0.0875 0.76328125 0.1171875 0.034375
2 0.25703125 0.22109375 0.47890625 0.234375
4 0.55 0.16015625 0.0484375 0.0375
4 0.18359375 0.21640625 0.3046875 0.04375
4 0.30625 0.6828125 0.065625 0.03515625
4 0.79453125 0.68359375 0.05234375 0.0375
4 0.16796875 0.47734375 0.27890625 0.04453125
0 0.0515625 0.53125 0.05625 0.059375
4 0.50390625 0.98046875 0.12421875 0.0390625
4 0.059375 0.425 0.06015625 0.0359375
4 0.5515625 0.68125 0.053125 0.04140625
4 0.0546875 0.159375 0.046875 0.0359375
0 0.80390625 0.8234375 0.0734375 0.05703125
0 0.55234375 0.853125 0.06796875 0.06015625
4 0.06171875 0.68359375 0.06328125 0.03828125
4 0.55859375 0.79921875 0.0703125 0.0265625
0 0.121875 0.03984375 0.06875 0.07734375
0 0.059375 0.82265625 0.07109375 0.06328125
0 0.27421875 0.0390625 0.06953125 0.07578125
0 0.55546875 0.26796875 0.06953125 0.0640625
0 0.20078125 0.0390625 0.0703125 0.0765625
0 0.30625 0.82421875 0.06875 0.06015625
0 0.05234375 0.03984375 0.0671875 0.071875
0 0.06171875 0.2671875 0.07109375 0.0625
4 0.125 0.7375 0.19453125 0.028125
4 0.35703125 0.7390625 0.16171875 0.0375
4 0.34375 0.7703125 0.13984375 0.0296875
4 0.60859375 0.76796875 0.171875 0.0375
4 0.834375 0.740625 0.12890625 0.03125
4 0.86328125 0.77421875 0.184375 0.0328125
2 0.7484375 0.2171875 0.48203125 0.23984375
2 0.4984375 0.48203125 0.98671875 0.23984375
2 0.375 0.7546875 0.2359375 0.27265625
2 0.62109375 0.7671875 0.2421875 0.29453125