2 0.3796875 0.23046875 0.23203125 0.26484375
2 0.8703125 0.2296875 0.2453125 0.2859375
4 0.6765625 0.50625 0.303125 0.0515625
4 0.1828125 0.76484375 0.31171875 0.0453125
4 0.79921875 0.159375 0.05703125 0.034375
2 0.246875 0.51328125 0.49296875 0.2453125
4 0.05546875 0.45390625 0.05234375 0.040625
4 0.17421875 0.50703125 0.29140625 0.04921875
4 0.0828125 0.21484375 0.1046875 0.03125
4 0.553125 0.16328125 0.05703125 0.04296875
0 0.80078125 0.3046875 0.06796875 0.0625
4 0.30546875 0.1671875 0.0578125 0.040625
0 0.553125 0.3046875 0.06953125 0.0625
0 0.059375 0.0375 0.078125 0.07421875
4 0.0609375 0.16484375 0.06328125 0.040625
0 0.059375 0.30390625 0.0703125 0.06171875
0 0.30703125 0.3046875 0.06640625 0.059375
0 0.14453125 0.04140625 0.08203125 0.0765625
4 0.5015625 0.95625 0.13671875 0.05078125
0 0.5546875 0.55703125 0.0703125 0.065625
0 0.0578125 0.825 0.0703125 0.06328125
0 0.05390625 0.55859375 0.06484375 0.0640625
4 0.1234375 0.25078125 0.19296875 0.0328125
4 0.353125 0.21875 0.15546875 0.0328125
4 0.346875 0.2484375 0.134375 0.03515625
4 0.61171875 0.21484375 0.18984375 0.03515625
4 0.58203125 0.246875 0.128125 0.03125
4 0.8453125 0.21796875 0.15234375 0.03828125
4 0.84609375 0.2515625 0.15390625 0.03359375
4 0.13046875 0.23046875 0.24453125 0.275
2 0.62265625 0.23203125 0.23671875 0.275
2 0.7484375 0.50703125 0.4875 0.2453125
2 0.496875 0.7734375 0.9890625 0.2453125