2 0.3734375 0.7578125 0.24765625 0.29296875
2 0.1328125 0.75390625 0.23671875 0.2875
2 0.8703125 0.7546875 0.2296875 0.2765625
2 0.621875 0.7453125 0.24375 0.25234375
4 0.64296875 0.73828125 0.15625 0.03203125
4 0.32578125 0.215625 0.29765625 0.0453125
4 0.44921875 0.15859375 0.04609375 0.0328125
2 0.74765625 0.21875 0.4890625 0.2328125
4 0.81796875 0.21484375 0.3140625 0.04609375
4 0.2015625 0.68203125 0.06015625 0.0421875
4 0.7015625 0.6875 0.0484375 0.03671875
4 0.45078125 0.6875 0.06015625 0.04140625
0 0.4546875 0.825 0.0515625 0.059375
4 0.94375 0.4234375 0.059375 0.03671875
0 0.9375 0.825 0.07890625 0.06171875
4 0.9421875 0.68515625 0.06171875 0.0375
4 0.9453125 0.1640625 0.04609375 0.0359375
4 0.815625 0.47578125 0.30859375 0.03984375
0 0.2046875 0.82578125 0.05859375 0.05625
0 0.93671875 0.53125 0.07265625 0.0625
4 0.4984375 0.95546875 0.13515625 0.05703125
0 0.69921875 0.82578125 0.0625 0.065625
0 0.7359375 0.03984375 0.07265625 0.07578125
0 0.4421875 0.2671875 0.06875 0.059375
0 0.94453125 0.0390625 0.07421875 0.0734375
0 0.65859375 0.03984375 0.0734375 0.075
0 0.94609375 0.26875 0.06171875 0.06171875
0 0.87265625 0.0390625 0.06171875 0.075
0 0.809375 0.040625 0.0625 0.07265625
4 0.91796875 0.73515625 0.11953125 0.03515625
4 0.8734375 0.77109375 0.2046875 0.0390625
4 0.41796875 0.7375 0.121875 0.028125
4 0.396875 0.76875 0.1671875 0.034375
4 0.153125 0.74140625 0.1578125 0.03359375
4 0.16328125 0.7734375 0.1390625 0.028125
4 0.6609375 0.775 0.12890625 0.0359375
2 0.25234375 0.21796875 0.48125 0.2453125
2 0.50078125 0.478125 0.97890625 0.2453125