2 0.38125 0.4921875 0.2421875 0.2828125
2 0.24765625 0.79921875 0.4953125 0.23828125
4 0.68671875 0.47578125 0.08125 0.02890625
4 0.20390625 0.4265625 0.0546875 0.0390625
2 0.8671875 0.490625 0.23203125 0.26875
4 0.3203125 0.8015625 0.30859375 0.03359375
4 0.4515625 0.425 0.05078125 0.03671875
2 0.753125 0.803125 0.4921875 0.2421875
4 0.70234375 0.54453125 0.0421875 0.02265625
4 0.2015625 0.50546875 0.0609375 0.0296875
4 0.9484375 0.74140625 0.04375 0.03359375
4 0.8125 0.8 0.31328125 0.0453125
0 0.45078125 0.85 0.0578125 0.06171875
0 0.2 0.56796875 0.06015625 0.06015625
4 0.4421875 0.73984375 0.06640625 0.04296875
4 0.8265625 0.2203125 0.29296875 0.0390625
4 0.94453125 0.16171875 0.05390625 0.03671875
4 0.496875 0.98125 0.12421875 0.0375
4 0.9453125 0.4234375 0.05234375 0.0375
4 0.6890625 0.42578125 0.0640625 0.04296875
0 0.64140625 0.04296875 0.08359375 0.07734375
0 0.725 0.03984375 0.071875 0.07734375
0 0.94453125 0.03984375 0.07265625 0.071875
0 0.9453125 0.271875 0.06015625 0.0625
0 0.8671875 0.0421875 0.0765625 0.075
0 0.94765625 0.56796875 0.0609375 0.06640625
0 0.946875 0.85078125 0.05859375 0.06484375
0 0.69296875 0.59375 0.06953125 0.0578125
0 0.44375 0.56484375 0.071875 0.0640625
0 0.79609375 0.03828125 0.0625 0.075
4 0.8875 0.48203125 0.1703125 0.03046875
4 0.9125 0.51015625 0.1328125 0.03125
4 0.63046875 0.51015625 0.1828125 0.0296875
4 0.39453125 0.47578125 0.16953125 0.03515625
4 0.40390625 0.51015625 0.1578125 0.0328125
4 0.12734375 0.47890625 0.21953125 0.034375
2 0.5015625 0.22109375 0.98984375 0.24453125
2 0.625 0.50546875 0.23671875 0.3
2 0.12890625 0.49375 0.24765625 0.265625