2 0.86875 0.484375 0.24453125 0.26875
2 0.6234375 0.49453125 0.23203125 0.26640625
4 0.80078125 0.421875 0.0625 0.040625
4 0.66015625 0.76640625 0.26875 0.04140625
2 0.5 0.2203125 0.98828125 0.23515625
2 0.24453125 0.77421875 0.4890625 0.24453125
2 0.13203125 0.4921875 0.23671875 0.275
4 0.5546875 0.709375 0.0640625 0.0390625
4 0.175 0.22265625 0.2890625 0.04140625
4 0.55859375 0.4234375 0.06953125 0.0359375
4 0.05625 0.7109375 0.05234375 0.03515625
0 0.8015625 0.56796875 0.06171875 0.06015625
0 0.2984375 0.5671875 0.05390625 0.05859375
0 0.55 0.56875 0.06640625 0.06484375
4 0.0609375 0.42265625 0.06171875 0.03828125
4 0.30546875 0.42578125 0.06171875 0.03984375
4 0.50234375 0.9546875 0.1359375 0.0578125
0 0.0625 0.27109375 0.07265625 0.0640625
0 0.5546875 0.8203125 0.071875 0.0625
4 0.06328125 0.1640625 0.06640625 0.0375
0 0.19609375 0.040625 0.07109375 0.078125
0 0.0578125 0.0390625 0.078125 0.071875
0 0.27421875 0.03984375 0.07421875 0.078125
0 0.05859375 0.565625 0.07109375 0.06015625
0 0.1296875 0.03984375 0.05703125 0.07578125
0 0.05625 0.8203125 0.06875 0.06328125
4 0.1125 0.4796875 0.1734375 0.0328125
4 0.0953125 0.5140625 0.13984375 0.0328125
4 0.3734375 0.47734375 0.19609375 0.040625
4 0.3359375 0.51328125 0.121875 0.0375
4 0.60390625 0.47734375 0.16484375 0.03203125
4 0.6046875 0.51171875 0.1734375 0.04296875
4 0.83828125 0.47421875 0.14609375 0.0359375
4 0.84609375 0.51171875 0.15703125 0.0296875
4 0.18828125 0.7671875 0.32421875 0.03984375
2 0.37578125 0.49140625 0.23359375 0.26796875
2 0.74921875 0.77109375 0.48671875 0.2484375