0 0.7859375 0.03984375 0.1375 0.07734375
2 0.86953125 0.23203125 0.2328125 0.26171875
0 0.91328125 0.040625 0.13984375 0.07578125
2 0.62265625 0.234375 0.234375 0.26484375
2 0.378125 0.2328125 0.22890625 0.271875
2 0.12890625 0.23984375 0.240625 0.2953125
4 0.2046875 0.16875 0.0484375 0.04453125
4 0.44765625 0.16484375 0.0640625 0.0359375
0 0.95234375 0.3078125 0.04140625 0.05703125
0 0.1984375 0.30390625 0.0703125 0.06171875
4 0.6921875 0.16484375 0.06328125 0.034375
4 0.93671875 0.1625 0.0671875 0.03671875
0 0.4453125 0.3046875 0.07109375 0.06484375
4 0.49765625 0.43515625 0.1359375 0.06171875
0 0.8140625 0.03984375 0.06015625 0.075
0 0.7421875 0.0390625 0.07421875 0.07421875
0 0.659375 0.0390625 0.07890625 0.0734375
0 0.690625 0.3046875 0.07109375 0.059375
0 0.88046875 0.03984375 0.06484375 0.0734375
0 0.94765625 0.03984375 0.065625 0.071875
4 0.87578125 0.21796875 0.1921875 0.034375
4 0.91015625 0.25234375 0.12578125 0.034375
4 0.64296875 0.21953125 0.16640625 0.03125
4 0.65625 0.24921875 0.13203125 0.03125
4 0.37890625 0.2171875 0.2015625 0.0359375
4 0.4265625 0.2515625 0.1046875 0.03203125
4 0.16484375 0.21796875 0.12890625 0.028125
4 0.13984375 0.25 0.18515625 0.0296875