4 0.68984375 0.76953125 0.33203125 0.046875
2 0.13203125 0.5 0.23828125 0.26015625
2 0.25 0.77109375 0.48359375 0.25625
4 0.178125 0.77421875 0.296875 0.05078125
4 0.5484375 0.421875 0.046875 0.04140625
2 0.50078125 0.22109375 0.9859375 0.25625
4 0.55546875 0.709375 0.06640625 0.04296875
4 0.184375 0.221875 0.30703125 0.03515625
4 0.79453125 0.425 0.0515625 0.04296875
0 0.8 0.5671875 0.06171875 0.0640625
0 0.30078125 0.5671875 0.05 0.059375
4 0.30625 0.42578125 0.065625 0.0359375
0 0.5484375 0.565625 0.05859375 0.0640625
4 0.0578125 0.16640625 0.0625 0.03828125
4 0.05390625 0.42421875 0.0515625 0.03515625
4 0.50234375 0.9546875 0.1359375 0.0578125
0 0.55 0.81953125 0.06171875 0.0609375
0 0.06328125 0.27109375 0.07421875 0.06328125
0 0.06015625 0.56484375 0.071875 0.0640625
0 0.2609375 0.040625 0.0640625 0.07421875
0 0.13046875 0.0390625 0.0765625 0.07578125
0 0.19921875 0.0390625 0.05546875 0.07578125
0 0.05390625 0.03828125 0.0703125 0.07265625
0 0.05703125 0.8203125 0.06953125 0.06328125
4 0.12265625 0.47890625 0.1953125 0.0359375
4 0.0953125 0.515625 0.1390625 0.03671875
4 0.36171875 0.48046875 0.178125 0.0328125
4 0.33203125 0.51171875 0.12109375 0.03515625
4 0.6078125 0.48125 0.171875 0.0359375
4 0.5859375 0.515625 0.1265625 0.03515625
4 0.85625 0.4796875 0.17734375 0.0328125
4 0.83828125 0.51015625 0.13984375 0.0296875
4 0.05234375 0.715625 0.04921875 0.05390625
2 0.37734375 0.49140625 0.2359375 0.2640625
2 0.6234375 0.49375 0.2421875 0.2625
2 0.86875 0.496875 0.23828125 0.26953125
2 0.74765625 0.77265625 0.48515625 0.240625