4 0.31015625 0.76953125 0.33203125 0.046875
2 0.86796875 0.5 0.23828125 0.26015625
2 0.75 0.77109375 0.48359375 0.25625
4 0.821875 0.77421875 0.296875 0.05078125
4 0.4515625 0.421875 0.046875 0.04140625
2 0.49921875 0.22109375 0.9859375 0.25625
4 0.44453125 0.709375 0.06640625 0.04296875
4 0.815625 0.221875 0.30703125 0.03515625
4 0.20546875 0.425 0.0515625 0.04296875
0 0.2 0.5671875 0.06171875 0.0640625
0 0.69921875 0.5671875 0.05 0.059375
4 0.69375 0.42578125 0.065625 0.0359375
0 0.4515625 0.565625 0.05859375 0.0640625
4 0.9421875 0.16640625 0.0625 0.03828125
4 0.94609375 0.42421875 0.0515625 0.03515625
4 0.49765625 0.9546875 0.1359375 0.0578125
0 0.45 0.81953125 0.06171875 0.0609375
0 0.93671875 0.27109375 0.07421875 0.06328125
0 0.93984375 0.56484375 0.071875 0.0640625
0 0.7390625 0.040625 0.0640625 0.07421875
0 0.86953125 0.0390625 0.0765625 0.07578125
0 0.80078125 0.0390625 0.05546875 0.07578125
0 0.94609375 0.03828125 0.0703125 0.07265625
0 0.94296875 0.8203125 0.06953125 0.06328125
4 0.87734375 0.47890625 0.1953125 0.0359375
4 0.9046875 0.515625 0.1390625 0.03671875
4 0.63828125 0.48046875 0.178125 0.0328125
4 0.66796875 0.51171875 0.12109375 0.03515625
4 0.3921875 0.48125 0.171875 0.0359375
4 0.4140625 0.515625 0.1265625 0.03515625
4 0.14375 0.4796875 0.17734375 0.0328125
4 0.16171875 0.51015625 0.13984375 0.0296875
4 0.94765625 0.715625 0.04921875 0.05390625
2 0.62265625 0.49140625 0.2359375 0.2640625
2 0.3765625 0.49375 0.2421875 0.2625
2 0.13125 0.496875 0.23828125 0.26953125
2 0.25234375 0.77265625 0.48515625 0.240625