4 0.90625 0.47578125 0.13359375 0.03203125
2 0.13203125 0.49375 0.23359375 0.2578125
2 0.37890625 0.48828125 0.23046875 0.26328125
0 0.790625 0.04140625 0.128125 0.08203125
2 0.24921875 0.7703125 0.4984375 0.23515625
2 0.75 0.77421875 0.4890625 0.24609375
4 0.8203125 0.76875 0.31171875 0.0484375
4 0.20625 0.4203125 0.0515625 0.04140625
4 0.44453125 0.42578125 0.06875 0.03984375
4 0.825 0.221875 0.2953125 0.03359375
4 0.93671875 0.7125 0.07734375 0.03828125
0 0.95 0.56796875 0.05703125 0.06328125
0 0.20078125 0.56796875 0.0609375 0.06328125
4 0.94453125 0.1640625 0.05859375 0.03359375
0 0.4515625 0.8203125 0.0625 0.06171875
4 0.69296875 0.425 0.065625 0.03984375
4 0.9390625 0.42421875 0.06328125 0.0375
4 0.4984375 0.95546875 0.13515625 0.05703125
0 0.8140625 0.0421875 0.0625 0.075
0 0.93671875 0.271875 0.075 0.0640625
0 0.69453125 0.565625 0.0640625 0.06015625
0 0.44296875 0.56484375 0.07734375 0.06171875
0 0.73828125 0.04140625 0.0703125 0.07734375
0 0.94453125 0.03828125 0.07578125 0.07265625
0 0.6671875 0.03984375 0.07109375 0.07734375
0 0.940625 0.821875 0.07265625 0.0640625
0 0.875 0.0390625 0.0578125 0.075
4 0.89453125 0.51015625 0.1640625 0.03359375
4 0.62578125 0.48359375 0.20234375 0.03515625
4 0.68046875 0.51015625 0.103125 0.02890625
4 0.42578125 0.48046875 0.10703125 0.02734375
4 0.3890625 0.509375 0.1890625 0.03203125
4 0.171875 0.48125 0.1171875 0.02890625
4 0.13359375 0.51171875 0.19296875 0.0296875
4 0.32890625 0.771875 0.29140625 0.05234375
2 0.503125 0.221875 0.98046875 0.25
2 0.875 0.490625 0.24296875 0.26484375
2 0.6234375 0.4890625 0.23125 0.265625