4 0.09375 0.47578125 0.13359375 0.03203125
2 0.86796875 0.49375 0.23359375 0.2578125
2 0.62109375 0.48828125 0.23046875 0.26328125
0 0.209375 0.04140625 0.128125 0.08203125
2 0.75078125 0.7703125 0.4984375 0.23515625
2 0.25 0.77421875 0.4890625 0.24609375
4 0.1796875 0.76875 0.31171875 0.0484375
4 0.79375 0.4203125 0.0515625 0.04140625
4 0.55546875 0.42578125 0.06875 0.03984375
4 0.175 0.221875 0.2953125 0.03359375
4 0.06328125 0.7125 0.07734375 0.03828125
0 0.05 0.56796875 0.05703125 0.06328125
0 0.79921875 0.56796875 0.0609375 0.06328125
4 0.05546875 0.1640625 0.05859375 0.03359375
0 0.5484375 0.8203125 0.0625 0.06171875
4 0.30703125 0.425 0.065625 0.03984375
4 0.0609375 0.42421875 0.06328125 0.0375
4 0.5015625 0.95546875 0.13515625 0.05703125
0 0.1859375 0.0421875 0.0625 0.075
0 0.06328125 0.271875 0.075 0.0640625
0 0.30546875 0.565625 0.0640625 0.06015625
0 0.55703125 0.56484375 0.07734375 0.06171875
0 0.26171875 0.04140625 0.0703125 0.07734375
0 0.05546875 0.03828125 0.07578125 0.07265625
0 0.3328125 0.03984375 0.07109375 0.07734375
0 0.059375 0.821875 0.07265625 0.0640625
0 0.125 0.0390625 0.0578125 0.075
4 0.10546875 0.51015625 0.1640625 0.03359375
4 0.37421875 0.48359375 0.20234375 0.03515625
4 0.31953125 0.51015625 0.103125 0.02890625
4 0.57421875 0.48046875 0.10703125 0.02734375
4 0.6109375 0.509375 0.1890625 0.03203125
4 0.828125 0.48125 0.1171875 0.02890625
4 0.86640625 0.51171875 0.19296875 0.0296875
4 0.67109375 0.771875 0.29140625 0.05234375
2 0.496875 0.221875 0.98046875 0.25
2 0.125 0.490625 0.24296875 0.26484375
2 0.3765625 0.4890625 0.23125 0.265625