2 0.86953125 0.5046875 0.23984375 0.284375
4 0.66875 0.5046875 0.10546875 0.03359375
4 0.20234375 0.4203125 0.05703125 0.03671875
2 0.75 0.21796875 0.47734375 0.2453125
4 0.9359375 0.53984375 0.07109375 0.025
4 0.44921875 0.475 0.05390625 0.02890625
4 0.4484375 0.15703125 0.05546875 0.03671875
4 0.6984375 0.42734375 0.05546875 0.040625
4 0.31796875 0.2140625 0.31171875 0.053125
4 0.94765625 0.74296875 0.04921875 0.0421875
4 0.82734375 0.79921875 0.290625 0.04140625
4 0.82421875 0.2125 0.2984375 0.0453125
4 0.45390625 0.4234375 0.0484375 0.0359375
4 0.4984375 0.98125 0.12734375 0.03671875
4 0.9421875 0.159375 0.05859375 0.03671875
0 0.44296875 0.58984375 0.0734375 0.05703125
0 0.203125 0.56484375 0.059375 0.0609375
4 0.9359375 0.425 0.06796875 0.0375
0 0.95 0.853125 0.05703125 0.06484375
0 0.87890625 0.0421875 0.07578125 0.078125
0 0.79765625 0.0390625 0.06953125 0.0765625
0 0.440625 0.2671875 0.0734375 0.06328125
0 0.93671875 0.590625 0.078125 0.0640625
0 0.9515625 0.03828125 0.06171875 0.07421875
0 0.69609375 0.5640625 0.06640625 0.06484375
0 0.94453125 0.2671875 0.06484375 0.0625
0 0.71953125 0.03984375 0.078125 0.07578125
4 0.95390625 0.4796875 0.04296875 0.03828125
4 0.87109375 0.509375 0.21015625 0.03203125
4 0.62421875 0.4796875 0.2046875 0.03125
4 0.38671875 0.51171875 0.178125 0.0359375
4 0.4359375 0.53828125 0.08984375 0.02265625
4 0.134375 0.475 0.19453125 0.03828125
4 0.17578125 0.51171875 0.11171875 0.0328125
2 0.25078125 0.21875 0.47890625 0.25078125
2 0.62265625 0.49140625 0.2390625 0.27421875
2 0.375 0.50703125 0.24453125 0.3046875
2 0.1296875 0.4890625 0.2390625 0.271875
2 0.50078125 0.80078125 0.98359375 0.2453125