0 0.7875 0.0390625 0.14140625 0.075
2 0.86796875 0.234375 0.23359375 0.26796875
2 0.1296875 0.23125 0.23828125 0.2796875
2 0.753125 0.51015625 0.49296875 0.24296875
2 0.37578125 0.2296875 0.23359375 0.26484375
4 0.4484375 0.45 0.065625 0.0375
0 0.94921875 0.559375 0.0484375 0.05546875
4 0.44765625 0.1640625 0.05859375 0.04296875
4 0.9390625 0.4484375 0.065625 0.034375
0 0.44921875 0.56015625 0.0515625 0.06328125
0 0.20703125 0.30703125 0.05390625 0.06484375
4 0.6953125 0.16328125 0.053125 0.04296875
4 0.9484375 0.165625 0.04375 0.03671875
4 0.49921875 0.6953125 0.1328125 0.059375
0 0.8140625 0.03984375 0.0640625 0.075
0 0.946875 0.0390625 0.0671875 0.07265625
0 0.94765625 0.30703125 0.06015625 0.0640625
0 0.7390625 0.03828125 0.07265625 0.075
0 0.66484375 0.0390625 0.07265625 0.07578125
0 0.6921875 0.30390625 0.07109375 0.06015625
0 0.4453125 0.30546875 0.07109375 0.06171875
0 0.88125 0.04140625 0.0546875 0.075
4 0.88359375 0.21875 0.17578125 0.02890625
4 0.9 0.24765625 0.1390625 0.02578125
4 0.6265625 0.21953125 0.1953125 0.025
4 0.66640625 0.24921875 0.12109375 0.0359375
4 0.409375 0.21484375 0.13984375 0.03515625
4 0.39296875 0.24765625 0.17421875 0.02890625
4 0.2 0.16953125 0.053125 0.05234375
4 0.134375 0.22109375 0.1953125 0.028125
4 0.17421875 0.25 0.1140625 0.02421875
4 0.82265625 0.51015625 0.29921875 0.0359375
4 0.33359375 0.5046875 0.28359375 0.0421875
2 0.625 0.228125 0.23828125 0.26875
2 0.25078125 0.5109375 0.48203125 0.25234375