2 0.12890625 0.2328125 0.228125 0.26953125
2 0.25234375 0.7703125 0.5015625 0.2546875
4 0.55 0.70546875 0.05390625 0.0515625
4 0.68359375 0.76796875 0.31796875 0.04765625
2 0.871875 0.2265625 0.225 0.28125
4 0.5515625 0.16171875 0.06484375 0.0390625
4 0.059375 0.45390625 0.06015625 0.0296875
2 0.6265625 0.2328125 0.23515625 0.26875
4 0.178125 0.5125 0.29453125 0.0421875
0 0.04921875 0.30546875 0.05234375 0.0609375
0 0.7953125 0.30546875 0.05703125 0.05859375
4 0.05625 0.7140625 0.053125 0.0359375
4 0.30625 0.16328125 0.05625 0.04140625
4 0.50234375 0.95546875 0.13515625 0.05859375
0 0.55234375 0.30546875 0.06484375 0.0671875
4 0.06328125 0.1640625 0.059375 0.03671875
0 0.55703125 0.8203125 0.0703125 0.06328125
0 0.30703125 0.3046875 0.065625 0.06171875
0 0.05859375 0.0375 0.0765625 0.07265625
0 0.13984375 0.03984375 0.07578125 0.071875
0 0.05078125 0.82109375 0.0640625 0.06484375
0 0.0609375 0.5625 0.0703125 0.06015625
4 0.1234375 0.21953125 0.1890625 0.02734375
4 0.08046875 0.25234375 0.1140625 0.03515625
4 0.3703125 0.2203125 0.19453125 0.0328125
4 0.3203125 0.25 0.103125 0.02109375
4 0.6078125 0.21484375 0.17421875 0.02890625
4 0.59453125 0.25 0.15 0.034375
4 0.79375 0.16171875 0.059375 0.03359375
4 0.86640625 0.21875 0.19140625 0.0296875
4 0.8171875 0.25 0.09921875 0.0328125
4 0.17265625 0.76796875 0.30078125 0.0453125
2 0.3765625 0.2265625 0.24140625 0.265625
2 0.4984375 0.51484375 0.98671875 0.2421875
2 0.7484375 0.771875 0.478125 0.24921875