2 0.38125 0.23125 0.23359375 0.2671875
4 0.0859375 0.2453125 0.1203125 0.0359375
2 0.6234375 0.23046875 0.23515625 0.25703125
4 0.1765625 0.7703125 0.29609375 0.0453125
2 0.24765625 0.51328125 0.49140625 0.24765625
2 0.13046875 0.22734375 0.24140625 0.24296875
4 0.67734375 0.5046875 0.3046875 0.040625
4 0.18984375 0.5046875 0.315625 0.04140625
4 0.55546875 0.4453125 0.06953125 0.04140625
4 0.05546875 0.7140625 0.05 0.0328125
4 0.0578125 0.44609375 0.06484375 0.03671875
0 0.0640625 0.30546875 0.08125 0.06015625
0 0.7984375 0.30546875 0.0609375 0.0640625
0 0.55546875 0.30390625 0.07109375 0.06015625
4 0.790625 0.16171875 0.046875 0.03515625
4 0.54765625 0.16015625 0.0515625 0.03828125
4 0.05546875 0.16484375 0.05078125 0.03046875
4 0.30390625 0.16328125 0.05234375 0.040625
0 0.5609375 0.5578125 0.0734375 0.06171875
0 0.21015625 0.03984375 0.0734375 0.0734375
0 0.059375 0.825 0.07265625 0.0640625
0 0.3078125 0.303125 0.06953125 0.06015625
4 0.5015625 0.95625 0.13671875 0.05078125
0 0.05546875 0.0390625 0.07265625 0.0703125
0 0.0515625 0.55859375 0.0609375 0.059375
0 0.13203125 0.040625 0.071875 0.07421875
4 0.1265625 0.215625 0.20546875 0.0375
4 0.3578125 0.21484375 0.17421875 0.0375
4 0.34453125 0.25234375 0.14765625 0.03125
4 0.58671875 0.215625 0.13203125 0.03515625
4 0.60234375 0.253125 0.15859375 0.0359375
4 0.853125 0.221875 0.1734375 0.03671875
4 0.83828125 0.25234375 0.14765625 0.03125
2 0.87109375 0.23359375 0.2375 0.27265625
2 0.7453125 0.51015625 0.48046875 0.23984375
2 0.49921875 0.775 0.9796875 0.2453125