4 0.35546875 0.47890625 0.1609375 0.034375
2 0.8703125 0.49375 0.24453125 0.26875
4 0.1 0.4765625 0.14921875 0.03515625
2 0.2484375 0.2234375 0.49453125 0.24296875
4 0.5515625 0.42265625 0.05859375 0.0359375
4 0.67734375 0.21796875 0.3078125 0.0453125
4 0.3078125 0.421875 0.06640625 0.0359375
4 0.184375 0.77109375 0.309375 0.04140625
4 0.79609375 0.42265625 0.0515625 0.040625
4 0.175 0.21484375 0.290625 0.04375
4 0.05234375 0.15859375 0.0453125 0.03359375
4 0.06640625 0.7125 0.0765625 0.0359375
4 0.06015625 0.421875 0.059375 0.0390625
0 0.79296875 0.565625 0.05546875 0.06328125
0 0.55078125 0.26953125 0.0609375 0.0625
0 0.05078125 0.5671875 0.0578125 0.059375
0 0.309375 0.5625 0.07109375 0.06015625
0 0.5546875 0.5640625 0.06953125 0.0625
4 0.5015625 0.95625 0.1375 0.05234375
0 0.12578125 0.03828125 0.059375 0.075
0 0.0515625 0.26796875 0.0578125 0.0609375
0 0.05625 0.03828125 0.0765625 0.071875
0 0.05625 0.82421875 0.07109375 0.0671875
4 0.54921875 0.16015625 0.0453125 0.0359375
4 0.10390625 0.5109375 0.16015625 0.028125
4 0.34609375 0.5109375 0.140625 0.02734375
4 0.61875 0.4765625 0.1984375 0.034375
4 0.5796875 0.50859375 0.1234375 0.0328125
4 0.85546875 0.4796875 0.17109375 0.0296875
4 0.821875 0.509375 0.10078125 0.02734375
2 0.7484375 0.21875 0.48125 0.25
2 0.1265625 0.49375 0.2421875 0.2734375
2 0.378125 0.4890625 0.24140625 0.26171875
2 0.625 0.48984375 0.234375 0.2640625
2 0.50078125 0.7703125 0.98359375 0.246875