4 0.64453125 0.47890625 0.1609375 0.034375
2 0.1296875 0.49375 0.24453125 0.26875
4 0.9 0.4765625 0.14921875 0.03515625
2 0.7515625 0.2234375 0.49453125 0.24296875
4 0.4484375 0.42265625 0.05859375 0.0359375
4 0.32265625 0.21796875 0.3078125 0.0453125
4 0.6921875 0.421875 0.06640625 0.0359375
4 0.815625 0.77109375 0.309375 0.04140625
4 0.20390625 0.42265625 0.0515625 0.040625
4 0.825 0.21484375 0.290625 0.04375
4 0.94765625 0.15859375 0.0453125 0.03359375
4 0.93359375 0.7125 0.0765625 0.0359375
4 0.93984375 0.421875 0.059375 0.0390625
0 0.20703125 0.565625 0.05546875 0.06328125
0 0.44921875 0.26953125 0.0609375 0.0625
0 0.94921875 0.5671875 0.0578125 0.059375
0 0.690625 0.5625 0.07109375 0.06015625
0 0.4453125 0.5640625 0.06953125 0.0625
4 0.4984375 0.95625 0.1375 0.05234375
0 0.87421875 0.03828125 0.059375 0.075
0 0.9484375 0.26796875 0.0578125 0.0609375
0 0.94375 0.03828125 0.0765625 0.071875
0 0.94375 0.82421875 0.07109375 0.0671875
4 0.45078125 0.16015625 0.0453125 0.0359375
4 0.89609375 0.5109375 0.16015625 0.028125
4 0.65390625 0.5109375 0.140625 0.02734375
4 0.38125 0.4765625 0.1984375 0.034375
4 0.4203125 0.50859375 0.1234375 0.0328125
4 0.14453125 0.4796875 0.17109375 0.0296875
4 0.178125 0.509375 0.10078125 0.02734375
2 0.2515625 0.21875 0.48125 0.25
2 0.8734375 0.49375 0.2421875 0.2734375
2 0.621875 0.4890625 0.24140625 0.26171875
2 0.375 0.48984375 0.234375 0.2640625
2 0.49921875 0.7703125 0.98359375 0.246875