4 0.39765625 0.4953125 0.13515625 0.0515625
4 0.6421875 0.4875 0.1375 0.046875
2 0.73515625 0.21640625 0.50390625 0.21015625
4 0.93828125 0.7953125 0.0640625 0.0265625
2 0.86796875 0.50390625 0.23984375 0.28515625
4 0.30703125 0.21328125 0.359375 0.07109375
4 0.44375 0.15546875 0.06171875 0.03984375
0 0.70078125 0.565625 0.04765625 0.06015625
4 0.696875 0.42109375 0.0578125 0.0421875
4 0.4484375 0.421875 0.04765625 0.03671875
0 0.20546875 0.56484375 0.053125 0.0578125
4 0.81875 0.7953125 0.33671875 0.07109375
4 0.8234375 0.21328125 0.309375 0.07109375
4 0.93828125 0.4734375 0.071875 0.028125
4 0.49921875 0.98125 0.12734375 0.0375
4 0.9421875 0.159375 0.059375 0.03515625
4 0.9421875 0.74140625 0.05859375 0.03984375
4 0.95078125 0.4265625 0.0421875 0.040625
0 0.94140625 0.03984375 0.07734375 0.071875
0 0.44609375 0.56328125 0.07265625 0.06484375
0 0.9390625 0.85 0.06953125 0.06484375
0 0.86640625 0.0390625 0.06171875 0.0765625
0 0.44296875 0.26640625 0.06875 0.0609375
0 0.9421875 0.5921875 0.07109375 0.06328125
0 0.9421875 0.2671875 0.06640625 0.06171875
0 0.721875 0.0390625 0.07109375 0.07578125
0 0.7953125 0.0390625 0.071875 0.07734375