4 0.81796875 0.225 0.30546875 0.03828125
4 0.9421875 0.4234375 0.05234375 0.03515625
4 0.8125 0.48046875 0.32265625 0.03046875
4 0.9421875 0.16328125 0.059375 0.0359375
4 0.49921875 0.66640625 0.13515625 0.05625
0 0.87421875 0.04140625 0.07421875 0.07421875
0 0.9359375 0.5328125 0.0796875 0.06484375
0 0.9484375 0.04375 0.06015625 0.0734375
0 0.6484375 0.0390625 0.0796875 0.0765625
0 0.72265625 0.0390625 0.0703125 0.075
0 0.79609375 0.03984375 0.06953125 0.0765625
0 0.9421875 0.271875 0.06796875 0.0625
2 0.5 0.2203125 0.99375 0.24296875
2 0.5015625 0.48828125 0.9828125 0.25