4 0.18203125 0.225 0.30546875 0.03828125
4 0.0578125 0.4234375 0.05234375 0.03515625
4 0.1875 0.48046875 0.32265625 0.03046875
4 0.0578125 0.16328125 0.059375 0.0359375
4 0.50078125 0.66640625 0.13515625 0.05625
0 0.12578125 0.04140625 0.07421875 0.07421875
0 0.0640625 0.5328125 0.0796875 0.06484375
0 0.0515625 0.04375 0.06015625 0.0734375
0 0.3515625 0.0390625 0.0796875 0.0765625
0 0.27734375 0.0390625 0.0703125 0.075
0 0.20390625 0.03984375 0.06953125 0.0765625
0 0.0578125 0.271875 0.06796875 0.0625
2 0.5 0.2203125 0.99375 0.24296875
2 0.4984375 0.48828125 0.9828125 0.25