2 0.62265625 0.228125 0.228125 0.26640625
2 0.87109375 0.23046875 0.2296875 0.2859375
2 0.2515625 0.51171875 0.49375 0.2359375
2 0.37890625 0.2296875 0.23046875 0.26484375
4 0.54765625 0.1671875 0.04921875 0.03671875
4 0.05625 0.7109375 0.053125 0.03515625
4 0.6828125 0.50546875 0.31171875 0.03984375
4 0.16875 0.50859375 0.28515625 0.0359375
4 0.05234375 0.45546875 0.0421875 0.0375
4 0.05625 0.165625 0.05234375 0.03203125
0 0.8 0.30625 0.05859375 0.0609375
4 0.3046875 0.16328125 0.04921875 0.04140625
0 0.546875 0.30625 0.0578125 0.0625
0 0.05078125 0.30625 0.05703125 0.06171875
0 0.05859375 0.03984375 0.07734375 0.0703125
4 0.5015625 0.95625 0.13671875 0.05078125
0 0.27265625 0.03984375 0.07734375 0.07421875
0 0.19609375 0.03984375 0.0671875 0.07421875
0 0.55390625 0.5578125 0.06953125 0.0640625
0 0.0578125 0.825 0.0703125 0.06484375
0 0.30546875 0.3046875 0.065625 0.059375
0 0.06015625 0.5578125 0.07421875 0.059375
0 0.13203125 0.03984375 0.059375 0.075
4 0.1265625 0.2171875 0.19609375 0.0296875
4 0.07734375 0.24609375 0.096875 0.0296875
4 0.3703125 0.22109375 0.1890625 0.0375
4 0.34375 0.25234375 0.134375 0.03046875
4 0.61640625 0.221875 0.19765625 0.0296875
4 0.5796875 0.253125 0.1234375 0.03671875
4 0.803125 0.1671875 0.0640625 0.03984375
4 0.86953125 0.21796875 0.19375 0.03828125
4 0.81328125 0.2515625 0.090625 0.03203125
4 0.5515625 0.45390625 0.04453125 0.04609375
4 0.18515625 0.76953125 0.328125 0.0328125
2 0.1296875 0.23046875 0.23828125 0.2671875
2 0.74609375 0.5046875 0.48125 0.2453125
2 0.49921875 0.7765625 0.98828125 0.2453125