2 0.37734375 0.228125 0.228125 0.26640625
2 0.12890625 0.23046875 0.2296875 0.2859375
2 0.7484375 0.51171875 0.49375 0.2359375
2 0.62109375 0.2296875 0.23046875 0.26484375
4 0.45234375 0.1671875 0.04921875 0.03671875
4 0.94375 0.7109375 0.053125 0.03515625
4 0.3171875 0.50546875 0.31171875 0.03984375
4 0.83125 0.50859375 0.28515625 0.0359375
4 0.94765625 0.45546875 0.0421875 0.0375
4 0.94375 0.165625 0.05234375 0.03203125
0 0.2 0.30625 0.05859375 0.0609375
4 0.6953125 0.16328125 0.04921875 0.04140625
0 0.453125 0.30625 0.0578125 0.0625
0 0.94921875 0.30625 0.05703125 0.06171875
0 0.94140625 0.03984375 0.07734375 0.0703125
4 0.4984375 0.95625 0.13671875 0.05078125
0 0.72734375 0.03984375 0.07734375 0.07421875
0 0.80390625 0.03984375 0.0671875 0.07421875
0 0.44609375 0.5578125 0.06953125 0.0640625
0 0.9421875 0.825 0.0703125 0.06484375
0 0.69453125 0.3046875 0.065625 0.059375
0 0.93984375 0.5578125 0.07421875 0.059375
0 0.86796875 0.03984375 0.059375 0.075
4 0.8734375 0.2171875 0.19609375 0.0296875
4 0.92265625 0.24609375 0.096875 0.0296875
4 0.6296875 0.22109375 0.1890625 0.0375
4 0.65625 0.25234375 0.134375 0.03046875
4 0.38359375 0.221875 0.19765625 0.0296875
4 0.4203125 0.253125 0.1234375 0.03671875
4 0.196875 0.1671875 0.0640625 0.03984375
4 0.13046875 0.21796875 0.19375 0.03828125
4 0.18671875 0.2515625 0.090625 0.03203125
4 0.4484375 0.45390625 0.04453125 0.04609375
4 0.81484375 0.76953125 0.328125 0.0328125
2 0.8703125 0.23046875 0.23828125 0.2671875
2 0.25390625 0.5046875 0.48125 0.2453125
2 0.50078125 0.7765625 0.98828125 0.2453125