2 0.625 0.75546875 0.23515625 0.2671875
2 0.1296875 0.753125 0.2265625 0.28828125
2 0.86953125 0.75 0.23984375 0.2671875
4 0.18984375 0.76875 0.0859375 0.03671875
4 0.4515625 0.16015625 0.04296875 0.0359375
4 0.32109375 0.21640625 0.3171875 0.046875
2 0.75 0.2203125 0.48671875 0.246875
4 0.20390625 0.6828125 0.05390625 0.0359375
4 0.6984375 0.68359375 0.0484375 0.0328125
4 0.4453125 0.68203125 0.06796875 0.040625
0 0.20390625 0.82578125 0.059375 0.05625
4 0.9515625 0.428125 0.0390625 0.03515625
4 0.94765625 0.6859375 0.0484375 0.03515625
4 0.83203125 0.2140625 0.27578125 0.04921875
4 0.8171875 0.4796875 0.31171875 0.0421875
4 0.946875 0.15859375 0.05 0.034375
4 0.4984375 0.95546875 0.13515625 0.05703125
0 0.4484375 0.8265625 0.06953125 0.06015625
0 0.9390625 0.82421875 0.0765625 0.06171875
0 0.9359375 0.53125 0.0734375 0.06171875
0 0.94453125 0.03984375 0.07578125 0.07109375
0 0.44375 0.26796875 0.0671875 0.06171875
0 0.7296875 0.03984375 0.07109375 0.07578125
0 0.86796875 0.03984375 0.07421875 0.07734375
0 0.6921875 0.825 0.07109375 0.059375
0 0.940625 0.2671875 0.0703125 0.06328125
0 0.79609375 0.0390625 0.0640625 0.07578125
4 0.903125 0.73671875 0.1421875 0.0328125
4 0.89453125 0.7703125 0.15859375 0.03515625
4 0.65546875 0.73828125 0.14765625 0.025
4 0.64140625 0.771875 0.17734375 0.03515625
4 0.38671875 0.73984375 0.184375 0.03125
4 0.421875 0.77265625 0.11875 0.0234375
4 0.13125 0.73828125 0.2046875 0.0296875
2 0.2515625 0.2125 0.47890625 0.2484375
2 0.49609375 0.4796875 0.98515625 0.2453125
2 0.37890625 0.74921875 0.24140625 0.26875