2 0.375 0.75546875 0.23515625 0.2671875
2 0.8703125 0.753125 0.2265625 0.28828125
2 0.13046875 0.75 0.23984375 0.2671875
4 0.81015625 0.76875 0.0859375 0.03671875
4 0.5484375 0.16015625 0.04296875 0.0359375
4 0.67890625 0.21640625 0.3171875 0.046875
2 0.25 0.2203125 0.48671875 0.246875
4 0.79609375 0.6828125 0.05390625 0.0359375
4 0.3015625 0.68359375 0.0484375 0.0328125
4 0.5546875 0.68203125 0.06796875 0.040625
0 0.79609375 0.82578125 0.059375 0.05625
4 0.0484375 0.428125 0.0390625 0.03515625
4 0.05234375 0.6859375 0.0484375 0.03515625
4 0.16796875 0.2140625 0.27578125 0.04921875
4 0.1828125 0.4796875 0.31171875 0.0421875
4 0.053125 0.15859375 0.05 0.034375
4 0.5015625 0.95546875 0.13515625 0.05703125
0 0.5515625 0.8265625 0.06953125 0.06015625
0 0.0609375 0.82421875 0.0765625 0.06171875
0 0.0640625 0.53125 0.0734375 0.06171875
0 0.05546875 0.03984375 0.07578125 0.07109375
0 0.55625 0.26796875 0.0671875 0.06171875
0 0.2703125 0.03984375 0.07109375 0.07578125
0 0.13203125 0.03984375 0.07421875 0.07734375
0 0.3078125 0.825 0.07109375 0.059375
0 0.059375 0.2671875 0.0703125 0.06328125
0 0.20390625 0.0390625 0.0640625 0.07578125
4 0.096875 0.73671875 0.1421875 0.0328125
4 0.10546875 0.7703125 0.15859375 0.03515625
4 0.34453125 0.73828125 0.14765625 0.025
4 0.35859375 0.771875 0.17734375 0.03515625
4 0.61328125 0.73984375 0.184375 0.03125
4 0.578125 0.77265625 0.11875 0.0234375
4 0.86875 0.73828125 0.2046875 0.0296875
2 0.7484375 0.2125 0.47890625 0.2484375
2 0.50390625 0.4796875 0.98515625 0.2453125
2 0.62109375 0.74921875 0.24140625 0.26875