2 0.75078125 0.21328125 0.478125 0.24296875
4 0.20390625 0.421875 0.05703125 0.0421875
4 0.4546875 0.1578125 0.03671875 0.03203125
4 0.82890625 0.7609375 0.28046875 0.0265625
4 0.4453125 0.4234375 0.0703125 0.03828125
4 0.81796875 0.21484375 0.3125 0.05
4 0.3328125 0.2140625 0.29140625 0.04296875
4 0.69140625 0.4234375 0.06328125 0.04375
4 0.94375 0.42421875 0.0578125 0.03515625
4 0.94140625 0.15859375 0.0609375 0.0328125
0 0.2046875 0.5640625 0.059375 0.06484375
4 0.9421875 0.71171875 0.05390625 0.03046875
0 0.44375 0.56171875 0.0765625 0.06328125
0 0.94765625 0.825 0.065625 0.06484375
4 0.4984375 0.95625 0.13671875 0.05234375
0 0.44140625 0.26640625 0.0734375 0.06171875
0 0.79140625 0.03984375 0.06796875 0.07734375
0 0.86640625 0.040625 0.071875 0.075
0 0.6921875 0.5625 0.06953125 0.06171875
0 0.94453125 0.03828125 0.0734375 0.06953125
0 0.946875 0.56484375 0.065625 0.0625
0 0.72265625 0.03984375 0.06328125 0.07734375
0 0.65546875 0.03984375 0.07265625 0.075
0 0.93984375 0.26640625 0.0703125 0.059375
4 0.8734375 0.47578125 0.2015625 0.0359375
4 0.92265625 0.51328125 0.11015625 0.03046875
4 0.6421875 0.478125 0.17109375 0.0328125
4 0.653125 0.5109375 0.15234375 0.03125
4 0.40390625 0.48046875 0.146875 0.0328125
4 0.396875 0.5109375 0.16171875 0.034375
4 0.1328125 0.48203125 0.19296875 0.03203125
4 0.1828125 0.51015625 0.10703125 0.02421875
2 0.25234375 0.22109375 0.484375 0.2453125
2 0.87265625 0.49453125 0.24140625 0.27265625
2 0.62109375 0.4953125 0.23828125 0.27109375
2 0.375 0.49140625 0.23984375 0.2609375
2 0.12890625 0.49140625 0.2375 0.26640625
2 0.49453125 0.77421875 0.9859375 0.24375