2 0.37734375 0.7515625 0.2359375 0.2640625
2 0.13359375 0.7546875 0.23046875 0.2765625
2 0.87265625 0.753125 0.2265625 0.28515625
4 0.5546875 0.41875 0.05703125 0.03984375
4 0.3015625 0.68515625 0.05546875 0.03828125
4 0.54296875 0.68515625 0.04765625 0.03046875
4 0.68671875 0.46953125 0.334375 0.05625
4 0.17890625 0.2234375 0.30859375 0.0453125
4 0.79453125 0.68203125 0.05234375 0.03984375
4 0.190625 0.478125 0.3265625 0.04921875
4 0.05859375 0.16328125 0.06171875 0.03515625
4 0.05390625 0.684375 0.05078125 0.03515625
4 0.05390625 0.4203125 0.0515625 0.0359375
0 0.05390625 0.27109375 0.0578125 0.06171875
0 0.80234375 0.82421875 0.0734375 0.06171875
4 0.5015625 0.95546875 0.13515625 0.05859375
0 0.05078125 0.8265625 0.06484375 0.065625
0 0.30390625 0.825 0.0671875 0.06328125
0 0.05546875 0.0390625 0.075 0.0734375
0 0.13359375 0.040625 0.07109375 0.07578125
0 0.5546875 0.825 0.0734375 0.06171875
0 0.28359375 0.04140625 0.08515625 0.07890625
0 0.06015625 0.528125 0.07109375 0.06015625
0 0.55703125 0.5296875 0.07109375 0.06171875
0 0.20625 0.03984375 0.06328125 0.078125
2 0.1140625 0.740625 0.18046875 0.040625
2 0.09140625 0.77734375 0.1390625 0.03359375
2 0.34375 0.7390625 0.14140625 0.03125
2 0.3609375 0.771875 0.18046875 0.040625
2 0.5984375 0.7390625 0.1484375 0.03125
2 0.61015625 0.76640625 0.16953125 0.03046875
2 0.8453125 0.73984375 0.1546875 0.03125
2 0.85234375 0.77265625 0.16953125 0.0296875
2 0.5 0.225 0.984375 0.2421875
2 0.2515625 0.47734375 0.4890625 0.2390625
2 0.74921875 0.4796875 0.4890625 0.2453125
2 0.6265625 0.7515625 0.23984375 0.2703125