2 0.7484375 0.5 0.4859375 0.2359375
2 0.6234375 0.2265625 0.23125 0.26328125
2 0.38046875 0.23125 0.23203125 0.26015625
4 0.17578125 0.7640625 0.29296875 0.03984375
4 0.54609375 0.1640625 0.04921875 0.0375
2 0.2484375 0.50390625 0.49609375 0.2515625
4 0.678125 0.5015625 0.30390625 0.04375
4 0.17890625 0.50078125 0.30234375 0.046875
2 0.1296875 0.22421875 0.24453125 0.25390625
4 0.7953125 0.15859375 0.05234375 0.04609375
4 0.059375 0.71171875 0.05703125 0.034375
0 0.8 0.30546875 0.059375 0.059375
4 0.05859375 0.16171875 0.059375 0.034375
4 0.303125 0.16328125 0.0609375 0.0359375
4 0.06171875 0.44921875 0.065625 0.03515625
0 0.55546875 0.30390625 0.07265625 0.06328125
0 0.56015625 0.55625 0.07578125 0.0625
0 0.309375 0.30390625 0.071875 0.05859375
0 0.05703125 0.0390625 0.07734375 0.071875
0 0.05859375 0.5578125 0.0703125 0.0609375
0 0.053125 0.825 0.06484375 0.06640625
4 0.5015625 0.95625 0.13671875 0.0515625
0 0.0578125 0.3046875 0.07109375 0.065625
0 0.1359375 0.0390625 0.07265625 0.075
4 0.11015625 0.21640625 0.16953125 0.02890625
4 0.0953125 0.24453125 0.1390625 0.03671875
4 0.33671875 0.21796875 0.125 0.028125
4 0.36328125 0.2515625 0.1796875 0.03359375
4 0.61015625 0.21953125 0.17265625 0.040625
4 0.59140625 0.24921875 0.13125 0.02734375
4 0.86796875 0.21875 0.1953125 0.0359375
4 0.81953125 0.25 0.09921875 0.0328125
2 0.8703125 0.23359375 0.24296875 0.2765625
2 0.50078125 0.77734375 0.98203125 0.2484375