2 0.62421875 0.24140625 0.240625 0.2953125
2 0.3796875 0.23046875 0.23125 0.2703125
2 0.13046875 0.25234375 0.2421875 0.2953125
4 0.44765625 0.47734375 0.06015625 0.0375
2 0.86875 0.2359375 0.2265625 0.2671875
4 0.95078125 0.4796875 0.04375 0.028125
2 0.746875 0.534375 0.49453125 0.23359375
4 0.45 0.16171875 0.05625 0.03515625
4 0.19296875 0.2125 0.0796875 0.0328125
4 0.81953125 0.7953125 0.30703125 0.04375
4 0.32109375 0.53359375 0.30859375 0.0421875
4 0.8296875 0.5359375 0.2703125 0.04296875
4 0.94375 0.16640625 0.0515625 0.0328125
4 0.20078125 0.16484375 0.05859375 0.0390625
0 0.20390625 0.33203125 0.05859375 0.05859375
4 0.4984375 0.98125 0.1265625 0.03671875
4 0.94609375 0.7421875 0.05390625 0.03671875
4 0.69765625 0.16328125 0.053125 0.0359375
0 0.9359375 0.58828125 0.078125 0.06328125
4 0.6875 0.2109375 0.07109375 0.03203125
0 0.44375 0.5859375 0.0671875 0.059375
0 0.44375 0.30390625 0.071875 0.06328125
0 0.9421875 0.0390625 0.07734375 0.075
0 0.69375 0.3328125 0.0703125 0.0578125
0 0.94296875 0.3046875 0.065625 0.0640625
0 0.94140625 0.8515625 0.065625 0.06171875
0 0.87109375 0.0375 0.06328125 0.07421875
4 0.8890625 0.2171875 0.1640625 0.025
4 0.90078125 0.2484375 0.14296875 0.02734375
4 0.6453125 0.24921875 0.16484375 0.0265625
4 0.68203125 0.2796875 0.0859375 0.03125
4 0.3796875 0.215625 0.2046875 0.0328125
4 0.43125 0.25 0.096875 0.02578125
4 0.1484375 0.24609375 0.1734375 0.0296875
4 0.1875 0.275 0.09296875 0.03125
2 0.2484375 0.5421875 0.4828125 0.2546875
2 0.50078125 0.803125 0.99140625 0.2453125