2 0.49375 0.496875 0.9875 0.9625
4 0.8890625 0.11875 0.178125 0.1703125
4 0.7125 0.40078125 0.54375 0.1828125
4 0.865625 0.659375 0.11015625 0.1484375
4 0.6640625 0.67265625 0.12890625 0.1390625
4 0.4625 0.634375 0.11171875 0.1296875
4 0.26640625 0.6078125 0.1265625 0.1578125
4 0.06953125 0.58515625 0.12734375 0.1609375
7 0.6875 0.1375 0.196875 0.1578125
1 0.953125 0.653125 0.04375 0.1421875
1 0.76171875 0.67265625 0.05234375 0.1640625
1 0.55234375 0.6484375 0.05 0.1578125
1 0.3609375 0.6375 0.046875 0.1671875
1 0.16484375 0.603125 0.05078125 0.1671875