2 0.87421875 0.74765625 0.2375 0.275
4 0.3296875 0.7671875 0.1109375 0.03515625
4 0.10859375 0.73515625 0.159375 0.04765625
4 0.55546875 0.16015625 0.05859375 0.0375
2 0.2515625 0.2203125 0.48828125 0.2515625
4 0.05234375 0.4203125 0.04453125 0.03671875
2 0.5015625 0.48046875 0.98359375 0.24609375
4 0.8015625 0.68046875 0.05859375 0.04140625
4 0.3046875 0.68515625 0.0578125 0.0375
4 0.55546875 0.68515625 0.06796875 0.04296875
4 0.1796875 0.21484375 0.309375 0.046875
4 0.0546875 0.684375 0.05625 0.03515625
4 0.05625 0.159375 0.05546875 0.0375
4 0.18828125 0.47734375 0.32265625 0.034375
0 0.3015625 0.82578125 0.06328125 0.0640625
0 0.80234375 0.8234375 0.0734375 0.06171875
4 0.5015625 0.95546875 0.13515625 0.05625
0 0.05859375 0.53046875 0.065625 0.059375
0 0.5546875 0.26796875 0.0671875 0.06484375
0 0.1265625 0.0390625 0.06015625 0.0734375
0 0.05625 0.0375 0.0765625 0.0734375
0 0.0546875 0.8265625 0.06875 0.06484375
0 0.05859375 0.2671875 0.071875 0.06328125
0 0.55390625 0.8234375 0.0765625 0.065625
4 0.6765625 0.2140625 0.30546875 0.04609375
4 0.090625 0.77421875 0.134375 0.0296875
4 0.375 0.73671875 0.20234375 0.0375
4 0.62265625 0.7375 0.20234375 0.04140625
4 0.5703125 0.77109375 0.10390625 0.02578125
4 0.86484375 0.73828125 0.1890625 0.03671875
4 0.82734375 0.77265625 0.1171875 0.0234375
2 0.7484375 0.21484375 0.48671875 0.23984375
2 0.12734375 0.75390625 0.23828125 0.27421875
2 0.3765625 0.75234375 0.2375 0.27578125
2 0.6234375 0.75390625 0.24140625 0.27578125