2 0.12578125 0.74765625 0.2375 0.275
4 0.6703125 0.7671875 0.1109375 0.03515625
4 0.89140625 0.73515625 0.159375 0.04765625
4 0.44453125 0.16015625 0.05859375 0.0375
2 0.7484375 0.2203125 0.48828125 0.2515625
4 0.94765625 0.4203125 0.04453125 0.03671875
2 0.4984375 0.48046875 0.98359375 0.24609375
4 0.1984375 0.68046875 0.05859375 0.04140625
4 0.6953125 0.68515625 0.0578125 0.0375
4 0.44453125 0.68515625 0.06796875 0.04296875
4 0.8203125 0.21484375 0.309375 0.046875
4 0.9453125 0.684375 0.05625 0.03515625
4 0.94375 0.159375 0.05546875 0.0375
4 0.81171875 0.47734375 0.32265625 0.034375
0 0.6984375 0.82578125 0.06328125 0.0640625
0 0.19765625 0.8234375 0.0734375 0.06171875
4 0.4984375 0.95546875 0.13515625 0.05625
0 0.94140625 0.53046875 0.065625 0.059375
0 0.4453125 0.26796875 0.0671875 0.06484375
0 0.8734375 0.0390625 0.06015625 0.0734375
0 0.94375 0.0375 0.0765625 0.0734375
0 0.9453125 0.8265625 0.06875 0.06484375
0 0.94140625 0.2671875 0.071875 0.06328125
0 0.44609375 0.8234375 0.0765625 0.065625
4 0.3234375 0.2140625 0.30546875 0.04609375
4 0.909375 0.77421875 0.134375 0.0296875
4 0.625 0.73671875 0.20234375 0.0375
4 0.37734375 0.7375 0.20234375 0.04140625
4 0.4296875 0.77109375 0.10390625 0.02578125
4 0.13515625 0.73828125 0.1890625 0.03671875
4 0.17265625 0.77265625 0.1171875 0.0234375
2 0.2515625 0.21484375 0.48671875 0.23984375
2 0.87265625 0.75390625 0.23828125 0.27421875
2 0.6234375 0.75234375 0.2375 0.27578125
2 0.3765625 0.75390625 0.24140625 0.27578125