2 0.37734375 0.4953125 0.2296875 0.26484375
4 0.7015625 0.42734375 0.04140625 0.0390625
2 0.2515625 0.775 0.48671875 0.24921875
2 0.86796875 0.4921875 0.23671875 0.25390625
4 0.32734375 0.7671875 0.2953125 0.046875
4 0.9171875 0.475 0.10234375 0.02890625
2 0.753125 0.778125 0.4921875 0.26015625
4 0.44453125 0.7109375 0.06796875 0.03515625
4 0.20859375 0.42109375 0.04765625 0.03671875
4 0.8234375 0.7640625 0.3078125 0.04375
4 0.94140625 0.7109375 0.06484375 0.03359375
4 0.45078125 0.4234375 0.05390625 0.0359375
0 0.69921875 0.56796875 0.05703125 0.05859375
4 0.82734375 0.21640625 0.2890625 0.04609375
0 0.196875 0.56484375 0.07421875 0.059375
0 0.446875 0.565625 0.06796875 0.06328125
4 0.94375 0.16484375 0.06015625 0.0390625
4 0.94140625 0.425 0.0609375 0.0375
0 0.93984375 0.565625 0.0703125 0.059375
4 0.49765625 0.95546875 0.13515625 0.05703125
0 0.9375 0.2703125 0.07578125 0.06328125
0 0.94140625 0.82265625 0.071875 0.0625
0 0.94375 0.03984375 0.07734375 0.0734375
0 0.8671875 0.0390625 0.07265625 0.0765625
0 0.79453125 0.03984375 0.06796875 0.075
0 0.4453125 0.8203125 0.06875 0.06484375
4 0.87578125 0.5125 0.1875 0.034375
4 0.63203125 0.48125 0.1828125 0.03359375
4 0.6578125 0.51328125 0.14296875 0.03046875
4 0.38203125 0.47890625 0.19765625 0.03828125
4 0.4234375 0.51015625 0.1171875 0.0328125
4 0.14140625 0.4796875 0.1890625 0.028125
4 0.17109375 0.51015625 0.12421875 0.0359375
2 0.49921875 0.22265625 0.9859375 0.24609375
2 0.62421875 0.4921875 0.2421875 0.26953125
2 0.1296875 0.48984375 0.2390625 0.27109375