2 0.37734375 0.228125 0.240625 0.271875
2 0.8703125 0.22890625 0.25390625 0.27734375
2 0.625 0.2375 0.246875 0.27421875
2 0.13203125 0.23515625 0.23671875 0.2796875
4 0.20625 0.1640625 0.05078125 0.03984375
0 0.20703125 0.31015625 0.05234375 0.06484375
4 0.453125 0.16015625 0.053125 0.03671875
4 0.94140625 0.1640625 0.05859375 0.03515625
4 0.7 0.16328125 0.04765625 0.03671875
0 0.78203125 0.0421875 0.07734375 0.07421875
0 0.86171875 0.0390625 0.07109375 0.07265625
4 0.49765625 0.43515625 0.1359375 0.0609375
0 0.946875 0.30546875 0.0609375 0.0609375
0 0.94375 0.03984375 0.07578125 0.07265625
0 0.44609375 0.30546875 0.07109375 0.065625
0 0.696875 0.03828125 0.08046875 0.07421875
0 0.6921875 0.30546875 0.0703125 0.06328125
4 0.88515625 0.2203125 0.1875 0.03359375
4 0.91640625 0.253125 0.12421875 0.02578125
4 0.64609375 0.21953125 0.16953125 0.03046875
4 0.659375 0.25234375 0.14375 0.034375
4 0.403125 0.21640625 0.153125 0.03125
4 0.41171875 0.2484375 0.14609375 0.0328125
4 0.13984375 0.21875 0.1859375 0.02890625
4 0.17578125 0.24921875 0.1171875 0.03828125