0 0.90859375 0.040625 0.12734375 0.0796875
2 0.61953125 0.5296875 0.23671875 0.25234375
2 0.61953125 0.23125 0.23359375 0.26328125
2 0.86953125 0.53046875 0.2421875 0.27421875
2 0.13046875 0.2296875 0.2328125 0.27890625
4 0.95 0.45859375 0.03671875 0.0375
2 0.375 0.23046875 0.2296875 0.26640625
2 0.86953125 0.23359375 0.2421875 0.2734375
4 0.44765625 0.45546875 0.0640625 0.034375
0 0.2 0.621875 0.07109375 0.0578125
4 0.9421875 0.775 0.05078125 0.02890625
4 0.69609375 0.1640625 0.06171875 0.03203125
4 0.44296875 0.16015625 0.0734375 0.040625
4 0.20859375 0.56875 0.0484375 0.02421875
4 0.8171875 0.82890625 0.3078125 0.040625
0 0.453125 0.5921875 0.05234375 0.06015625
4 0.209375 0.4546875 0.04453125 0.0359375
0 0.203125 0.30625 0.0625 0.0625
4 0.2046875 0.16171875 0.053125 0.0421875
0 0.45 0.3046875 0.06015625 0.06484375
4 0.69609375 0.4515625 0.065625 0.0421875
4 0.9421875 0.1640625 0.05546875 0.04765625
0 0.9421875 0.3046875 0.06796875 0.059375
0 0.9375 0.88125 0.0734375 0.06328125
0 0.69453125 0.590625 0.06640625 0.05859375
0 0.8859375 0.0390625 0.06015625 0.07265625
0 0.94921875 0.59375 0.059375 0.06796875
0 0.69375 0.30546875 0.0671875 0.06171875
0 0.9484375 0.0390625 0.0640625 0.0734375
4 0.88515625 0.21640625 0.171875 0.02890625
4 0.9109375 0.25 0.12734375 0.0296875
4 0.6484375 0.21796875 0.16171875 0.0375
4 0.64453125 0.2515625 0.17578125 0.02890625
4 0.390625 0.21953125 0.17734375 0.03125
4 0.4125 0.2515625 0.14609375 0.03359375
4 0.17578125 0.21953125 0.11328125 0.02734375
4 0.12734375 0.25078125 0.19765625 0.0375
4 0.87734375 0.5078125 0.19375 0.034375
4 0.91015625 0.53984375 0.128125 0.02109375
4 0.65703125 0.51015625 0.14453125 0.02890625
4 0.6375 0.540625 0.18046875 0.0328125
4 0.37578125 0.50546875 0.20546875 0.03515625
4 0.43359375 0.53671875 0.09140625 0.03515625
4 0.2 0.50859375 0.07265625 0.0328125
4 0.13359375 0.5390625 0.2015625 0.03125
2 0.375 0.52265625 0.24296875 0.2671875
2 0.128125 0.53828125 0.23828125 0.2921875
2 0.5 0.83359375 0.98203125 0.24453125