2 0.87265625 0.48515625 0.22109375 0.2765625
4 0.54921875 0.428125 0.05625 0.04296875
4 0.1109375 0.47890625 0.165625 0.03046875
4 0.553125 0.16015625 0.059375 0.04296875
4 0.18125 0.7671875 0.31328125 0.04140625
2 0.25 0.215625 0.4859375 0.2421875
4 0.18671875 0.215625 0.3171875 0.03828125
4 0.30703125 0.421875 0.05859375 0.03515625
4 0.67734375 0.21640625 0.3078125 0.034375
4 0.79609375 0.42421875 0.0578125 0.03359375
0 0.79140625 0.565625 0.05078125 0.05859375
0 0.04921875 0.825 0.0546875 0.059375
4 0.06015625 0.71328125 0.0609375 0.03515625
4 0.0609375 0.4234375 0.06171875 0.03515625
0 0.55234375 0.5640625 0.0703125 0.06484375
4 0.06171875 0.16015625 0.06328125 0.03359375
0 0.0625 0.56171875 0.07265625 0.06328125
0 0.04921875 0.26875 0.05703125 0.06328125
0 0.55703125 0.2671875 0.0703125 0.0609375
0 0.2859375 0.03984375 0.06171875 0.075
0 0.30546875 0.5640625 0.0703125 0.06328125
0 0.05703125 0.0375 0.07578125 0.071875
4 0.5015625 0.95625 0.13671875 0.05234375
0 0.21640625 0.03984375 0.0703125 0.07578125
0 0.1390625 0.03984375 0.07109375 0.075
4 0.09921875 0.50546875 0.14375 0.02265625
4 0.36953125 0.4765625 0.1921875 0.0375
4 0.33828125 0.51015625 0.13046875 0.02578125
4 0.6109375 0.478125 0.1828125 0.0328125
4 0.59375 0.51171875 0.1453125 0.0328125
4 0.821875 0.47890625 0.10546875 0.03125
4 0.8640625 0.5109375 0.196875 0.02734375
2 0.7484375 0.2140625 0.48671875 0.24140625
2 0.13046875 0.49296875 0.2453125 0.2671875
2 0.3765625 0.496875 0.2375 0.2671875
2 0.6265625 0.48984375 0.24375 0.27109375
2 0.50078125 0.77109375 0.98515625 0.22890625