2 0.74921875 0.22265625 0.478125 0.24375
4 0.45078125 0.1578125 0.04296875 0.0359375
4 0.803125 0.2125 0.33984375 0.04609375
4 0.9515625 0.159375 0.03828125 0.0390625
4 0.4984375 0.4046875 0.13359375 0.059375
0 0.73203125 0.0421875 0.075 0.0765625
0 0.94921875 0.03828125 0.06171875 0.07265625
0 0.88046875 0.03984375 0.06953125 0.075
0 0.80703125 0.03984375 0.0703125 0.075
0 0.66015625 0.03984375 0.0640625 0.075
0 0.44296875 0.26640625 0.06953125 0.06328125
0 0.94453125 0.26796875 0.06875 0.06328125
4 0.32265625 0.2171875 0.303125 0.03984375
2 0.2484375 0.21796875 0.48515625 0.2515625