2 0.3765625 0.759375 0.23203125 0.259375
2 0.13359375 0.7546875 0.23359375 0.275
4 0.55546875 0.1640625 0.0609375 0.03828125
2 0.8671875 0.759375 0.23671875 0.27734375
2 0.2484375 0.22109375 0.49296875 0.24140625
4 0.1859375 0.21484375 0.32109375 0.0453125
4 0.55390625 0.684375 0.06328125 0.03515625
4 0.17890625 0.47734375 0.29453125 0.034375
0 0.04765625 0.5328125 0.0546875 0.06171875
4 0.05234375 0.42265625 0.04296875 0.03359375
4 0.79609375 0.68125 0.05234375 0.03828125
4 0.05390625 0.6828125 0.05703125 0.03984375
4 0.0546875 0.15859375 0.04921875 0.03671875
4 0.29765625 0.68203125 0.04453125 0.0375
0 0.5484375 0.82421875 0.0546875 0.06328125
4 0.5015625 0.95546875 0.13515625 0.05625
0 0.80234375 0.82421875 0.075 0.0609375
0 0.55078125 0.26875 0.05859375 0.06171875
0 0.05703125 0.03984375 0.07734375 0.0703125
0 0.1390625 0.03984375 0.0703125 0.07578125
0 0.2078125 0.0390625 0.059375 0.075
0 0.30625 0.825 0.07109375 0.0640625
0 0.05859375 0.26640625 0.07109375 0.0625
0 0.05703125 0.825 0.06953125 0.0609375
4 0.678125 0.215625 0.3046875 0.0453125
4 0.09375 0.7421875 0.13515625 0.03515625
4 0.11015625 0.76953125 0.175 0.03515625
4 0.321875 0.7421875 0.09921875 0.02421875
4 0.37109375 0.775 0.1953125 0.034375
4 0.615625 0.73984375 0.19453125 0.03359375
4 0.5921875 0.77265625 0.14921875 0.0390625
4 0.853125 0.73828125 0.17578125 0.0359375
4 0.83125 0.77265625 0.13828125 0.03984375
2 0.7484375 0.215625 0.48359375 0.25
2 0.4984375 0.4796875 0.99296875 0.2453125
2 0.62265625 0.75078125 0.2359375 0.2734375