2 0.6234375 0.759375 0.23203125 0.259375
2 0.86640625 0.7546875 0.23359375 0.275
4 0.44453125 0.1640625 0.0609375 0.03828125
2 0.1328125 0.759375 0.23671875 0.27734375
2 0.7515625 0.22109375 0.49296875 0.24140625
4 0.8140625 0.21484375 0.32109375 0.0453125
4 0.44609375 0.684375 0.06328125 0.03515625
4 0.82109375 0.47734375 0.29453125 0.034375
0 0.95234375 0.5328125 0.0546875 0.06171875
4 0.94765625 0.42265625 0.04296875 0.03359375
4 0.20390625 0.68125 0.05234375 0.03828125
4 0.94609375 0.6828125 0.05703125 0.03984375
4 0.9453125 0.15859375 0.04921875 0.03671875
4 0.70234375 0.68203125 0.04453125 0.0375
0 0.4515625 0.82421875 0.0546875 0.06328125
4 0.4984375 0.95546875 0.13515625 0.05625
0 0.19765625 0.82421875 0.075 0.0609375
0 0.44921875 0.26875 0.05859375 0.06171875
0 0.94296875 0.03984375 0.07734375 0.0703125
0 0.8609375 0.03984375 0.0703125 0.07578125
0 0.7921875 0.0390625 0.059375 0.075
0 0.69375 0.825 0.07109375 0.0640625
0 0.94140625 0.26640625 0.07109375 0.0625
0 0.94296875 0.825 0.06953125 0.0609375
4 0.321875 0.215625 0.3046875 0.0453125
4 0.90625 0.7421875 0.13515625 0.03515625
4 0.88984375 0.76953125 0.175 0.03515625
4 0.678125 0.7421875 0.09921875 0.02421875
4 0.62890625 0.775 0.1953125 0.034375
4 0.384375 0.73984375 0.19453125 0.03359375
4 0.4078125 0.77265625 0.14921875 0.0390625
4 0.146875 0.73828125 0.17578125 0.0359375
4 0.16875 0.77265625 0.13828125 0.03984375
2 0.2515625 0.215625 0.48359375 0.25
2 0.5015625 0.4796875 0.99296875 0.2453125
2 0.37734375 0.75078125 0.2359375 0.2734375