2 0.87109375 0.490625 0.2359375 0.27890625
2 0.625 0.49375 0.23046875 0.26796875
0 0.16328125 0.0421875 0.14140625 0.08359375
2 0.13125 0.49765625 0.23359375 0.26796875
4 0.18203125 0.21484375 0.3078125 0.04375
4 0.79921875 0.42109375 0.06015625 0.03984375
4 0.55078125 0.42578125 0.05703125 0.03515625
0 0.0484375 0.565625 0.05234375 0.059375
4 0.05234375 0.42421875 0.046875 0.0359375
4 0.3046875 0.42734375 0.0578125 0.0421875
0 0.8015625 0.565625 0.07109375 0.0625
0 0.05234375 0.271875 0.05703125 0.0640625
4 0.05390625 0.16171875 0.05390625 0.04453125
0 0.55234375 0.565625 0.0671875 0.06328125
4 0.5015625 0.69765625 0.13828125 0.05625
0 0.27578125 0.0390625 0.06796875 0.0765625
0 0.20078125 0.0390625 0.06875 0.07578125
0 0.05546875 0.03984375 0.07265625 0.0703125
0 0.128125 0.03984375 0.06484375 0.07578125
0 0.30625 0.56640625 0.06875 0.0625
0 0.35390625 0.040625 0.0765625 0.07734375
4 0.1171875 0.4765625 0.17734375 0.03515625
4 0.09453125 0.51328125 0.13515625 0.03046875
4 0.36875 0.47890625 0.19453125 0.0359375
4 0.328125 0.5125 0.1140625 0.034375
4 0.60078125 0.47578125 0.1703125 0.04375
4 0.59765625 0.51328125 0.1578125 0.03515625
4 0.8671875 0.478125 0.1921875 0.03515625
4 0.83125 0.51328125 0.115625 0.02734375
2 0.4984375 0.22109375 0.98515625 0.2375
2 0.378125 0.49296875 0.23671875 0.27109375