4 0.44453125 0.15703125 0.065625 0.04296875
2 0.7484375 0.21484375 0.4859375 0.234375
4 0.8234375 0.2125 0.30390625 0.0453125
4 0.9453125 0.16015625 0.05234375 0.0359375
4 0.4984375 0.4046875 0.13203125 0.059375
0 0.9421875 0.0390625 0.07734375 0.0703125
0 0.44375 0.2671875 0.06953125 0.06484375
0 0.7921875 0.03984375 0.07890625 0.07578125
0 0.86640625 0.03984375 0.065625 0.07734375
0 0.94453125 0.26796875 0.065625 0.0640625
4 0.3265625 0.21328125 0.296875 0.05
2 0.2484375 0.21796875 0.49140625 0.24140625