2 0.52421875 0.5140625 0.9296875 0.9640625
4 0.559375 0.1359375 0.825 0.08828125
5 0.19453125 0.20859375 0.0640625 0.04453125
4 0.39921875 0.21171875 0.31796875 0.04296875
5 0.184375 0.28828125 0.046875 0.03984375
5 0.340625 0.29140625 0.2109375 0.06328125
5 0.17421875 0.36015625 0.0484375 0.0375
4 0.41484375 0.37578125 0.390625 0.0625
4 0.37421875 0.48046875 0.490625 0.06015625
4 0.3171875 0.57578125 0.3765625 0.05859375
7 0.46640625 0.6453125 0.6859375 0.06953125
4 0.33515625 0.7265625 0.415625 0.05078125
4 0.78359375 0.7421875 0.13359375 0.03671875
7 0.18046875 0.80234375 0.14140625 0.05703125
7 0.40078125 0.809375 0.15390625 0.05859375
7 0.7921875 0.82109375 0.159375 0.05390625
0 0.4046875 0.94921875 0.365625 0.08359375