2 0.47578125 0.5140625 0.9296875 0.9640625
4 0.440625 0.1359375 0.825 0.08828125
5 0.80546875 0.20859375 0.0640625 0.04453125
4 0.60078125 0.21171875 0.31796875 0.04296875
5 0.815625 0.28828125 0.046875 0.03984375
5 0.659375 0.29140625 0.2109375 0.06328125
5 0.82578125 0.36015625 0.0484375 0.0375
4 0.58515625 0.37578125 0.390625 0.0625
4 0.62578125 0.48046875 0.490625 0.06015625
4 0.6828125 0.57578125 0.3765625 0.05859375
7 0.53359375 0.6453125 0.6859375 0.06953125
4 0.66484375 0.7265625 0.415625 0.05078125
4 0.21640625 0.7421875 0.13359375 0.03671875
7 0.81953125 0.80234375 0.14140625 0.05703125
7 0.59921875 0.809375 0.15390625 0.05859375
7 0.2078125 0.82109375 0.159375 0.05390625
0 0.5953125 0.94921875 0.365625 0.08359375