2 0.6234375 0.23046875 0.234375 0.271875
2 0.25078125 0.7734375 0.4796875 0.240625
4 0.67421875 0.771875 0.2953125 0.05234375
4 0.08046875 0.2453125 0.10859375 0.03515625
2 0.37890625 0.225 0.23125 0.2640625
2 0.87109375 0.23984375 0.24140625 0.2734375
2 0.13125 0.22421875 0.23671875 0.2421875
4 0.54921875 0.1640625 0.0515625 0.03984375
4 0.18125 0.5078125 0.3078125 0.034375
4 0.55546875 0.709375 0.0671875 0.040625
4 0.059375 0.453125 0.0609375 0.03515625
4 0.79609375 0.165625 0.0546875 0.03984375
4 0.3078125 0.1640625 0.059375 0.040625
0 0.79921875 0.30625 0.059375 0.0625
0 0.5484375 0.82109375 0.06171875 0.0609375
4 0.06171875 0.709375 0.06640625 0.04140625
4 0.0515625 0.1640625 0.04453125 0.03515625
4 0.50234375 0.95546875 0.13515625 0.05859375
0 0.06171875 0.30546875 0.07578125 0.06328125
0 0.2125 0.04140625 0.06328125 0.07265625
0 0.5515625 0.30546875 0.06640625 0.06171875
0 0.28828125 0.03828125 0.078125 0.071875
0 0.13984375 0.03984375 0.0734375 0.0734375
0 0.30546875 0.3046875 0.0671875 0.0625
0 0.05703125 0.5640625 0.06953125 0.0578125
0 0.05625 0.03984375 0.07734375 0.07265625
0 0.05078125 0.8203125 0.06171875 0.06171875
4 0.1171875 0.21875 0.1765625 0.02890625
4 0.33046875 0.21796875 0.1140625 0.0265625
4 0.37265625 0.25234375 0.1921875 0.03125
4 0.61171875 0.2203125 0.18828125 0.02578125
4 0.578125 0.253125 0.12890625 0.02578125
4 0.85703125 0.21640625 0.1828125 0.0359375
4 0.83984375 0.24921875 0.1421875 0.03828125
4 0.18671875 0.7671875 0.32265625 0.04375
2 0.50078125 0.51015625 0.99609375 0.2390625
2 0.74765625 0.77109375 0.490625 0.25078125