2 0.3765625 0.23046875 0.234375 0.271875
2 0.74921875 0.7734375 0.4796875 0.240625
4 0.32578125 0.771875 0.2953125 0.05234375
4 0.91953125 0.2453125 0.10859375 0.03515625
2 0.62109375 0.225 0.23125 0.2640625
2 0.12890625 0.23984375 0.24140625 0.2734375
2 0.86875 0.22421875 0.23671875 0.2421875
4 0.45078125 0.1640625 0.0515625 0.03984375
4 0.81875 0.5078125 0.3078125 0.034375
4 0.44453125 0.709375 0.0671875 0.040625
4 0.940625 0.453125 0.0609375 0.03515625
4 0.20390625 0.165625 0.0546875 0.03984375
4 0.6921875 0.1640625 0.059375 0.040625
0 0.20078125 0.30625 0.059375 0.0625
0 0.4515625 0.82109375 0.06171875 0.0609375
4 0.93828125 0.709375 0.06640625 0.04140625
4 0.9484375 0.1640625 0.04453125 0.03515625
4 0.49765625 0.95546875 0.13515625 0.05859375
0 0.93828125 0.30546875 0.07578125 0.06328125
0 0.7875 0.04140625 0.06328125 0.07265625
0 0.4484375 0.30546875 0.06640625 0.06171875
0 0.71171875 0.03828125 0.078125 0.071875
0 0.86015625 0.03984375 0.0734375 0.0734375
0 0.69453125 0.3046875 0.0671875 0.0625
0 0.94296875 0.5640625 0.06953125 0.0578125
0 0.94375 0.03984375 0.07734375 0.07265625
0 0.94921875 0.8203125 0.06171875 0.06171875
4 0.8828125 0.21875 0.1765625 0.02890625
4 0.66953125 0.21796875 0.1140625 0.0265625
4 0.62734375 0.25234375 0.1921875 0.03125
4 0.38828125 0.2203125 0.18828125 0.02578125
4 0.421875 0.253125 0.12890625 0.02578125
4 0.14296875 0.21640625 0.1828125 0.0359375
4 0.16015625 0.24921875 0.1421875 0.03828125
4 0.81328125 0.7671875 0.32265625 0.04375
2 0.49921875 0.51015625 0.99609375 0.2390625
2 0.25234375 0.77109375 0.490625 0.25078125