2 0.1296875 0.23984375 0.24296875 0.27734375
2 0.8703125 0.22578125 0.2390625 0.2484375
2 0.74921875 0.77265625 0.4890625 0.228125
4 0.1984375 0.1609375 0.075 0.04140625
2 0.37421875 0.234375 0.23203125 0.26328125
4 0.3078125 0.76953125 0.32734375 0.0421875
2 0.6234375 0.2296875 0.2328125 0.2671875
4 0.44765625 0.16328125 0.0625 0.03828125
4 0.834375 0.7703125 0.275 0.0515625
4 0.81328125 0.5046875 0.35234375 0.0625
4 0.4453125 0.70859375 0.0671875 0.04453125
4 0.9453125 0.453125 0.0515625 0.0296875
0 0.20703125 0.3046875 0.053125 0.0578125
4 0.9390625 0.71015625 0.059375 0.03984375
4 0.69140625 0.16484375 0.0578125 0.0453125
0 0.4515625 0.30625 0.05546875 0.06484375
4 0.93828125 0.1640625 0.06015625 0.0359375
4 0.49765625 0.9546875 0.13515625 0.059375
0 0.93828125 0.56328125 0.06953125 0.05859375
0 0.8609375 0.03984375 0.07421875 0.071875
0 0.78671875 0.03984375 0.065625 0.07109375
0 0.93984375 0.8203125 0.06875 0.0625
0 0.94296875 0.0390625 0.0765625 0.07109375
0 0.9421875 0.3046875 0.06953125 0.06015625
0 0.44453125 0.8203125 0.0703125 0.06328125
0 0.6953125 0.3046875 0.0671875 0.06484375
4 0.871875 0.22265625 0.19921875 0.03125
4 0.91328125 0.25 0.125 0.03125
4 0.66171875 0.2203125 0.13515625 0.0359375
4 0.634375 0.25390625 0.18671875 0.03828125
4 0.409375 0.21875 0.14140625 0.0296875
4 0.39296875 0.253125 0.171875 0.025
4 0.1453125 0.221875 0.17890625 0.0328125
4 0.15859375 0.25078125 0.14765625 0.0328125
2 0.49453125 0.51015625 0.97421875 0.23515625
2 0.2515625 0.7671875 0.47734375 0.2328125