2 0.1296875 0.4921875 0.23359375 0.25703125
0 0.21171875 0.04296875 0.134375 0.084375
4 0.55078125 0.709375 0.05 0.040625
2 0.2515625 0.7734375 0.48984375 0.24921875
2 0.8734375 0.48984375 0.2390625 0.265625
4 0.17890625 0.765625 0.31328125 0.0609375
2 0.4984375 0.21875 0.9765625 0.24453125
4 0.6828125 0.7703125 0.31484375 0.03828125
4 0.07734375 0.5078125 0.10625 0.03671875
4 0.2 0.22109375 0.33984375 0.0453125
4 0.55234375 0.42109375 0.0546875 0.0375
4 0.8 0.4234375 0.06640625 0.0453125
0 0.5484375 0.56796875 0.05703125 0.06015625
4 0.05703125 0.71015625 0.06328125 0.03515625
0 0.80234375 0.5640625 0.0703125 0.0625
0 0.3 0.56796875 0.0578125 0.06015625
4 0.05859375 0.42578125 0.0578125 0.0328125
4 0.50234375 0.95546875 0.13515625 0.05703125
0 0.04921875 0.03984375 0.0546875 0.07421875
0 0.06015625 0.565625 0.071875 0.06015625
4 0.05078125 0.1625 0.04609375 0.0390625
0 0.059375 0.2703125 0.07109375 0.059375
0 0.1109375 0.04140625 0.06015625 0.07265625
4 0.31171875 0.4234375 0.06796875 0.0359375
0 0.246875 0.03984375 0.06484375 0.078125
0 0.05078125 0.821875 0.0640625 0.0625
0 0.31875 0.03984375 0.07421875 0.075
0 0.55390625 0.82109375 0.0703125 0.0625
0 0.1765625 0.03984375 0.0671875 0.07578125
4 0.12890625 0.4796875 0.2078125 0.03828125
4 0.3734375 0.48203125 0.20078125 0.03515625
4 0.3296875 0.5140625 0.11796875 0.02890625
4 0.60390625 0.48125 0.171875 0.03125
4 0.5875 0.5140625 0.1359375 0.03359375
4 0.8328125 0.48046875 0.13046875 0.03515625
4 0.8671875 0.51171875 0.19140625 0.0359375
2 0.74765625 0.76875 0.4796875 0.23828125
2 0.37734375 0.49453125 0.23671875 0.26484375
2 0.62265625 0.49140625 0.23203125 0.2609375