2 0.74921875 0.51015625 0.496875 0.24453125
4 0.546875 0.44609375 0.0421875 0.046875
2 0.24921875 0.509375 0.4890625 0.240625
2 0.37265625 0.23671875 0.2390625 0.26328125
2 0.62578125 0.23046875 0.2328125 0.26171875
4 0.6734375 0.50859375 0.296875 0.04921875
4 0.18515625 0.50546875 0.32109375 0.05078125
2 0.1296875 0.2359375 0.23125 0.259375
4 0.05703125 0.45 0.05078125 0.0328125
4 0.54921875 0.16171875 0.05546875 0.034375
0 0.79765625 0.30546875 0.0640625 0.06015625
4 0.3015625 0.16328125 0.0578125 0.03671875
4 0.7984375 0.1609375 0.059375 0.03828125
0 0.3015625 0.30625 0.0578125 0.06171875
0 0.5515625 0.30625 0.065625 0.06171875
0 0.05859375 0.825 0.07109375 0.06640625
4 0.05390625 0.1640625 0.0515625 0.046875
0 0.55703125 0.55625 0.07578125 0.0640625
4 0.5015625 0.95625 0.13671875 0.05078125
0 0.19296875 0.040625 0.06015625 0.075
0 0.05078125 0.56015625 0.0609375 0.05859375
0 0.26953125 0.040625 0.0828125 0.07265625
0 0.05546875 0.03828125 0.071875 0.07109375
0 0.0546875 0.30625 0.06171875 0.059375
0 0.12734375 0.03984375 0.0671875 0.075
4 0.11640625 0.22265625 0.18046875 0.02890625
4 0.09296875 0.25078125 0.13671875 0.03046875
4 0.34375 0.21796875 0.1359375 0.028125
4 0.3546875 0.2515625 0.1625 0.0359375
4 0.5890625 0.2203125 0.1390625 0.0359375
4 0.61171875 0.25390625 0.18515625 0.02734375
4 0.86953125 0.21796875 0.2046875 0.03515625
4 0.82421875 0.25234375 0.11484375 0.03125
4 0.18046875 0.7703125 0.3140625 0.0296875
4 0.05625 0.72265625 0.05546875 0.05
2 0.8703125 0.23046875 0.2359375 0.26328125
2 0.5 0.76953125 0.978125 0.23515625