2 0.6171875 0.23359375 0.2328125 0.25703125
2 0.13125 0.23125 0.23203125 0.27578125
4 0.65 0.22109375 0.14921875 0.02734375
2 0.86875 0.2296875 0.23203125 0.2640625
4 0.8125 0.51015625 0.31484375 0.03984375
4 0.44765625 0.1625 0.059375 0.034375
4 0.93984375 0.45234375 0.0640625 0.0328125
4 0.20625 0.16328125 0.05 0.03828125
4 0.69609375 0.1640625 0.05234375 0.0421875
0 0.19453125 0.303125 0.078125 0.05859375
0 0.87734375 0.0390625 0.06640625 0.075
0 0.8 0.03828125 0.06796875 0.0734375
4 0.946875 0.16484375 0.05 0.03515625
0 0.94765625 0.30625 0.05859375 0.0640625
0 0.7265625 0.03984375 0.071875 0.075
4 0.49765625 0.696875 0.1359375 0.05390625
0 0.4453125 0.3046875 0.0703125 0.0625
0 0.94765625 0.0390625 0.06640625 0.07265625
0 0.94296875 0.5640625 0.07109375 0.06484375
0 0.69453125 0.3046875 0.06484375 0.06484375
0 0.6453125 0.0390625 0.07890625 0.07421875
4 0.9109375 0.21953125 0.12109375 0.03046875
4 0.88515625 0.2546875 0.17421875 0.0390625
4 0.64609375 0.25078125 0.15703125 0.025
4 0.39765625 0.2203125 0.1640625 0.02578125
4 0.40234375 0.24765625 0.159375 0.03359375
4 0.1578125 0.21875 0.1484375 0.02578125
4 0.14765625 0.253125 0.1703125 0.03671875
2 0.37890625 0.22890625 0.2359375 0.25390625
2 0.4984375 0.5109375 0.98046875 0.23828125