2 0.3828125 0.23359375 0.2328125 0.25703125
2 0.86875 0.23125 0.23203125 0.27578125
4 0.35 0.22109375 0.14921875 0.02734375
2 0.13125 0.2296875 0.23203125 0.2640625
4 0.1875 0.51015625 0.31484375 0.03984375
4 0.55234375 0.1625 0.059375 0.034375
4 0.06015625 0.45234375 0.0640625 0.0328125
4 0.79375 0.16328125 0.05 0.03828125
4 0.30390625 0.1640625 0.05234375 0.0421875
0 0.80546875 0.303125 0.078125 0.05859375
0 0.12265625 0.0390625 0.06640625 0.075
0 0.2 0.03828125 0.06796875 0.0734375
4 0.053125 0.16484375 0.05 0.03515625
0 0.05234375 0.30625 0.05859375 0.0640625
0 0.2734375 0.03984375 0.071875 0.075
4 0.50234375 0.696875 0.1359375 0.05390625
0 0.5546875 0.3046875 0.0703125 0.0625
0 0.05234375 0.0390625 0.06640625 0.07265625
0 0.05703125 0.5640625 0.07109375 0.06484375
0 0.30546875 0.3046875 0.06484375 0.06484375
0 0.3546875 0.0390625 0.07890625 0.07421875
4 0.0890625 0.21953125 0.12109375 0.03046875
4 0.11484375 0.2546875 0.17421875 0.0390625
4 0.35390625 0.25078125 0.15703125 0.025
4 0.60234375 0.2203125 0.1640625 0.02578125
4 0.59765625 0.24765625 0.159375 0.03359375
4 0.8421875 0.21875 0.1484375 0.02578125
4 0.85234375 0.253125 0.1703125 0.03671875
2 0.62109375 0.22890625 0.2359375 0.25390625
2 0.5015625 0.5109375 0.98046875 0.23828125