2 0.49921875 0.40078125 0.95859375 0.69296875
4 0.16953125 0.1265625 0.27421875 0.078125
4 0.12265625 0.46796875 0.13046875 0.04140625
4 0.3453125 0.4578125 0.13828125 0.04609375
4 0.56875 0.4625 0.14140625 0.05859375
4 0.11484375 0.52578125 0.12734375 0.084375
4 0.334375 0.528125 0.12265625 0.084375
4 0.5625 0.5328125 0.14140625 0.08203125
4 0.1203125 0.59375 0.115625 0.0515625
4 0.3359375 0.596875 0.128125 0.04609375
4 0.57265625 0.59765625 0.12265625 0.04609375
0 0.125 0.66796875 0.16484375 0.08046875
0 0.34140625 0.66640625 0.19375 0.078125
0 0.57421875 0.665625 0.19921875 0.07890625
0 0.83125 0.10703125 0.12265625 0.06953125
7 0.67421875 0.103125 0.20234375 0.0625