2 0.2484375 0.475 0.48671875 0.2375
2 0.87109375 0.75546875 0.24140625 0.2734375
4 0.10859375 0.77109375 0.15703125 0.03515625
2 0.75 0.47890625 0.47734375 0.24140625
4 0.5484375 0.4203125 0.04765625 0.03359375
2 0.503125 0.21875 0.984375 0.23359375
2 0.1265625 0.75546875 0.23984375 0.26015625
4 0.29921875 0.684375 0.04921875 0.03515625
4 0.79921875 0.684375 0.06328125 0.0375
4 0.671875 0.47890625 0.29609375 0.0515625
4 0.5484375 0.6796875 0.05390625 0.040625
4 0.05703125 0.16015625 0.06015625 0.03671875
4 0.059375 0.4203125 0.0640625 0.034375
4 0.178125 0.2125 0.309375 0.06171875
0 0.55 0.825 0.05703125 0.06484375
4 0.184375 0.4765625 0.31328125 0.03828125
4 0.05703125 0.68359375 0.0578125 0.03828125
0 0.79609375 0.82578125 0.05859375 0.059375
0 0.0625 0.825 0.0796875 0.0609375
0 0.309375 0.82421875 0.0734375 0.06171875
4 0.5015625 0.95546875 0.13515625 0.05859375
0 0.5578125 0.52734375 0.07109375 0.059375
0 0.04921875 0.03984375 0.0546875 0.07421875
0 0.06328125 0.2734375 0.0765625 0.06484375
0 0.1171875 0.04140625 0.07421875 0.075
0 0.059375 0.528125 0.06953125 0.0625
0 0.190625 0.040625 0.06328125 0.07421875
4 0.1109375 0.734375 0.171875 0.03515625
4 0.35078125 0.73828125 0.1484375 0.0296875
4 0.35859375 0.76640625 0.16640625 0.0375
4 0.6203125 0.73828125 0.19921875 0.0328125
4 0.58125 0.76640625 0.13046875 0.03046875
4 0.83671875 0.740625 0.1359375 0.02734375
4 0.85234375 0.76796875 0.1765625 0.0375
2 0.37734375 0.75078125 0.2390625 0.26875
2 0.6234375 0.75234375 0.2359375 0.265625
2 0.73203125 0.93046875 0.02890625 0.0046875