2 0.37578125 0.75234375 0.234375 0.265625
2 0.253125 0.48359375 0.49453125 0.24765625
2 0.871875 0.7546875 0.225 0.2875
2 0.49921875 0.225 0.97890625 0.2453125
4 0.68125 0.47578125 0.31328125 0.04375
4 0.30625 0.68359375 0.0640625 0.03515625
4 0.553125 0.4203125 0.0578125 0.03984375
4 0.79921875 0.68046875 0.059375 0.04453125
0 0.546875 0.5296875 0.05390625 0.0609375
4 0.55234375 0.68203125 0.06015625 0.04296875
4 0.18046875 0.2140625 0.32109375 0.06484375
0 0.3 0.828125 0.05703125 0.05859375
4 0.05625 0.684375 0.0578125 0.04296875
4 0.05546875 0.1609375 0.053125 0.03828125
0 0.55078125 0.82734375 0.06640625 0.06875
4 0.06171875 0.41953125 0.05703125 0.0328125
4 0.1828125 0.47734375 0.321875 0.03671875
4 0.5015625 0.9546875 0.134375 0.0578125
0 0.05859375 0.0390625 0.07890625 0.07421875
0 0.80546875 0.82265625 0.07578125 0.05703125
0 0.14375 0.040625 0.08203125 0.0765625
0 0.0609375 0.825 0.06953125 0.05703125
0 0.0578125 0.271875 0.06640625 0.05859375
0 0.0625 0.52734375 0.07421875 0.06171875
4 0.1203125 0.7390625 0.184375 0.034375
4 0.09765625 0.77421875 0.153125 0.0328125
4 0.35859375 0.7390625 0.17421875 0.028125
4 0.35 0.77265625 0.15703125 0.02890625
4 0.609375 0.740625 0.178125 0.03515625
4 0.58515625 0.7703125 0.13046875 0.025
4 0.86015625 0.7375 0.190625 0.03125
4 0.82890625 0.7671875 0.13359375 0.0328125
2 0.74921875 0.4765625 0.47890625 0.23515625
2 0.128125 0.75 0.23359375 0.2640625
2 0.625 0.753125 0.234375 0.26953125