2 0.13359375 0.7546875 0.23046875 0.2796875
2 0.5015625 0.2296875 0.98125 0.2671875
2 0.3765625 0.753125 0.2453125 0.26484375
4 0.30234375 0.68125 0.05859375 0.03984375
4 0.55859375 0.684375 0.06953125 0.03515625
4 0.19609375 0.21484375 0.36171875 0.07265625
4 0.55546875 0.4171875 0.065625 0.03671875
4 0.053125 0.4203125 0.05234375 0.03828125
4 0.796875 0.68359375 0.053125 0.0375
0 0.54765625 0.825 0.05390625 0.0640625
4 0.69609375 0.471875 0.3609375 0.075
4 0.05703125 0.16328125 0.06484375 0.04453125
4 0.1953125 0.475 0.36328125 0.059375
0 0.80078125 0.8234375 0.07109375 0.0671875
4 0.0625 0.6828125 0.0640625 0.0390625
4 0.5015625 0.9546875 0.13515625 0.0578125
0 0.275 0.03984375 0.071875 0.078125
0 0.55859375 0.52890625 0.07265625 0.0609375
0 0.06328125 0.27109375 0.0734375 0.06484375
0 0.30703125 0.82421875 0.0703125 0.06171875
0 0.05625 0.528125 0.06796875 0.06015625
0 0.19609375 0.040625 0.07421875 0.07578125
0 0.05546875 0.0390625 0.071875 0.07109375
0 0.12578125 0.03984375 0.0640625 0.075
0 0.3453125 0.040625 0.065625 0.07734375
0 0.0578125 0.825 0.06953125 0.05859375
2 0.25 0.4796875 0.48515625 0.24140625
2 0.74453125 0.47890625 0.48515625 0.23125
4 0.11015625 0.73984375 0.1703125 0.03984375
4 0.08828125 0.775 0.128125 0.02578125
4 0.35546875 0.7390625 0.1734375 0.04140625
4 0.346875 0.7703125 0.1546875 0.03515625
4 0.61015625 0.73828125 0.1796875 0.04296875
4 0.57734375 0.77109375 0.1140625 0.02109375
4 0.86484375 0.7390625 0.19609375 0.0375
4 0.82421875 0.7703125 0.1171875 0.0296875
2 0.62421875 0.75078125 0.23359375 0.26484375
2 0.87109375 0.75546875 0.2390625 0.2703125