4 0.81953125 0.76640625 0.303125 0.0453125
2 0.12890625 0.23359375 0.2359375 0.2703125
2 0.49921875 0.5125 0.9828125 0.24296875
2 0.61875 0.23203125 0.23125 0.2609375
2 0.375 0.23359375 0.23046875 0.271875
4 0.3140625 0.7703125 0.3203125 0.05390625
4 0.19921875 0.16171875 0.0609375 0.03515625
4 0.446875 0.70703125 0.0640625 0.04296875
4 0.45234375 0.159375 0.05546875 0.040625
2 0.86953125 0.22421875 0.2375 0.24921875
0 0.45 0.82109375 0.04921875 0.059375
4 0.81953125 0.5078125 0.3046875 0.034375
4 0.6921875 0.16484375 0.0625 0.0328125
0 0.45859375 0.30546875 0.04921875 0.0640625
4 0.94375 0.71015625 0.05234375 0.0359375
0 0.7 0.30703125 0.05703125 0.05859375
0 0.20390625 0.30625 0.059375 0.06015625
4 0.9359375 0.453125 0.0734375 0.03828125
4 0.946875 0.1609375 0.04921875 0.03515625
0 0.9359375 0.56328125 0.07265625 0.0578125
4 0.49765625 0.95546875 0.13515625 0.05859375
0 0.95078125 0.821875 0.06171875 0.0625
0 0.94375 0.30625 0.0640625 0.0609375
0 0.94453125 0.0390625 0.071875 0.0703125
0 0.79765625 0.0375 0.05546875 0.07421875
0 0.86796875 0.0390625 0.07578125 0.075
4 0.88671875 0.21796875 0.17109375 0.034375
4 0.91171875 0.25 0.11875 0.0359375
4 0.64296875 0.21875 0.1671875 0.0296875
4 0.6484375 0.2484375 0.16328125 0.0328125
4 0.3828125 0.21875 0.19140625 0.0328125
4 0.41875 0.253125 0.11796875 0.0328125
4 0.14296875 0.22109375 0.17734375 0.028125
4 0.1625 0.25 0.1421875 0.0328125
2 0.7484375 0.771875 0.4859375 0.2453125
2 0.25234375 0.77109375 0.47578125 0.24375