4 0.18046875 0.76640625 0.303125 0.0453125
2 0.87109375 0.23359375 0.2359375 0.2703125
2 0.50078125 0.5125 0.9828125 0.24296875
2 0.38125 0.23203125 0.23125 0.2609375
2 0.625 0.23359375 0.23046875 0.271875
4 0.6859375 0.7703125 0.3203125 0.05390625
4 0.80078125 0.16171875 0.0609375 0.03515625
4 0.553125 0.70703125 0.0640625 0.04296875
4 0.54765625 0.159375 0.05546875 0.040625
2 0.13046875 0.22421875 0.2375 0.24921875
0 0.55 0.82109375 0.04921875 0.059375
4 0.18046875 0.5078125 0.3046875 0.034375
4 0.3078125 0.16484375 0.0625 0.0328125
0 0.54140625 0.30546875 0.04921875 0.0640625
4 0.05625 0.71015625 0.05234375 0.0359375
0 0.3 0.30703125 0.05703125 0.05859375
0 0.79609375 0.30625 0.059375 0.06015625
4 0.0640625 0.453125 0.0734375 0.03828125
4 0.053125 0.1609375 0.04921875 0.03515625
0 0.0640625 0.56328125 0.07265625 0.0578125
4 0.50234375 0.95546875 0.13515625 0.05859375
0 0.04921875 0.821875 0.06171875 0.0625
0 0.05625 0.30625 0.0640625 0.0609375
0 0.05546875 0.0390625 0.071875 0.0703125
0 0.20234375 0.0375 0.05546875 0.07421875
0 0.13203125 0.0390625 0.07578125 0.075
4 0.11328125 0.21796875 0.17109375 0.034375
4 0.08828125 0.25 0.11875 0.0359375
4 0.35703125 0.21875 0.1671875 0.0296875
4 0.3515625 0.2484375 0.16328125 0.0328125
4 0.6171875 0.21875 0.19140625 0.0328125
4 0.58125 0.253125 0.11796875 0.0328125
4 0.85703125 0.22109375 0.17734375 0.028125
4 0.8375 0.25 0.1421875 0.0328125
2 0.2515625 0.771875 0.4859375 0.2453125
2 0.74765625 0.77109375 0.47578125 0.24375