2 0.5 0.49453125 0.99609375 0.971875
4 0.515625 0.109375 0.36640625 0.13359375
4 0.44609375 0.2625 0.64140625 0.075
4 0.47734375 0.37109375 0.43046875 0.0890625
4 0.49375 0.465625 0.16640625 0.0875
4 0.78359375 0.75390625 0.14609375 0.046875
4 0.5296875 0.73203125 0.14453125 0.05546875
4 0.265625 0.71171875 0.19375 0.0484375
4 0.77109375 0.81171875 0.16484375 0.05390625
4 0.5171875 0.78828125 0.16796875 0.0515625
4 0.26015625 0.7671875 0.20546875 0.04609375
4 0.7703125 0.909375 0.16953125 0.103125
4 0.5234375 0.88671875 0.184375 0.13203125
4 0.26171875 0.8609375 0.19921875 0.1390625
3 0.79765625 0.628125 0.11875 0.16640625
3 0.56484375 0.61328125 0.121875 0.159375
3 0.30546875 0.58828125 0.121875 0.16796875