2 0.75546875 0.2171875 0.48828125 0.23984375
4 0.315625 0.21171875 0.3171875 0.0453125
4 0.4421875 0.15625 0.06640625 0.0390625
4 0.82734375 0.73046875 0.31953125 0.06015625
4 0.9453125 0.4234375 0.05390625 0.040625
4 0.93828125 0.68125 0.0609375 0.03671875
4 0.82421875 0.4734375 0.3203125 0.059375
4 0.8125 0.21875 0.32421875 0.04921875
4 0.940625 0.16015625 0.059375 0.03828125
4 0.49921875 0.92578125 0.13671875 0.05078125
0 0.86171875 0.040625 0.0703125 0.075
0 0.94296875 0.0390625 0.0765625 0.07109375
0 0.9390625 0.7921875 0.071875 0.0609375
0 0.4453125 0.2671875 0.06640625 0.0625
0 0.93515625 0.26640625 0.075 0.06484375
0 0.93671875 0.53203125 0.07265625 0.0625
0 0.7921875 0.040625 0.06015625 0.0765625
2 0.25078125 0.21796875 0.4796875 0.24140625
2 0.5015625 0.48046875 0.98046875 0.23984375
2 0.49921875 0.74453125 0.9828125 0.23515625