2 0.24765625 0.76484375 0.48359375 0.24140625
2 0.38046875 0.23125 0.23359375 0.2625
2 0.13125 0.23046875 0.2328125 0.26796875
2 0.8703125 0.225 0.22265625 0.284375
4 0.67734375 0.765625 0.30546875 0.04921875
2 0.6234375 0.23046875 0.23046875 0.2609375
4 0.18359375 0.7703125 0.321875 0.040625
4 0.5515625 0.7078125 0.06171875 0.04453125
4 0.18828125 0.5078125 0.32109375 0.03046875
0 0.8 0.30390625 0.06953125 0.06484375
4 0.05859375 0.7109375 0.059375 0.03359375
4 0.3046875 0.1640625 0.0546875 0.04375
4 0.05859375 0.16328125 0.059375 0.03515625
0 0.559375 0.8203125 0.07265625 0.06171875
0 0.55234375 0.3046875 0.0671875 0.06484375
4 0.0625 0.4546875 0.06953125 0.03359375
4 0.50234375 0.95546875 0.13515625 0.05859375
0 0.11953125 0.040625 0.06953125 0.075
0 0.05 0.0390625 0.0625 0.0734375
0 0.1890625 0.03984375 0.0609375 0.0703125
0 0.2640625 0.03828125 0.07890625 0.075
0 0.30703125 0.3046875 0.06875 0.06015625
0 0.05859375 0.5625 0.06796875 0.05859375
0 0.0546875 0.30625 0.06171875 0.0625
0 0.05703125 0.8203125 0.06796875 0.06015625
4 0.11640625 0.2171875 0.17734375 0.03671875
4 0.09609375 0.25390625 0.1359375 0.028125
4 0.34140625 0.2171875 0.1359375 0.03515625
4 0.34765625 0.25 0.14765625 0.0328125
4 0.5546875 0.171875 0.0609375 0.04609375
4 0.60703125 0.2203125 0.16875 0.0296875
4 0.58828125 0.25390625 0.14140625 0.03125
4 0.78828125 0.1734375 0.04765625 0.05
4 0.86796875 0.21796875 0.1953125 0.028125
4 0.81796875 0.25 0.1 0.03828125
2 0.5015625 0.51171875 0.97734375 0.2296875
2 0.7484375 0.76875 0.48125 0.2484375