2 0.75234375 0.76484375 0.48359375 0.24140625
2 0.61953125 0.23125 0.23359375 0.2625
2 0.86875 0.23046875 0.2328125 0.26796875
2 0.1296875 0.225 0.22265625 0.284375
4 0.32265625 0.765625 0.30546875 0.04921875
2 0.3765625 0.23046875 0.23046875 0.2609375
4 0.81640625 0.7703125 0.321875 0.040625
4 0.4484375 0.7078125 0.06171875 0.04453125
4 0.81171875 0.5078125 0.32109375 0.03046875
0 0.2 0.30390625 0.06953125 0.06484375
4 0.94140625 0.7109375 0.059375 0.03359375
4 0.6953125 0.1640625 0.0546875 0.04375
4 0.94140625 0.16328125 0.059375 0.03515625
0 0.440625 0.8203125 0.07265625 0.06171875
0 0.44765625 0.3046875 0.0671875 0.06484375
4 0.9375 0.4546875 0.06953125 0.03359375
4 0.49765625 0.95546875 0.13515625 0.05859375
0 0.88046875 0.040625 0.06953125 0.075
0 0.95 0.0390625 0.0625 0.0734375
0 0.8109375 0.03984375 0.0609375 0.0703125
0 0.7359375 0.03828125 0.07890625 0.075
0 0.69296875 0.3046875 0.06875 0.06015625
0 0.94140625 0.5625 0.06796875 0.05859375
0 0.9453125 0.30625 0.06171875 0.0625
0 0.94296875 0.8203125 0.06796875 0.06015625
4 0.88359375 0.2171875 0.17734375 0.03671875
4 0.90390625 0.25390625 0.1359375 0.028125
4 0.65859375 0.2171875 0.1359375 0.03515625
4 0.65234375 0.25 0.14765625 0.0328125
4 0.4453125 0.171875 0.0609375 0.04609375
4 0.39296875 0.2203125 0.16875 0.0296875
4 0.41171875 0.25390625 0.14140625 0.03125
4 0.21171875 0.1734375 0.04765625 0.05
4 0.13203125 0.21796875 0.1953125 0.028125
4 0.18203125 0.25 0.1 0.03828125
2 0.4984375 0.51171875 0.97734375 0.2296875
2 0.2515625 0.76875 0.48125 0.2484375