4 0.8203125 0.50234375 0.30546875 0.03203125
2 0.61796875 0.2296875 0.23046875 0.26328125
2 0.75 0.5109375 0.48359375 0.2453125
2 0.37578125 0.2296875 0.2296875 0.2640625
2 0.134375 0.2265625 0.23984375 0.27890625
2 0.86796875 0.23125 0.23203125 0.2609375
4 0.70703125 0.16484375 0.0328125 0.028125
4 0.4453125 0.446875 0.06796875 0.0359375
4 0.94453125 0.4484375 0.05234375 0.0296875
4 0.46015625 0.1625 0.03984375 0.03984375
4 0.20625 0.16171875 0.04921875 0.0421875
0 0.20859375 0.3078125 0.05078125 0.06171875
0 0.4453125 0.30390625 0.0703125 0.0625
4 0.49921875 0.6953125 0.1328125 0.0609375
0 0.940625 0.30390625 0.071875 0.06171875
0 0.69296875 0.30390625 0.06640625 0.059375
4 0.9359375 0.1625 0.065625 0.03828125
0 0.94375 0.040625 0.0765625 0.07421875
0 0.44453125 0.55703125 0.07265625 0.0609375
0 0.865625 0.0390625 0.07578125 0.07578125
0 0.9453125 0.5578125 0.0703125 0.06484375
4 0.9140625 0.21875 0.11953125 0.02578125
4 0.88203125 0.253125 0.190625 0.03671875
4 0.63515625 0.21953125 0.1859375 0.03515625
4 0.65859375 0.246875 0.13828125 0.03203125
4 0.41640625 0.21796875 0.12421875 0.03125
4 0.390625 0.25078125 0.1765625 0.03046875
4 0.1328125 0.2203125 0.19765625 0.0328125
4 0.1828125 0.253125 0.0984375 0.02890625
4 0.3265625 0.50625 0.30546875 0.04140625
2 0.2515625 0.509375 0.4765625 0.240625