4 0.4453125 0.1578125 0.0546875 0.03515625
2 0.8703125 0.75625 0.23671875 0.27109375
4 0.6859375 0.76640625 0.0765625 0.03046875
4 0.325 0.21875 0.30703125 0.046875
4 0.9171875 0.76484375 0.11328125 0.03671875
2 0.13125 0.75078125 0.2421875 0.265625
2 0.75 0.21484375 0.4859375 0.240625
4 0.1984375 0.68203125 0.05703125 0.03671875
4 0.8125 0.2140625 0.3546875 0.06015625
4 0.45234375 0.68203125 0.053125 0.0375
4 0.696875 0.68125 0.0609375 0.03984375
4 0.94375 0.6875 0.04765625 0.04375
4 0.94453125 0.15859375 0.0546875 0.0390625
4 0.94140625 0.42109375 0.06484375 0.03828125
0 0.2015625 0.825 0.0609375 0.06484375
4 0.8234375 0.475 0.30234375 0.0375
4 0.4984375 0.95546875 0.13515625 0.05703125
0 0.9421875 0.03984375 0.07890625 0.07421875
0 0.446875 0.825 0.0703125 0.06484375
0 0.4421875 0.2671875 0.06875 0.06171875
0 0.93671875 0.53203125 0.07109375 0.06171875
0 0.94296875 0.82421875 0.065625 0.05625
0 0.8578125 0.0390625 0.0796875 0.07578125
0 0.69140625 0.825 0.07109375 0.05859375
0 0.94375 0.26640625 0.0640625 0.0609375
4 0.87109375 0.7390625 0.19921875 0.03515625
4 0.62734375 0.73671875 0.19921875 0.03984375
4 0.39296875 0.73984375 0.1734375 0.0328125
4 0.41484375 0.77265625 0.12890625 0.0328125
4 0.14453125 0.73203125 0.18359375 0.034375
4 0.16640625 0.765625 0.134375 0.03515625
2 0.25078125 0.21640625 0.47890625 0.2359375
2 0.49765625 0.478125 0.98203125 0.23203125
2 0.621875 0.75234375 0.24453125 0.265625
2 0.375 0.75234375 0.24140625 0.26875