4 0.5546875 0.1578125 0.0546875 0.03515625
2 0.1296875 0.75625 0.23671875 0.27109375
4 0.3140625 0.76640625 0.0765625 0.03046875
4 0.675 0.21875 0.30703125 0.046875
4 0.0828125 0.76484375 0.11328125 0.03671875
2 0.86875 0.75078125 0.2421875 0.265625
2 0.25 0.21484375 0.4859375 0.240625
4 0.8015625 0.68203125 0.05703125 0.03671875
4 0.1875 0.2140625 0.3546875 0.06015625
4 0.54765625 0.68203125 0.053125 0.0375
4 0.303125 0.68125 0.0609375 0.03984375
4 0.05625 0.6875 0.04765625 0.04375
4 0.05546875 0.15859375 0.0546875 0.0390625
4 0.05859375 0.42109375 0.06484375 0.03828125
0 0.7984375 0.825 0.0609375 0.06484375
4 0.1765625 0.475 0.30234375 0.0375
4 0.5015625 0.95546875 0.13515625 0.05703125
0 0.0578125 0.03984375 0.07890625 0.07421875
0 0.553125 0.825 0.0703125 0.06484375
0 0.5578125 0.2671875 0.06875 0.06171875
0 0.06328125 0.53203125 0.07109375 0.06171875
0 0.05703125 0.82421875 0.065625 0.05625
0 0.1421875 0.0390625 0.0796875 0.07578125
0 0.30859375 0.825 0.07109375 0.05859375
0 0.05625 0.26640625 0.0640625 0.0609375
4 0.12890625 0.7390625 0.19921875 0.03515625
4 0.37265625 0.73671875 0.19921875 0.03984375
4 0.60703125 0.73984375 0.1734375 0.0328125
4 0.58515625 0.77265625 0.12890625 0.0328125
4 0.85546875 0.73203125 0.18359375 0.034375
4 0.83359375 0.765625 0.134375 0.03515625
2 0.74921875 0.21640625 0.47890625 0.2359375
2 0.50234375 0.478125 0.98203125 0.23203125
2 0.378125 0.75234375 0.24453125 0.265625
2 0.625 0.75234375 0.24140625 0.26875