2 0.5 0.50234375 0.9734375 0.965625
4 0.49296875 0.153125 0.86484375 0.14453125
4 0.81640625 0.4140625 0.23359375 0.1109375
4 0.7921875 0.66171875 0.29375 0.1234375
4 0.503125 0.65390625 0.15390625 0.096875
4 0.2015625 0.65 0.165625 0.1109375
4 0.74765625 0.8796875 0.4515625 0.13203125
4 0.41015625 0.878125 0.15859375 0.10859375
4 0.1515625 0.890625 0.1515625 0.090625
7 0.4546875 0.425 0.3609375 0.1609375
1 0.353125 0.6515625 0.071875 0.1109375
1 0.06484375 0.653125 0.05390625 0.125
1 0.28671875 0.88984375 0.0640625 0.115625
1 0.04140625 0.8828125 0.05 0.12109375