2 0.6265625 0.234375 0.23828125 0.25625
2 0.8703125 0.240625 0.23984375 0.2921875
2 0.12734375 0.23359375 0.23203125 0.28203125
2 0.378125 0.22890625 0.2328125 0.26796875
4 0.07734375 0.25 0.10234375 0.03515625
4 0.553125 0.16328125 0.0609375 0.03515625
4 0.80234375 0.16328125 0.06484375 0.0375
4 0.05234375 0.16640625 0.04453125 0.03828125
4 0.30390625 0.165625 0.05078125 0.04296875
0 0.79921875 0.30859375 0.0625 0.065625
0 0.21484375 0.040625 0.0734375 0.07265625
4 0.50234375 0.43515625 0.1359375 0.0625
0 0.0578125 0.03984375 0.0765625 0.07109375
0 0.28671875 0.03984375 0.0609375 0.0703125
0 0.13359375 0.03984375 0.071875 0.07421875
0 0.05703125 0.30390625 0.06796875 0.0625
0 0.30390625 0.30625 0.0640625 0.0640625
0 0.5546875 0.3046875 0.0734375 0.06796875
4 0.12421875 0.2203125 0.19375 0.03125
4 0.3640625 0.21953125 0.18359375 0.03046875
4 0.33984375 0.25390625 0.13828125 0.03125
4 0.58828125 0.21875 0.13046875 0.0359375
4 0.596875 0.25 0.14296875 0.0296875
4 0.834375 0.21640625 0.13828125 0.02890625
4 0.84296875 0.25 0.15546875 0.03984375