2 0.12890625 0.22890625 0.225 0.275
2 0.8734375 0.23203125 0.22890625 0.26875
2 0.7515625 0.5078125 0.4953125 0.23515625
4 0.32421875 0.503125 0.30546875 0.05
2 0.6203125 0.2328125 0.234375 0.2625
4 0.44921875 0.4484375 0.06015625 0.03671875
4 0.20234375 0.16015625 0.05703125 0.03984375
4 0.92578125 0.246875 0.1015625 0.0359375
4 0.45078125 0.16484375 0.05078125 0.03203125
4 0.94140625 0.7125 0.059375 0.03203125
4 0.94921875 0.45078125 0.05234375 0.0375
4 0.81328125 0.50078125 0.32890625 0.05078125
0 0.953125 0.56015625 0.0546875 0.0609375
0 0.19921875 0.30390625 0.07109375 0.06015625
4 0.94609375 0.16171875 0.05234375 0.034375
4 0.6953125 0.16328125 0.06171875 0.03671875
0 0.44765625 0.3046875 0.07109375 0.06640625
0 0.69296875 0.3046875 0.0671875 0.05859375
0 0.88671875 0.03984375 0.0546875 0.07421875
0 0.93984375 0.82421875 0.07578125 0.06796875
4 0.4984375 0.95625 0.13671875 0.05078125
0 0.94296875 0.3046875 0.06640625 0.0609375
0 0.81796875 0.0359375 0.0734375 0.07109375
0 0.44765625 0.5578125 0.06640625 0.06484375
0 0.9484375 0.0390625 0.06328125 0.07265625
0 0.74296875 0.0390625 0.07578125 0.075
0 0.6703125 0.04140625 0.06328125 0.0765625
4 0.875 0.21875 0.1984375 0.0296875
4 0.66171875 0.21796875 0.12578125 0.0265625
4 0.6390625 0.24921875 0.17109375 0.03125
4 0.40078125 0.21796875 0.1515625 0.03125
4 0.40078125 0.2484375 0.15234375 0.03515625
4 0.1453125 0.22109375 0.1703125 0.0375
4 0.1546875 0.25 0.1484375 0.02421875
4 0.821875 0.7671875 0.309375 0.0328125
2 0.37734375 0.22890625 0.2328125 0.25625
2 0.2515625 0.5078125 0.47890625 0.24140625
2 0.50078125 0.771875 0.98125 0.23984375