2 0.87109375 0.22890625 0.225 0.275
2 0.1265625 0.23203125 0.22890625 0.26875
2 0.2484375 0.5078125 0.4953125 0.23515625
4 0.67578125 0.503125 0.30546875 0.05
2 0.3796875 0.2328125 0.234375 0.2625
4 0.55078125 0.4484375 0.06015625 0.03671875
4 0.79765625 0.16015625 0.05703125 0.03984375
4 0.07421875 0.246875 0.1015625 0.0359375
4 0.54921875 0.16484375 0.05078125 0.03203125
4 0.05859375 0.7125 0.059375 0.03203125
4 0.05078125 0.45078125 0.05234375 0.0375
4 0.18671875 0.50078125 0.32890625 0.05078125
0 0.046875 0.56015625 0.0546875 0.0609375
0 0.80078125 0.30390625 0.07109375 0.06015625
4 0.05390625 0.16171875 0.05234375 0.034375
4 0.3046875 0.16328125 0.06171875 0.03671875
0 0.55234375 0.3046875 0.07109375 0.06640625
0 0.30703125 0.3046875 0.0671875 0.05859375
0 0.11328125 0.03984375 0.0546875 0.07421875
0 0.06015625 0.82421875 0.07578125 0.06796875
4 0.5015625 0.95625 0.13671875 0.05078125
0 0.05703125 0.3046875 0.06640625 0.0609375
0 0.18203125 0.0359375 0.0734375 0.07109375
0 0.55234375 0.5578125 0.06640625 0.06484375
0 0.0515625 0.0390625 0.06328125 0.07265625
0 0.25703125 0.0390625 0.07578125 0.075
0 0.3296875 0.04140625 0.06328125 0.0765625
4 0.125 0.21875 0.1984375 0.0296875
4 0.33828125 0.21796875 0.12578125 0.0265625
4 0.3609375 0.24921875 0.17109375 0.03125
4 0.59921875 0.21796875 0.1515625 0.03125
4 0.59921875 0.2484375 0.15234375 0.03515625
4 0.8546875 0.22109375 0.1703125 0.0375
4 0.8453125 0.25 0.1484375 0.02421875
4 0.178125 0.7671875 0.309375 0.0328125
2 0.62265625 0.22890625 0.2328125 0.25625
2 0.7484375 0.5078125 0.47890625 0.24140625
2 0.49921875 0.771875 0.98125 0.23984375