2 0.871875 0.753125 0.23359375 0.2828125
2 0.1296875 0.75390625 0.2390625 0.26328125
4 0.32265625 0.76640625 0.10078125 0.0328125
2 0.2515625 0.2203125 0.47421875 0.23984375
4 0.55546875 0.15703125 0.0640625 0.04140625
4 0.68046875 0.21015625 0.328125 0.065625
4 0.8015625 0.6828125 0.059375 0.03515625
4 0.30625 0.68359375 0.05859375 0.03515625
4 0.5390625 0.684375 0.03359375 0.02890625
4 0.05390625 0.4234375 0.0578125 0.03359375
0 0.54765625 0.825 0.0609375 0.0640625
4 0.05703125 0.16015625 0.0609375 0.034375
4 0.17578125 0.2109375 0.30859375 0.06015625
0 0.80078125 0.825 0.06328125 0.06171875
4 0.18828125 0.48125 0.3234375 0.04140625
4 0.05625 0.68203125 0.053125 0.0390625
0 0.30078125 0.825 0.06015625 0.06484375
0 0.0640625 0.53125 0.0734375 0.0625
4 0.5015625 0.95546875 0.134375 0.05703125
0 0.04765625 0.040625 0.05234375 0.07265625
0 0.19765625 0.03984375 0.071875 0.07734375
0 0.05546875 0.825 0.06484375 0.0625
0 0.271875 0.0390625 0.071875 0.0765625
0 0.11796875 0.04140625 0.078125 0.075
0 0.55703125 0.26796875 0.0703125 0.06171875
0 0.06328125 0.2671875 0.07265625 0.06484375
2 0.74765625 0.2140625 0.48359375 0.23828125
2 0.5 0.4796875 0.98203125 0.23515625
4 0.11875 0.740625 0.1953125 0.03046875
4 0.08359375 0.76796875 0.12734375 0.0328125
4 0.36171875 0.7390625 0.18359375 0.03828125
4 0.6109375 0.7375 0.18515625 0.028125
4 0.5796875 0.7671875 0.12890625 0.03359375
4 0.83828125 0.740625 0.1453125 0.03203125
4 0.84453125 0.7703125 0.16015625 0.03515625
2 0.375 0.75390625 0.23828125 0.2609375
2 0.6234375 0.7484375 0.23671875 0.26015625