2 0.12890625 0.23359375 0.2390625 0.27265625
2 0.74921875 0.53671875 0.49765625 0.24765625
2 0.3765625 0.22890625 0.23203125 0.2671875
4 0.81640625 0.79921875 0.31015625 0.03515625
4 0.4359375 0.47890625 0.0703125 0.03671875
4 0.953125 0.28515625 0.03828125 0.021875
4 0.92265625 0.21484375 0.09765625 0.0265625
2 0.87421875 0.24453125 0.23671875 0.2984375
4 0.3234375 0.5375 0.30859375 0.04375
4 0.8171875 0.5328125 0.32109375 0.05390625
4 0.20703125 0.16015625 0.046875 0.03828125
4 0.45078125 0.1609375 0.05703125 0.03515625
4 0.49765625 0.98125 0.128125 0.0375
4 0.7 0.1671875 0.0453125 0.03203125
4 0.93671875 0.74140625 0.078125 0.03828125
0 0.20078125 0.30625 0.06328125 0.0640625
4 0.940625 0.47734375 0.06328125 0.0390625
0 0.94140625 0.5859375 0.0671875 0.059375
4 0.93359375 0.16484375 0.07109375 0.034375
0 0.440625 0.5875 0.071875 0.05703125
0 0.796875 0.03828125 0.07421875 0.07421875
0 0.6921875 0.30390625 0.06796875 0.06015625
0 0.9390625 0.8515625 0.06953125 0.0640625
0 0.87890625 0.03984375 0.0671875 0.07578125
0 0.9484375 0.0375 0.065625 0.0734375
0 0.44375 0.30390625 0.07109375 0.06328125
0 0.94453125 0.33359375 0.06171875 0.05859375
0 0.6546875 0.040625 0.06640625 0.07421875
0 0.7234375 0.03984375 0.0671875 0.07265625
4 0.89140625 0.25 0.1640625 0.0328125
4 0.62734375 0.221875 0.1921875 0.0328125
4 0.66328125 0.25390625 0.1234375 0.034375
4 0.38984375 0.21796875 0.18046875 0.03515625
4 0.409375 0.25078125 0.13984375 0.025
4 0.159375 0.2171875 0.1421875 0.025
4 0.1421875 0.25 0.184375 0.03515625
2 0.625 0.2328125 0.234375 0.26640625
2 0.25078125 0.53828125 0.47734375 0.24296875
2 0.50078125 0.79765625 0.978125 0.23828125