2 0.62421875 0.78203125 0.23359375 0.265625
7 0.69296875 0.56171875 0.06640625 0.06015625
2 0.37421875 0.490625 0.22578125 0.265625
4 0.459375 0.7609375 0.03984375 0.02421875
2 0.86875 0.49453125 0.2328125 0.2546875
2 0.13046875 0.771875 0.2421875 0.26640625
2 0.2515625 0.21171875 0.49296875 0.2546875
4 0.2015625 0.421875 0.06171875 0.03828125
2 0.12734375 0.48671875 0.23828125 0.2625
4 0.44921875 0.425 0.0609375 0.03828125
2 0.75078125 0.21875 0.48359375 0.2359375
2 0.875 0.7765625 0.24375 0.2671875
4 0.6984375 0.71015625 0.05859375 0.03984375
4 0.325 0.21484375 0.30546875 0.04375
0 0.94921875 0.5640625 0.05703125 0.05859375
4 0.45 0.16015625 0.04765625 0.034375
4 0.9484375 0.42265625 0.04609375 0.0328125
4 0.8171875 0.21953125 0.309375 0.0421875
0 0.2 0.56484375 0.06328125 0.06015625
0 0.44765625 0.88125 0.06796875 0.0578125
0 0.19609375 0.85 0.07734375 0.0578125
0 0.4515625 0.5640625 0.0546875 0.0609375
4 0.94609375 0.71484375 0.05234375 0.03984375
4 0.70234375 0.42265625 0.04296875 0.03828125
4 0.94765625 0.1578125 0.046875 0.034375
0 0.6921875 0.85 0.06953125 0.0578125
0 0.44921875 0.26875 0.0578125 0.0625
4 0.45625 0.7125 0.05078125 0.03515625
0 0.9359375 0.8515625 0.07265625 0.06328125
0 0.94296875 0.0390625 0.078125 0.07109375
0 0.665625 0.0390625 0.07421875 0.07578125
0 0.73671875 0.03984375 0.05859375 0.07578125
0 0.79609375 0.03828125 0.06171875 0.075
0 0.8671875 0.03984375 0.06953125 0.075
0 0.69453125 0.56328125 0.071875 0.0609375
0 0.9390625 0.2671875 0.0703125 0.06171875
4 0.87734375 0.48046875 0.1921875 0.03515625
4 0.91171875 0.51015625 0.12109375 0.02890625
4 0.6296875 0.484375 0.19140625 0.0296875
4 0.67109375 0.51484375 0.109375 0.02734375
4 0.39453125 0.48203125 0.16953125 0.03046875
4 0.41171875 0.5140625 0.1296875 0.03203125
4 0.14765625 0.48046875 0.16953125 0.02734375
4 0.1734375 0.5109375 0.12734375 0.03515625
4 0.89375 0.76875 0.153125 0.02890625
4 0.90234375 0.80078125 0.134375 0.034375
4 0.63046875 0.76796875 0.19296875 0.02734375
4 0.65546875 0.79765625 0.1453125 0.03515625
4 0.378125 0.79921875 0.19453125 0.03203125
4 0.43203125 0.8296875 0.103125 0.0328125
4 0.13828125 0.7703125 0.19140625 0.0328125
4 0.18515625 0.8 0.10234375 0.02890625
2 0.625 0.490625 0.2296875 0.259375
2 0.375 0.79375 0.23515625 0.28828125