4 0.44765625 0.1578125 0.0546875 0.04140625
4 0.40234375 0.478125 0.15078125 0.03203125
2 0.74921875 0.21796875 0.47421875 0.2453125
4 0.81171875 0.771875 0.315625 0.03984375
4 0.45 0.42265625 0.0578125 0.0453125
4 0.20625 0.4234375 0.05 0.03515625
4 0.91875 0.50625 0.10390625 0.03515625
4 0.94453125 0.71171875 0.04609375 0.03046875
4 0.6953125 0.42265625 0.06484375 0.03828125
4 0.8203125 0.2140625 0.31953125 0.0703125
4 0.3296875 0.2171875 0.2953125 0.046875
0 0.19921875 0.56171875 0.0671875 0.0609375
0 0.4515625 0.5640625 0.06171875 0.06328125
4 0.94453125 0.421875 0.053125 0.0359375
4 0.93671875 0.1578125 0.06484375 0.0390625
0 0.93984375 0.825 0.0734375 0.06484375
4 0.4984375 0.95625 0.13671875 0.05234375
0 0.446875 0.26796875 0.065625 0.0625
0 0.94921875 0.56484375 0.0609375 0.06171875
0 0.69296875 0.5640625 0.07109375 0.06328125
0 0.93828125 0.26796875 0.0703125 0.06171875
0 0.86953125 0.040625 0.07578125 0.07734375
0 0.79375 0.0390625 0.0703125 0.07578125
0 0.7171875 0.03984375 0.07890625 0.07734375
0 0.94609375 0.0390625 0.07109375 0.07265625
4 0.86953125 0.475 0.20078125 0.028125
4 0.640625 0.4796875 0.171875 0.028125
4 0.66015625 0.509375 0.13515625 0.03125
4 0.1375 0.4765625 0.190625 0.02734375
4 0.18125 0.51015625 0.10625 0.02890625
4 0.40625 0.509375 0.14921875 0.03046875
2 0.25 0.21484375 0.478125 0.23125
2 0.87109375 0.4921875 0.23203125 0.25859375
2 0.62421875 0.49453125 0.23203125 0.25703125
2 0.37890625 0.48984375 0.23671875 0.25859375
2 0.13203125 0.4921875 0.23671875 0.26484375
2 0.50078125 0.7765625 0.97890625 0.23203125