2 0.37578125 0.78203125 0.23359375 0.265625
7 0.30703125 0.56171875 0.06640625 0.06015625
2 0.62578125 0.490625 0.22578125 0.265625
4 0.540625 0.7609375 0.03984375 0.02421875
2 0.13125 0.49453125 0.2328125 0.2546875
2 0.86953125 0.771875 0.2421875 0.26640625
2 0.7484375 0.21171875 0.49296875 0.2546875
4 0.7984375 0.421875 0.06171875 0.03828125
2 0.87265625 0.48671875 0.23828125 0.2625
4 0.55078125 0.425 0.0609375 0.03828125
2 0.24921875 0.21875 0.48359375 0.2359375
2 0.125 0.7765625 0.24375 0.2671875
4 0.3015625 0.71015625 0.05859375 0.03984375
4 0.675 0.21484375 0.30546875 0.04375
0 0.05078125 0.5640625 0.05703125 0.05859375
4 0.55 0.16015625 0.04765625 0.034375
4 0.0515625 0.42265625 0.04609375 0.0328125
4 0.1828125 0.21953125 0.309375 0.0421875
0 0.8 0.56484375 0.06328125 0.06015625
0 0.55234375 0.88125 0.06796875 0.0578125
0 0.80390625 0.85 0.07734375 0.0578125
0 0.5484375 0.5640625 0.0546875 0.0609375
4 0.05390625 0.71484375 0.05234375 0.03984375
4 0.29765625 0.42265625 0.04296875 0.03828125
4 0.05234375 0.1578125 0.046875 0.034375
0 0.3078125 0.85 0.06953125 0.0578125
0 0.55078125 0.26875 0.0578125 0.0625
4 0.54375 0.7125 0.05078125 0.03515625
0 0.0640625 0.8515625 0.07265625 0.06328125
0 0.05703125 0.0390625 0.078125 0.07109375
0 0.334375 0.0390625 0.07421875 0.07578125
0 0.26328125 0.03984375 0.05859375 0.07578125
0 0.20390625 0.03828125 0.06171875 0.075
0 0.1328125 0.03984375 0.06953125 0.075
0 0.30546875 0.56328125 0.071875 0.0609375
0 0.0609375 0.2671875 0.0703125 0.06171875
4 0.12265625 0.48046875 0.1921875 0.03515625
4 0.08828125 0.51015625 0.12109375 0.02890625
4 0.3703125 0.484375 0.19140625 0.0296875
4 0.32890625 0.51484375 0.109375 0.02734375
4 0.60546875 0.48203125 0.16953125 0.03046875
4 0.58828125 0.5140625 0.1296875 0.03203125
4 0.85234375 0.48046875 0.16953125 0.02734375
4 0.8265625 0.5109375 0.12734375 0.03515625
4 0.10625 0.76875 0.153125 0.02890625
4 0.09765625 0.80078125 0.134375 0.034375
4 0.36953125 0.76796875 0.19296875 0.02734375
4 0.34453125 0.79765625 0.1453125 0.03515625
4 0.621875 0.79921875 0.19453125 0.03203125
4 0.56796875 0.8296875 0.103125 0.0328125
4 0.86171875 0.7703125 0.19140625 0.0328125
4 0.81484375 0.8 0.10234375 0.02890625
2 0.375 0.490625 0.2296875 0.259375
2 0.625 0.79375 0.23515625 0.28828125