4 0.15546875 0.7421875 0.1484375 0.03125
2 0.8703125 0.75234375 0.2328125 0.26875
2 0.74765625 0.21953125 0.4859375 0.24375
2 0.5015625 0.48046875 0.9859375 0.23984375
4 0.44453125 0.15859375 0.0625 0.034375
4 0.9203125 0.7671875 0.1046875 0.0359375
4 0.81484375 0.221875 0.31796875 0.04453125
4 0.81875 0.4765625 0.30546875 0.04921875
4 0.9390625 0.425 0.0625 0.03203125
4 0.9484375 0.6859375 0.04765625 0.0375
4 0.6953125 0.6828125 0.059375 0.03671875
0 0.19609375 0.8234375 0.07265625 0.05859375
0 0.95 0.82421875 0.05859375 0.06328125
4 0.2109375 0.6828125 0.04140625 0.03515625
4 0.9390625 0.15859375 0.06328125 0.03359375
0 0.9453125 0.53046875 0.06328125 0.0609375
4 0.4984375 0.95546875 0.134375 0.05625
0 0.85625 0.03984375 0.0765625 0.07734375
0 0.4484375 0.82578125 0.06953125 0.06484375
0 0.9421875 0.03828125 0.078125 0.07421875
0 0.69765625 0.82421875 0.0640625 0.065625
0 0.44765625 0.26796875 0.06171875 0.065625
0 0.78203125 0.03984375 0.06640625 0.07578125
0 0.94609375 0.26875 0.06640625 0.06484375
4 0.32578125 0.21875 0.3015625 0.0359375
4 0.87421875 0.7390625 0.20078125 0.03515625
4 0.6265625 0.740625 0.196875 0.03203125
4 0.6703125 0.76953125 0.11015625 0.025
4 0.45625 0.690625 0.0453125 0.0484375
4 0.37890625 0.7421875 0.19921875 0.034375
4 0.4359375 0.7734375 0.09296875 0.02734375
4 0.16328125 0.7703125 0.13359375 0.02421875
2 0.25 0.2171875 0.4796875 0.23671875
2 0.6234375 0.75078125 0.23203125 0.25859375
2 0.37578125 0.75 0.23515625 0.25625
2 0.128125 0.75234375 0.23828125 0.26171875