4 0.84453125 0.7421875 0.1484375 0.03125
2 0.1296875 0.75234375 0.2328125 0.26875
2 0.25234375 0.21953125 0.4859375 0.24375
2 0.4984375 0.48046875 0.9859375 0.23984375
4 0.55546875 0.15859375 0.0625 0.034375
4 0.0796875 0.7671875 0.1046875 0.0359375
4 0.18515625 0.221875 0.31796875 0.04453125
4 0.18125 0.4765625 0.30546875 0.04921875
4 0.0609375 0.425 0.0625 0.03203125
4 0.0515625 0.6859375 0.04765625 0.0375
4 0.3046875 0.6828125 0.059375 0.03671875
0 0.80390625 0.8234375 0.07265625 0.05859375
0 0.05 0.82421875 0.05859375 0.06328125
4 0.7890625 0.6828125 0.04140625 0.03515625
4 0.0609375 0.15859375 0.06328125 0.03359375
0 0.0546875 0.53046875 0.06328125 0.0609375
4 0.5015625 0.95546875 0.134375 0.05625
0 0.14375 0.03984375 0.0765625 0.07734375
0 0.5515625 0.82578125 0.06953125 0.06484375
0 0.0578125 0.03828125 0.078125 0.07421875
0 0.30234375 0.82421875 0.0640625 0.065625
0 0.55234375 0.26796875 0.06171875 0.065625
0 0.21796875 0.03984375 0.06640625 0.07578125
0 0.05390625 0.26875 0.06640625 0.06484375
4 0.67421875 0.21875 0.3015625 0.0359375
4 0.12578125 0.7390625 0.20078125 0.03515625
4 0.3734375 0.740625 0.196875 0.03203125
4 0.3296875 0.76953125 0.11015625 0.025
4 0.54375 0.690625 0.0453125 0.0484375
4 0.62109375 0.7421875 0.19921875 0.034375
4 0.5640625 0.7734375 0.09296875 0.02734375
4 0.83671875 0.7703125 0.13359375 0.02421875
2 0.75 0.2171875 0.4796875 0.23671875
2 0.3765625 0.75078125 0.23203125 0.25859375
2 0.62421875 0.75 0.23515625 0.25625
2 0.871875 0.75234375 0.23828125 0.26171875