2 0.87265625 0.48984375 0.2375 0.26484375
2 0.7484375 0.21875 0.48046875 0.2328125
2 0.25234375 0.21796875 0.48046875 0.234375
2 0.1296875 0.4953125 0.2328125 0.27421875
4 0.3015625 0.4234375 0.04609375 0.0375
4 0.6859375 0.21953125 0.315625 0.04765625
4 0.80390625 0.42109375 0.07265625 0.03671875
2 0.62421875 0.50859375 0.23203125 0.3078125
4 0.553125 0.1546875 0.05703125 0.0453125
4 0.18046875 0.215625 0.3046875 0.0453125
0 0.80078125 0.56328125 0.05859375 0.0640625
4 0.05703125 0.15859375 0.059375 0.034375
4 0.5484375 0.4234375 0.05390625 0.0390625
4 0.0609375 0.42421875 0.06328125 0.03671875
4 0.50078125 0.725 0.1328125 0.0515625
4 0.56484375 0.4734375 0.090625 0.034375
0 0.1125 0.040625 0.05703125 0.075
0 0.55546875 0.590625 0.07421875 0.0625
0 0.1828125 0.0390625 0.07734375 0.0765625
0 0.0515625 0.03828125 0.0640625 0.0734375
0 0.2609375 0.03984375 0.078125 0.07890625
0 0.55234375 0.26875 0.06640625 0.065625
0 0.0578125 0.265625 0.06640625 0.0609375
0 0.3046875 0.56328125 0.06953125 0.06484375
0 0.05703125 0.56484375 0.0703125 0.06484375
4 0.12421875 0.4796875 0.19140625 0.03515625
4 0.0875 0.509375 0.115625 0.025
4 0.37109375 0.48125 0.1921875 0.0359375
4 0.33515625 0.5109375 0.1265625 0.03515625
4 0.5796875 0.509375 0.125 0.03125
4 0.5671875 0.5359375 0.0890625 0.02890625
4 0.85390625 0.478125 0.17109375 0.03515625
4 0.83671875 0.5109375 0.13828125 0.034375
2 0.3765625 0.4921875 0.23671875 0.25859375