2 0.25078125 0.79921875 0.490625 0.23359375
4 0.19921875 0.42109375 0.05859375 0.0375
4 0.89296875 0.4796875 0.15859375 0.034375
2 0.37734375 0.49453125 0.23203125 0.26484375
4 0.9484375 0.74765625 0.046875 0.03671875
2 0.7546875 0.80078125 0.490625 0.23125
4 0.44140625 0.740625 0.06171875 0.0390625
4 0.821875 0.80078125 0.31328125 0.0390625
4 0.81796875 0.22109375 0.31171875 0.03828125
2 0.49921875 0.2203125 0.9796875 0.246875
4 0.3234375 0.8015625 0.2984375 0.040625
4 0.9453125 0.4265625 0.05078125 0.0328125
0 0.95078125 0.27265625 0.05234375 0.065625
4 0.69375 0.4234375 0.06328125 0.03515625
0 0.20625 0.5671875 0.0546875 0.05625
4 0.496875 0.98046875 0.12421875 0.03828125
4 0.940625 0.1640625 0.059375 0.03359375
0 0.94140625 0.8484375 0.06875 0.0609375
0 0.44140625 0.84765625 0.0734375 0.0609375
0 0.6609375 0.0390625 0.08046875 0.07578125
0 0.73828125 0.03984375 0.06171875 0.075
0 0.9390625 0.565625 0.0734375 0.06484375
0 0.87890625 0.04140625 0.071875 0.07734375
0 0.69140625 0.5921875 0.0734375 0.05859375
0 0.44375 0.565625 0.07421875 0.06171875
0 0.9484375 0.0390625 0.06328125 0.071875
0 0.80546875 0.03984375 0.065625 0.075
4 0.89375 0.5125 0.15859375 0.034375
4 0.71328125 0.47734375 0.01875 0.01875
4 0.61875 0.51015625 0.2109375 0.0296875
4 0.70859375 0.5359375 0.03203125 0.021875
4 0.4515625 0.4328125 0.05703125 0.04921875
4 0.37578125 0.47890625 0.20078125 0.02890625
4 0.43046875 0.509375 0.09140625 0.02734375
4 0.13515625 0.4796875 0.1921875 0.034375
4 0.1734375 0.5140625 0.11171875 0.03203125
2 0.8703125 0.49140625 0.23359375 0.2578125
2 0.625 0.50625 0.234375 0.28359375
2 0.12890625 0.49375 0.23984375 0.26171875