4 0.31484375 0.2515625 0.08359375 0.03203125
2 0.62265625 0.2328125 0.22734375 0.26484375
2 0.87109375 0.23046875 0.2375 0.271875
2 0.128125 0.22578125 0.234375 0.26953125
4 0.0609375 0.453125 0.06484375 0.03515625
4 0.79453125 0.1671875 0.04921875 0.04140625
0 0.0484375 0.30625 0.05234375 0.06015625
0 0.296875 0.30703125 0.0453125 0.0578125
4 0.0578125 0.1609375 0.06015625 0.0375
0 0.79609375 0.30546875 0.0578125 0.06015625
0 0.54921875 0.30703125 0.0578125 0.06640625
0 0.05625 0.56484375 0.06875 0.06484375
4 0.30078125 0.1671875 0.04921875 0.034375
0 0.2140625 0.040625 0.07265625 0.07109375
0 0.134375 0.0390625 0.071875 0.07578125
4 0.50234375 0.696875 0.1359375 0.05390625
0 0.05625 0.0390625 0.07734375 0.071875
4 0.1078125 0.2171875 0.16171875 0.0359375
4 0.10390625 0.24921875 0.15703125 0.02734375
4 0.37265625 0.215625 0.20390625 0.0375
4 0.5453125 0.171875 0.0484375 0.046875
4 0.59609375 0.22109375 0.153125 0.02734375
4 0.59140625 0.25078125 0.14296875 0.03046875
4 0.83671875 0.21796875 0.1328125 0.03515625
4 0.85859375 0.25234375 0.18359375 0.03125
4 0.18515625 0.50859375 0.3125 0.03359375
2 0.37578125 0.23359375 0.2359375 0.2625
2 0.5 0.5109375 0.9828125 0.234375