2 0.8703125 0.49375 0.2328125 0.26875
2 0.75078125 0.2140625 0.49765625 0.24609375
4 0.2015625 0.421875 0.0546875 0.03515625
4 0.44453125 0.15625 0.06640625 0.0421875
4 0.69765625 0.42265625 0.05703125 0.03515625
4 0.81796875 0.765625 0.31328125 0.03984375
4 0.30078125 0.2140625 0.3625 0.0765625
4 0.453125 0.42265625 0.05390625 0.03515625
4 0.82109375 0.2109375 0.315625 0.06484375
0 0.9390625 0.825 0.0765625 0.059375
0 0.6890625 0.5640625 0.07734375 0.059375
4 0.94609375 0.1609375 0.04921875 0.04453125
4 0.93984375 0.4234375 0.06015625 0.03515625
0 0.1984375 0.56171875 0.07109375 0.06171875
0 0.4421875 0.56171875 0.0734375 0.06171875
4 0.94375 0.71015625 0.0515625 0.03203125
0 0.94921875 0.0390625 0.0578125 0.07265625
0 0.9390625 0.5640625 0.0765625 0.0625
0 0.44140625 0.26796875 0.07265625 0.06484375
4 0.4984375 0.95625 0.1375 0.05234375
0 0.87890625 0.040625 0.07578125 0.07734375
0 0.7984375 0.03984375 0.071875 0.07734375
0 0.94140625 0.2671875 0.0703125 0.06328125
2 0.25234375 0.221875 0.484375 0.25390625
4 0.87734375 0.48125 0.20234375 0.02890625
4 0.91328125 0.5109375 0.1265625 0.034375
4 0.64140625 0.47734375 0.171875 0.03203125
4 0.65625 0.51171875 0.14296875 0.03515625
4 0.40234375 0.47734375 0.15234375 0.0328125
4 0.3984375 0.5078125 0.16328125 0.03515625
4 0.1375 0.478125 0.19921875 0.0328125
4 0.178125 0.50625 0.1234375 0.02890625
2 0.62421875 0.4890625 0.2453125 0.26875
2 0.37421875 0.49609375 0.2390625 0.2671875
2 0.12890625 0.490625 0.24296875 0.2671875
2 0.50234375 0.77421875 0.98125 0.24453125