2 0.6203125 0.22734375 0.23515625 0.2640625
2 0.12890625 0.228125 0.23046875 0.2796875
2 0.75078125 0.77109375 0.48828125 0.24453125
4 0.31640625 0.76953125 0.321875 0.0453125
2 0.3796875 0.2296875 0.23046875 0.26875
4 0.44453125 0.7109375 0.071875 0.040625
4 0.8234375 0.76796875 0.29453125 0.0453125
4 0.81953125 0.50703125 0.3046875 0.0359375
2 0.86953125 0.23515625 0.2359375 0.2578125
4 0.2046875 0.1625 0.05234375 0.034375
4 0.93984375 0.45234375 0.06015625 0.034375
4 0.9421875 0.71015625 0.05390625 0.03359375
4 0.4484375 0.16484375 0.0578125 0.03515625
4 0.94609375 0.16328125 0.05078125 0.034375
0 0.20390625 0.30625 0.05859375 0.06171875
4 0.696875 0.16171875 0.05078125 0.04453125
4 0.49765625 0.95546875 0.13515625 0.05859375
0 0.94140625 0.56328125 0.06796875 0.0578125
0 0.796875 0.03828125 0.07265625 0.07421875
0 0.44375 0.81953125 0.0703125 0.0640625
0 0.72421875 0.03984375 0.0640625 0.0734375
0 0.69453125 0.3046875 0.06484375 0.059375
0 0.44375 0.3046875 0.071875 0.0609375
0 0.94375 0.81953125 0.06796875 0.0609375
0 0.94765625 0.30625 0.0609375 0.0640625
0 0.9453125 0.0390625 0.07421875 0.07265625
0 0.87109375 0.03984375 0.06640625 0.075
4 0.8859375 0.22265625 0.17578125 0.02890625
4 0.90234375 0.24921875 0.14921875 0.028125
4 0.63671875 0.21875 0.1734375 0.0359375
4 0.66171875 0.2515625 0.1421875 0.0328125
4 0.4390625 0.21796875 0.09140625 0.0375
4 0.37890625 0.2546875 0.2109375 0.02734375
4 0.1453125 0.21953125 0.171875 0.03046875
4 0.16171875 0.2484375 0.1421875 0.0296875
2 0.49921875 0.51015625 0.98671875 0.246875
2 0.2515625 0.771875 0.48515625 0.25234375