2 0.7484375 0.2203125 0.48125 0.246875
4 0.6640625 0.215625 0.28828125 0.0421875
4 0.1875 0.215625 0.3171875 0.03515625
4 0.55234375 0.1578125 0.0515625 0.04140625
4 0.05859375 0.1609375 0.0625 0.040625
0 0.5484375 0.26953125 0.059375 0.06484375
4 0.5015625 0.4046875 0.13359375 0.059375
0 0.2796875 0.04140625 0.0765625 0.078125
0 0.359375 0.03984375 0.078125 0.075
0 0.121875 0.04140625 0.06796875 0.07578125
0 0.2 0.03984375 0.06875 0.07578125
0 0.05234375 0.03984375 0.0671875 0.0703125
0 0.06015625 0.2671875 0.0734375 0.06484375
2 0.2515625 0.2203125 0.48671875 0.25390625