2 0.2515625 0.2203125 0.48125 0.246875
4 0.3359375 0.215625 0.28828125 0.0421875
4 0.8125 0.215625 0.3171875 0.03515625
4 0.44765625 0.1578125 0.0515625 0.04140625
4 0.94140625 0.1609375 0.0625 0.040625
0 0.4515625 0.26953125 0.059375 0.06484375
4 0.4984375 0.4046875 0.13359375 0.059375
0 0.7203125 0.04140625 0.0765625 0.078125
0 0.640625 0.03984375 0.078125 0.075
0 0.878125 0.04140625 0.06796875 0.07578125
0 0.8 0.03984375 0.06875 0.07578125
0 0.94765625 0.03984375 0.0671875 0.0703125
0 0.93984375 0.2671875 0.0734375 0.06484375
2 0.7484375 0.2203125 0.48671875 0.25390625