2 0.2515625 0.21953125 0.48359375 0.24765625
4 0.8203125 0.47265625 0.2984375 0.05
2 0.25234375 0.47890625 0.4953125 0.2296875
2 0.75078125 0.2203125 0.49140625 0.246875
4 0.45 0.41640625 0.0453125 0.0390625
4 0.32578125 0.215625 0.30546875 0.03984375
4 0.31953125 0.47734375 0.3109375 0.05078125
4 0.44609375 0.15625 0.0609375 0.0390625
4 0.94296875 0.41875 0.05703125 0.0359375
4 0.83046875 0.2109375 0.2890625 0.04921875
4 0.93984375 0.1578125 0.06328125 0.03515625
4 0.49921875 0.66328125 0.134375 0.05859375
0 0.44140625 0.2671875 0.07265625 0.0625
0 0.86796875 0.040625 0.08359375 0.0734375
0 0.4421875 0.525 0.07265625 0.0625
0 0.94765625 0.0390625 0.0671875 0.07265625
0 0.94296875 0.525 0.06796875 0.06484375
0 0.94765625 0.26953125 0.06015625 0.0609375
4 0.75 0.4828125 0.48984375 0.23359375