2 0.13359375 0.75390625 0.23203125 0.28046875
4 0.6859375 0.21484375 0.3234375 0.0578125
2 0.87109375 0.75234375 0.234375 0.28515625
4 0.05390625 0.425 0.053125 0.03515625
2 0.25390625 0.21640625 0.4890625 0.2609375
4 0.2984375 0.684375 0.04765625 0.0375
4 0.5546875 0.15625 0.0578125 0.04140625
4 0.55390625 0.6828125 0.07109375 0.0421875
4 0.79765625 0.68515625 0.05390625 0.0421875
4 0.0578125 0.68359375 0.0578125 0.034375
4 0.184375 0.47578125 0.32265625 0.04453125
0 0.54765625 0.825 0.05546875 0.0640625
4 0.0578125 0.15859375 0.05859375 0.03515625
0 0.0546875 0.53046875 0.06171875 0.0609375
4 0.16796875 0.21171875 0.303125 0.06015625
0 0.80234375 0.82421875 0.0734375 0.059375
4 0.5015625 0.95546875 0.13515625 0.05703125
0 0.55859375 0.2671875 0.07265625 0.0640625
0 0.13359375 0.03984375 0.075 0.078125
0 0.0546875 0.0390625 0.075 0.071875
0 0.2171875 0.040625 0.0796875 0.0765625
0 0.05546875 0.825 0.06640625 0.0609375
0 0.30703125 0.82421875 0.071875 0.06328125
0 0.06015625 0.2671875 0.07421875 0.065625
2 0.74921875 0.2109375 0.48828125 0.24765625
2 0.5015625 0.4859375 0.984375 0.2375
2 0.3765625 0.75 0.24140625 0.2671875
2 0.621875 0.75234375 0.2359375 0.2734375
4 0.11484375 0.73984375 0.17734375 0.0328125
4 0.09375 0.77421875 0.13203125 0.02578125
4 0.36640625 0.73515625 0.1859375 0.03203125
4 0.34140625 0.76484375 0.1421875 0.03828125
4 0.5984375 0.73828125 0.153125 0.03515625
4 0.61171875 0.76796875 0.1796875 0.03515625
4 0.8296875 0.73515625 0.128125 0.03046875
4 0.8484375 0.7671875 0.17734375 0.03203125