2 0.375 0.23203125 0.23359375 0.2609375
2 0.86796875 0.23203125 0.23046875 0.26484375
4 0.2 0.1640625 0.0609375 0.0421875
2 0.7484375 0.77109375 0.48125 0.2359375
4 0.45 0.7078125 0.0546875 0.04140625
2 0.61953125 0.234375 0.2328125 0.25546875
2 0.13046875 0.2296875 0.22890625 0.27734375
4 0.325 0.765625 0.3 0.05234375
4 0.45234375 0.16171875 0.05625 0.03515625
4 0.81875 0.7703125 0.30546875 0.0453125
4 0.940625 0.453125 0.0625 0.03515625
4 0.8296875 0.5046875 0.28671875 0.03046875
0 0.95 0.8234375 0.04453125 0.05703125
4 0.6921875 0.16328125 0.0640625 0.034375
4 0.94140625 0.71015625 0.06484375 0.0375
4 0.94375 0.1640625 0.05546875 0.04140625
0 0.1984375 0.3046875 0.06953125 0.0640625
0 0.93671875 0.5625 0.07890625 0.0609375
4 0.49765625 0.95546875 0.134375 0.05859375
0 0.4453125 0.30390625 0.06953125 0.06328125
0 0.7296875 0.03984375 0.06640625 0.07109375
0 0.65234375 0.03984375 0.0765625 0.07734375
0 0.8671875 0.03984375 0.07109375 0.075
0 0.44453125 0.8203125 0.06875 0.06171875
0 0.94140625 0.3046875 0.07109375 0.0625
0 0.94453125 0.0375 0.0734375 0.07265625
0 0.69296875 0.30390625 0.06796875 0.0609375
0 0.796875 0.03984375 0.059375 0.07421875
4 0.8921875 0.22109375 0.15859375 0.02734375
4 0.9078125 0.24921875 0.12734375 0.0265625
4 0.646875 0.2171875 0.16015625 0.03515625
4 0.65859375 0.25 0.1390625 0.0328125
4 0.39296875 0.21875 0.1671875 0.0390625
4 0.4109375 0.246875 0.1421875 0.0375
4 0.13203125 0.21875 0.196875 0.03359375
4 0.1859375 0.2484375 0.0890625 0.0296875
2 0.5 0.5125 0.9796875 0.24609375
2 0.25078125 0.76875 0.48046875 0.24375