2 0.6203125 0.22734375 0.23515625 0.26484375
2 0.7484375 0.77421875 0.48828125 0.2453125
2 0.37734375 0.23203125 0.2328125 0.26875
2 0.13046875 0.2296875 0.2265625 0.28046875
4 0.45234375 0.71015625 0.05 0.04140625
4 0.2015625 0.1578125 0.06015625 0.03828125
4 0.8234375 0.77421875 0.3015625 0.04296875
2 0.86640625 0.22265625 0.2390625 0.2484375
4 0.83984375 0.5109375 0.26328125 0.03515625
0 0.19921875 0.30625 0.07109375 0.06171875
0 0.4484375 0.81953125 0.0515625 0.05859375
4 0.9390625 0.4546875 0.06328125 0.0359375
0 0.9515625 0.30703125 0.05234375 0.05703125
4 0.94296875 0.71015625 0.05703125 0.03828125
4 0.44921875 0.16171875 0.0625 0.03984375
4 0.94140625 0.1625 0.059375 0.03515625
0 0.453125 0.30625 0.0578125 0.0609375
4 0.49765625 0.9546875 0.13515625 0.059375
4 0.69765625 0.16171875 0.053125 0.03515625
0 0.94140625 0.0390625 0.0796875 0.07265625
0 0.8578125 0.0421875 0.07578125 0.0734375
0 0.7734375 0.03984375 0.078125 0.07109375
0 0.9390625 0.5671875 0.06953125 0.0609375
0 0.940625 0.82109375 0.07109375 0.0625
0 0.69296875 0.3046875 0.0671875 0.0609375
4 0.88125 0.215625 0.18046875 0.03046875
4 0.9125 0.25 0.12734375 0.03125
4 0.63359375 0.21875 0.18515625 0.02890625
4 0.6703125 0.24921875 0.12734375 0.028125
4 0.384375 0.21953125 0.1890625 0.03046875
4 0.41875 0.25 0.11875 0.034375
4 0.13359375 0.2171875 0.19921875 0.03515625
4 0.19140625 0.2484375 0.0890625 0.02265625
4 0.33046875 0.76953125 0.28359375 0.046875
2 0.5 0.51484375 0.98203125 0.25390625
2 0.25 0.7703125 0.48203125 0.25