2 0.3796875 0.22734375 0.23515625 0.26484375
2 0.2515625 0.77421875 0.48828125 0.2453125
2 0.62265625 0.23203125 0.2328125 0.26875
2 0.86953125 0.2296875 0.2265625 0.28046875
4 0.54765625 0.71015625 0.05 0.04140625
4 0.7984375 0.1578125 0.06015625 0.03828125
4 0.1765625 0.77421875 0.3015625 0.04296875
2 0.13359375 0.22265625 0.2390625 0.2484375
4 0.16015625 0.5109375 0.26328125 0.03515625
0 0.80078125 0.30625 0.07109375 0.06171875
0 0.5515625 0.81953125 0.0515625 0.05859375
4 0.0609375 0.4546875 0.06328125 0.0359375
0 0.0484375 0.30703125 0.05234375 0.05703125
4 0.05703125 0.71015625 0.05703125 0.03828125
4 0.55078125 0.16171875 0.0625 0.03984375
4 0.05859375 0.1625 0.059375 0.03515625
0 0.546875 0.30625 0.0578125 0.0609375
4 0.50234375 0.9546875 0.13515625 0.059375
4 0.30234375 0.16171875 0.053125 0.03515625
0 0.05859375 0.0390625 0.0796875 0.07265625
0 0.1421875 0.0421875 0.07578125 0.0734375
0 0.2265625 0.03984375 0.078125 0.07109375
0 0.0609375 0.5671875 0.06953125 0.0609375
0 0.059375 0.82109375 0.07109375 0.0625
0 0.30703125 0.3046875 0.0671875 0.0609375
4 0.11875 0.215625 0.18046875 0.03046875
4 0.0875 0.25 0.12734375 0.03125
4 0.36640625 0.21875 0.18515625 0.02890625
4 0.3296875 0.24921875 0.12734375 0.028125
4 0.615625 0.21953125 0.1890625 0.03046875
4 0.58125 0.25 0.11875 0.034375
4 0.86640625 0.2171875 0.19921875 0.03515625
4 0.80859375 0.2484375 0.0890625 0.02265625
4 0.66953125 0.76953125 0.28359375 0.046875
2 0.5 0.51484375 0.98203125 0.25390625
2 0.75 0.7703125 0.48203125 0.25