2 0.4953125 0.50546875 0.975 0.9890625
4 0.796875 0.0796875 0.2390625 0.053125
4 0.68125 0.14921875 0.4515625 0.06328125
4 0.71953125 0.22890625 0.25390625 0.05
4 0.71796875 0.3109375 0.2796875 0.06328125
4 0.740625 0.40390625 0.23359375 0.053125
4 0.68671875 0.5390625 0.43671875 0.06328125
4 0.65546875 0.60546875 0.24453125 0.04609375
4 0.57578125 0.67265625 0.40703125 0.053125
4 0.6515625 0.75546875 0.24453125 0.05703125
4 0.55546875 0.82109375 0.440625 0.05
4 0.6734375 0.9171875 0.18671875 0.03984375
4 0.5234375 0.9703125 0.5015625 0.0453125
7 0.43046875 0.2328125 0.24609375 0.05546875
7 0.43359375 0.31328125 0.26640625 0.05390625
7 0.45390625 0.40859375 0.2109375 0.04921875
5 0.84453125 0.6140625 0.05546875 0.03984375
5 0.846875 0.7734375 0.0609375 0.03203125
5 0.84453125 0.92734375 0.040625 0.03828125