2 0.5046875 0.50546875 0.975 0.9890625
4 0.203125 0.0796875 0.2390625 0.053125
4 0.31875 0.14921875 0.4515625 0.06328125
4 0.28046875 0.22890625 0.25390625 0.05
4 0.28203125 0.3109375 0.2796875 0.06328125
4 0.259375 0.40390625 0.23359375 0.053125
4 0.31328125 0.5390625 0.43671875 0.06328125
4 0.34453125 0.60546875 0.24453125 0.04609375
4 0.42421875 0.67265625 0.40703125 0.053125
4 0.3484375 0.75546875 0.24453125 0.05703125
4 0.44453125 0.82109375 0.440625 0.05
4 0.3265625 0.9171875 0.18671875 0.03984375
4 0.4765625 0.9703125 0.5015625 0.0453125
7 0.56953125 0.2328125 0.24609375 0.05546875
7 0.56640625 0.31328125 0.26640625 0.05390625
7 0.54609375 0.40859375 0.2109375 0.04921875
5 0.15546875 0.6140625 0.05546875 0.03984375
5 0.153125 0.7734375 0.0609375 0.03203125
5 0.15546875 0.92734375 0.040625 0.03828125