4 0.17734375 0.8015625 0.30078125 0.04375
2 0.62265625 0.25 0.23203125 0.2890625
2 0.87421875 0.225 0.234375 0.28125
3 0.13046875 0.040625 0.07109375 0.078125
4 0.7984375 0.16328125 0.0625 0.03203125
4 0.55390625 0.21328125 0.06484375 0.0296875
4 0.55546875 0.16328125 0.06796875 0.03359375
4 0.68515625 0.7953125 0.315625 0.040625
0 0.79375 0.30625 0.05390625 0.05546875
2 0.13046875 0.22421875 0.24140625 0.259375
4 0.05703125 0.7421875 0.05234375 0.03828125
4 0.1796875 0.53828125 0.2984375 0.0421875
4 0.50234375 0.98046875 0.1296875 0.03828125
4 0.05625 0.484375 0.05703125 0.034375
0 0.29765625 0.30546875 0.04609375 0.059375
4 0.55390625 0.740625 0.059375 0.0390625
0 0.559375 0.8484375 0.07578125 0.06328125
4 0.30859375 0.1625 0.0640625 0.0375
4 0.05859375 0.1609375 0.05859375 0.04296875
0 0.05625 0.0390625 0.07421875 0.07421875
0 0.0609375 0.85 0.07109375 0.06015625
0 0.55390625 0.33125 0.0703125 0.059375
0 0.05859375 0.59140625 0.07109375 0.0609375
0 0.13046875 0.0390625 0.07109375 0.075
0 0.05703125 0.30546875 0.06953125 0.06484375
4 0.10859375 0.2203125 0.15546875 0.0359375
4 0.1046875 0.2484375 0.16171875 0.0375
4 0.37421875 0.2171875 0.20546875 0.0296875
4 0.3328125 0.25078125 0.109375 0.03046875
4 0.6046875 0.25078125 0.165625 0.02734375
4 0.5546875 0.2796875 0.078125 0.0203125
4 0.859375 0.2203125 0.17734375 0.0328125
4 0.83203125 0.2515625 0.13046875 0.03359375
2 0.3765625 0.23046875 0.23828125 0.28046875
2 0.50234375 0.5421875 0.98515625 0.25546875
2 0.25390625 0.80390625 0.4921875 0.25
2 0.74921875 0.8015625 0.4796875 0.2453125