2 0.7484375 0.76875 0.484375 0.25078125
2 0.13125 0.4859375 0.24453125 0.2671875
4 0.90859375 0.50859375 0.12265625 0.03515625
4 0.44921875 0.42734375 0.0625 0.03515625
2 0.87109375 0.4921875 0.2359375 0.2625
4 0.20390625 0.42109375 0.05390625 0.040625
4 0.325 0.76875 0.296875 0.04609375
4 0.821875 0.771875 0.30390625 0.034375
2 0.49765625 0.215625 0.96953125 0.25546875
4 0.94375 0.71171875 0.05390625 0.0359375
4 0.81875 0.2171875 0.30859375 0.0453125
4 0.44375 0.70703125 0.0703125 0.05
4 0.94375 0.16328125 0.06015625 0.040625
0 0.2078125 0.56640625 0.05078125 0.06015625
0 0.9484375 0.2703125 0.05546875 0.06171875
0 0.44765625 0.565625 0.071875 0.0625
4 0.95 0.425 0.0421875 0.03515625
0 0.93984375 0.565625 0.0734375 0.06171875
4 0.7015625 0.425 0.04765625 0.03203125
4 0.49765625 0.95546875 0.13515625 0.05703125
0 0.69140625 0.56484375 0.06796875 0.05859375
0 0.94296875 0.03828125 0.0765625 0.075
0 0.93828125 0.82109375 0.07421875 0.06328125
0 0.86171875 0.0390625 0.07734375 0.075
0 0.44453125 0.82265625 0.07109375 0.0640625
4 0.88125 0.4734375 0.178125 0.0375
4 0.6375 0.47890625 0.16875 0.0359375
4 0.653125 0.51328125 0.13984375 0.02734375
4 0.39140625 0.47734375 0.17734375 0.0390625
4 0.4046875 0.5140625 0.1484375 0.0359375
4 0.16015625 0.4796875 0.146875 0.0328125
4 0.1609375 0.51015625 0.14765625 0.03359375
2 0.6234375 0.49140625 0.23515625 0.2671875
2 0.375 0.490625 0.23984375 0.275
2 0.2515625 0.771875 0.48125 0.23984375