2 0.86875 0.7578125 0.2390625 0.27578125
2 0.1265625 0.75078125 0.23359375 0.28828125
4 0.0890625 0.77265625 0.11796875 0.034375
4 0.7984375 0.68359375 0.05859375 0.0453125
4 0.55546875 0.15703125 0.0609375 0.0375
4 0.30234375 0.68359375 0.059375 0.03515625
4 0.5546875 0.68515625 0.065625 0.04140625
0 0.2984375 0.82578125 0.04609375 0.05859375
4 0.0578125 0.42109375 0.0609375 0.0359375
4 0.18046875 0.21796875 0.3015625 0.03828125
4 0.0546875 0.684375 0.053125 0.03515625
0 0.79453125 0.82578125 0.05703125 0.06328125
4 0.18203125 0.47734375 0.2984375 0.04140625
4 0.059375 0.1578125 0.0546875 0.0375
0 0.54921875 0.26875 0.06015625 0.06484375
4 0.5015625 0.95546875 0.134375 0.05703125
0 0.13828125 0.03984375 0.0703125 0.075
0 0.0609375 0.82421875 0.071875 0.0625
0 0.05625 0.04140625 0.07734375 0.07109375
0 0.06328125 0.53203125 0.07265625 0.0625
0 0.05390625 0.26875 0.06171875 0.06171875
0 0.21953125 0.040625 0.0828125 0.078125
0 0.55625 0.82421875 0.07265625 0.0640625
4 0.68515625 0.221875 0.3234375 0.046875
4 0.1265625 0.7375 0.19609375 0.0359375
4 0.36328125 0.7390625 0.175 0.03125
4 0.340625 0.76796875 0.1296875 0.03515625
4 0.6125 0.7390625 0.18046875 0.03828125
4 0.58203125 0.77265625 0.12421875 0.0234375
4 0.84921875 0.740625 0.1578125 0.03046875
4 0.85703125 0.7703125 0.16640625 0.03984375
2 0.25390625 0.21796875 0.4859375 0.24453125
2 0.7484375 0.21875 0.4890625 0.24296875
2 0.50234375 0.47890625 0.9796875 0.23359375
2 0.37734375 0.7515625 0.2453125 0.27109375
2 0.6203125 0.75390625 0.23515625 0.27421875