2 0.25859375 0.51875 0.48984375 0.240625
2 0.13125 0.23359375 0.234375 0.26484375
2 0.86640625 0.228125 0.2359375 0.2796875
4 0.7984375 0.16171875 0.05546875 0.0359375
4 0.1828125 0.771875 0.30390625 0.04140625
4 0.67734375 0.50390625 0.30390625 0.04296875
4 0.0859375 0.24921875 0.1140625 0.03828125
4 0.55625 0.44765625 0.0703125 0.03671875
4 0.55 0.16171875 0.0609375 0.0359375
0 0.80078125 0.30703125 0.059375 0.0578125
0 0.546875 0.5578125 0.0609375 0.06328125
4 0.17421875 0.50546875 0.2953125 0.0390625
4 0.05859375 0.71328125 0.0546875 0.02890625
4 0.05234375 0.44765625 0.0515625 0.0421875
0 0.059375 0.82421875 0.07109375 0.06484375
4 0.05234375 0.1625 0.046875 0.0375
4 0.3046875 0.1640625 0.053125 0.04375
0 0.5546875 0.3046875 0.07109375 0.0609375
0 0.0546875 0.30546875 0.06328125 0.06171875
0 0.30703125 0.30546875 0.06875 0.06015625
4 0.5015625 0.95625 0.13671875 0.05078125
0 0.05859375 0.55859375 0.071875 0.05859375
0 0.05390625 0.0390625 0.0671875 0.07109375
0 0.128125 0.0390625 0.07109375 0.075
4 0.11875 0.215625 0.190625 0.0375
4 0.35234375 0.2171875 0.14921875 0.02734375
4 0.353125 0.24921875 0.146875 0.0265625
4 0.61796875 0.2171875 0.1921875 0.0359375
4 0.578125 0.25078125 0.11953125 0.025
4 0.86171875 0.2171875 0.1890625 0.0359375
4 0.815625 0.25078125 0.09765625 0.0328125
2 0.496875 0.77421875 0.98203125 0.246875
2 0.74921875 0.50625 0.4796875 0.2359375
2 0.62265625 0.23046875 0.2390625 0.2671875
2 0.3765625 0.2296875 0.23203125 0.26875