4 0.8953125 0.21796875 0.1515625 0.03125
2 0.1296875 0.22890625 0.23125 0.28515625
2 0.378125 0.2515625 0.22890625 0.29140625
2 0.61953125 0.228125 0.23515625 0.26484375
4 0.45625 0.2828125 0.0453125 0.025
4 0.20234375 0.1625 0.05546875 0.03515625
4 0.4421875 0.16484375 0.078125 0.0359375
0 0.4546875 0.33515625 0.0484375 0.05546875
4 0.69375 0.1640625 0.05625 0.040625
4 0.9453125 0.16171875 0.0515625 0.03671875
0 0.1984375 0.3046875 0.07109375 0.06484375
4 0.49765625 0.46796875 0.134375 0.06015625
0 0.79140625 0.0390625 0.07421875 0.075
0 0.94453125 0.03984375 0.075 0.07109375
0 0.94375 0.3046875 0.06640625 0.06640625
0 0.86796875 0.03984375 0.0734375 0.07578125
0 0.6953125 0.30625 0.06484375 0.065625
4 0.88984375 0.25546875 0.15859375 0.02734375
4 0.634375 0.2203125 0.18828125 0.02890625
4 0.66328125 0.24921875 0.1296875 0.02734375
4 0.43125 0.21953125 0.09609375 0.03125
4 0.38515625 0.25390625 0.18828125 0.0265625
4 0.1359375 0.2171875 0.18671875 0.0328125
4 0.16328125 0.25234375 0.1359375 0.034375
2 0.87109375 0.23984375 0.2421875 0.27734375