2 0.74921875 0.75078125 0.50078125 0.26953125
4 0.31484375 0.73984375 0.31484375 0.05390625
4 0.81640625 0.73984375 0.3140625 0.05390625
4 0.946875 0.68125 0.05234375 0.0390625
4 0.81953125 0.215625 0.3125 0.0375
4 0.94296875 0.42265625 0.05859375 0.03828125
4 0.94453125 0.165625 0.05078125 0.0375
4 0.81796875 0.4828125 0.3046875 0.04296875
0 0.8890625 0.04140625 0.0609375 0.07265625
0 0.93828125 0.53203125 0.06953125 0.06015625
4 0.49921875 0.9265625 0.134375 0.05625
0 0.95078125 0.03984375 0.06015625 0.071875
0 0.940625 0.2703125 0.06953125 0.06171875
0 0.44296875 0.790625 0.06953125 0.06328125
0 0.9390625 0.7890625 0.07265625 0.0609375
0 0.82109375 0.040625 0.0703125 0.0734375
4 0.44140625 0.68359375 0.05625 0.034375
2 0.50703125 0.22109375 0.984375 0.25546875
2 0.50234375 0.48671875 0.9859375 0.2421875
2 0.2515625 0.7453125 0.4796875 0.2546875