4 0.19140625 0.2171875 0.321875 0.046875
4 0.1734375 0.4796875 0.296875 0.03515625
4 0.05546875 0.425 0.05625 0.0359375
4 0.05859375 0.1609375 0.06328125 0.03671875
4 0.50078125 0.66640625 0.13515625 0.05625
0 0.27578125 0.040625 0.0703125 0.07421875
0 0.05390625 0.27265625 0.06015625 0.0625
0 0.06171875 0.53125 0.07421875 0.06484375
0 0.05625 0.0390625 0.07578125 0.07109375
0 0.1328125 0.0390625 0.0734375 0.0765625
0 0.20390625 0.03984375 0.06171875 0.075
2 0.5 0.2265625 0.98671875 0.2453125
2 0.496875 0.48515625 0.98828125 0.2484375