4 0.80859375 0.2171875 0.321875 0.046875
4 0.8265625 0.4796875 0.296875 0.03515625
4 0.94453125 0.425 0.05625 0.0359375
4 0.94140625 0.1609375 0.06328125 0.03671875
4 0.49921875 0.66640625 0.13515625 0.05625
0 0.72421875 0.040625 0.0703125 0.07421875
0 0.94609375 0.27265625 0.06015625 0.0625
0 0.93828125 0.53125 0.07421875 0.06484375
0 0.94375 0.0390625 0.07578125 0.07109375
0 0.8671875 0.0390625 0.0734375 0.0765625
0 0.79609375 0.03984375 0.06171875 0.075
2 0.5 0.2265625 0.98671875 0.2453125
2 0.503125 0.48515625 0.98828125 0.2484375