2 0.37421875 0.23046875 0.2296875 0.271875
2 0.12578125 0.2453125 0.2515625 0.3046875
2 0.8703125 0.22890625 0.22890625 0.2796875
4 0.7984375 0.1640625 0.06015625 0.0328125
2 0.62109375 0.22890625 0.22890625 0.2765625
4 0.0796875 0.21328125 0.1 0.0265625
4 0.55390625 0.1640625 0.06171875 0.034375
0 0.79921875 0.30703125 0.059375 0.0625
4 0.05703125 0.16328125 0.05859375 0.03515625
0 0.546875 0.30703125 0.0578125 0.06328125
4 0.5015625 0.46796875 0.13671875 0.0578125
0 0.30703125 0.3046875 0.065625 0.0578125
4 0.3015625 0.16328125 0.05078125 0.040625
0 0.05703125 0.0390625 0.07734375 0.07265625
0 0.13515625 0.03828125 0.06796875 0.075
0 0.2140625 0.040625 0.071875 0.07265625
0 0.37578125 0.03984375 0.078125 0.0734375
0 0.2921875 0.03984375 0.0734375 0.0734375
0 0.05859375 0.33359375 0.06953125 0.06640625
4 0.12421875 0.25 0.1984375 0.0328125
4 0.0375 0.278125 0.0171875 0.02109375
4 0.37578125 0.2171875 0.20078125 0.0296875
4 0.32265625 0.25 0.09453125 0.02578125
4 0.61875 0.2171875 0.196875 0.0359375
4 0.56875 0.25234375 0.096875 0.0375
4 0.85390625 0.21640625 0.16875 0.034375
4 0.82734375 0.2515625 0.11953125 0.02890625