4 0.67109375 0.76953125 0.11171875 0.0390625
2 0.128125 0.75859375 0.23828125 0.2859375
4 0.31640625 0.21875 0.309375 0.04296875
2 0.87109375 0.75546875 0.2359375 0.27265625
4 0.20625 0.67890625 0.05078125 0.040625
4 0.44765625 0.68359375 0.053125 0.03359375
4 0.4390625 0.15625 0.06875 0.04140625
0 0.2 0.825 0.0578125 0.0609375
4 0.94140625 0.4234375 0.0640625 0.034375
4 0.696875 0.684375 0.059375 0.0359375
4 0.8265625 0.21484375 0.29453125 0.04375
4 0.9453125 0.68671875 0.04765625 0.04453125
4 0.81953125 0.475 0.30859375 0.03671875
4 0.94609375 0.159375 0.04921875 0.03515625
0 0.44765625 0.825 0.0671875 0.06484375
0 0.93671875 0.53046875 0.07109375 0.059375
4 0.4984375 0.95546875 0.134375 0.05703125
0 0.93984375 0.825 0.071875 0.0640625
0 0.95078125 0.26953125 0.0578125 0.0625
0 0.94921875 0.03828125 0.0625 0.07265625
0 0.88125 0.04140625 0.06953125 0.075
0 0.80546875 0.03984375 0.0765625 0.075
0 0.69765625 0.825 0.06484375 0.06796875
0 0.4453125 0.26640625 0.0671875 0.06484375
4 0.8859375 0.73828125 0.1703125 0.0328125
4 0.89609375 0.7734375 0.15703125 0.028125
4 0.63125 0.73828125 0.190625 0.03515625
4 0.38984375 0.73671875 0.1765625 0.0328125
4 0.4171875 0.7703125 0.12265625 0.034375
4 0.1296875 0.73828125 0.19921875 0.03515625
4 0.18125 0.7734375 0.09453125 0.02734375
2 0.7515625 0.21484375 0.4828125 0.2421875
2 0.25234375 0.21171875 0.48359375 0.24296875
2 0.50234375 0.48515625 0.9890625 0.2421875
2 0.6234375 0.7546875 0.23984375 0.2625
2 0.37890625 0.7546875 0.23671875 0.275