4 0.32890625 0.76953125 0.11171875 0.0390625
2 0.871875 0.75859375 0.23828125 0.2859375
4 0.68359375 0.21875 0.309375 0.04296875
2 0.12890625 0.75546875 0.2359375 0.27265625
4 0.79375 0.67890625 0.05078125 0.040625
4 0.55234375 0.68359375 0.053125 0.03359375
4 0.5609375 0.15625 0.06875 0.04140625
0 0.8 0.825 0.0578125 0.0609375
4 0.05859375 0.4234375 0.0640625 0.034375
4 0.303125 0.684375 0.059375 0.0359375
4 0.1734375 0.21484375 0.29453125 0.04375
4 0.0546875 0.68671875 0.04765625 0.04453125
4 0.18046875 0.475 0.30859375 0.03671875
4 0.05390625 0.159375 0.04921875 0.03515625
0 0.55234375 0.825 0.0671875 0.06484375
0 0.06328125 0.53046875 0.07109375 0.059375
4 0.5015625 0.95546875 0.134375 0.05703125
0 0.06015625 0.825 0.071875 0.0640625
0 0.04921875 0.26953125 0.0578125 0.0625
0 0.05078125 0.03828125 0.0625 0.07265625
0 0.11875 0.04140625 0.06953125 0.075
0 0.19453125 0.03984375 0.0765625 0.075
0 0.30234375 0.825 0.06484375 0.06796875
0 0.5546875 0.26640625 0.0671875 0.06484375
4 0.1140625 0.73828125 0.1703125 0.0328125
4 0.10390625 0.7734375 0.15703125 0.028125
4 0.36875 0.73828125 0.190625 0.03515625
4 0.61015625 0.73671875 0.1765625 0.0328125
4 0.5828125 0.7703125 0.12265625 0.034375
4 0.8703125 0.73828125 0.19921875 0.03515625
4 0.81875 0.7734375 0.09453125 0.02734375
2 0.2484375 0.21484375 0.4828125 0.2421875
2 0.74765625 0.21171875 0.48359375 0.24296875
2 0.49765625 0.48515625 0.9890625 0.2421875
2 0.3765625 0.7546875 0.23984375 0.2625
2 0.62109375 0.7546875 0.23671875 0.275