2 0.75546875 0.4796875 0.4890625 0.23828125
4 0.5484375 0.41875 0.04609375 0.03515625
4 0.16875 0.74453125 0.2890625 0.03984375
4 0.67265625 0.4734375 0.2984375 0.04140625
4 0.053125 0.16484375 0.05234375 0.0359375
4 0.0546875 0.68515625 0.05390625 0.03515625
4 0.0578125 0.41796875 0.059375 0.0375
4 0.19140625 0.2171875 0.33046875 0.03515625
0 0.05390625 0.79140625 0.06015625 0.059375
4 0.171875 0.47265625 0.29296875 0.0453125
4 0.50078125 0.925 0.1359375 0.0515625
0 0.0640625 0.27109375 0.075 0.06484375
0 0.05234375 0.0390625 0.06640625 0.07109375
0 0.55703125 0.528125 0.06953125 0.06171875
0 0.06328125 0.52734375 0.0734375 0.0640625
0 0.1296875 0.0390625 0.08046875 0.07265625
2 0.4984375 0.21796875 0.98515625 0.2453125
2 0.25 0.4765625 0.4921875 0.24140625
2 0.49921875 0.7453125 0.97890625 0.23984375