2 0.24453125 0.4796875 0.4890625 0.23828125
4 0.4515625 0.41875 0.04609375 0.03515625
4 0.83125 0.74453125 0.2890625 0.03984375
4 0.32734375 0.4734375 0.2984375 0.04140625
4 0.946875 0.16484375 0.05234375 0.0359375
4 0.9453125 0.68515625 0.05390625 0.03515625
4 0.9421875 0.41796875 0.059375 0.0375
4 0.80859375 0.2171875 0.33046875 0.03515625
0 0.94609375 0.79140625 0.06015625 0.059375
4 0.828125 0.47265625 0.29296875 0.0453125
4 0.49921875 0.925 0.1359375 0.0515625
0 0.9359375 0.27109375 0.075 0.06484375
0 0.94765625 0.0390625 0.06640625 0.07109375
0 0.44296875 0.528125 0.06953125 0.06171875
0 0.93671875 0.52734375 0.0734375 0.0640625
0 0.8703125 0.0390625 0.08046875 0.07265625
2 0.5015625 0.21796875 0.98515625 0.2453125
2 0.75 0.4765625 0.4921875 0.24140625
2 0.50078125 0.7453125 0.97890625 0.23984375