2 0.61953125 0.23359375 0.23046875 0.26484375
2 0.3796875 0.23046875 0.22890625 0.26796875
4 0.821875 0.50546875 0.29765625 0.03828125
2 0.87109375 0.221875 0.2421875 0.26484375
2 0.1265625 0.2296875 0.22578125 0.284375
4 0.20234375 0.16640625 0.05390625 0.03828125
4 0.44296875 0.44921875 0.06640625 0.03515625
4 0.94609375 0.71015625 0.0484375 0.03125
4 0.45 0.1625 0.05546875 0.03515625
4 0.81953125 0.7703125 0.309375 0.034375
0 0.20625 0.3046875 0.05390625 0.0578125
4 0.6984375 0.1640625 0.0484375 0.0328125
4 0.9421875 0.16484375 0.05859375 0.0375
4 0.94453125 0.4484375 0.0578125 0.0390625
0 0.45 0.30625 0.06328125 0.0671875
0 0.940625 0.3046875 0.07265625 0.06015625
0 0.94921875 0.03828125 0.05625 0.075
0 0.69375 0.3046875 0.06484375 0.059375
0 0.88828125 0.040625 0.06640625 0.07265625
0 0.44375 0.55703125 0.0703125 0.05859375
4 0.4984375 0.95625 0.13671875 0.05078125
0 0.94375 0.825 0.06953125 0.06640625
0 0.94296875 0.55625 0.06953125 0.0609375
4 0.8875 0.221875 0.17578125 0.0296875
4 0.91640625 0.2515625 0.11171875 0.03203125
4 0.63359375 0.221875 0.18046875 0.0328125
4 0.67421875 0.25234375 0.103125 0.03515625
4 0.38046875 0.2203125 0.196875 0.0359375
4 0.42578125 0.253125 0.11015625 0.03671875
4 0.15 0.21953125 0.15859375 0.03046875
4 0.14140625 0.25 0.17734375 0.03125
4 0.3203125 0.5046875 0.31171875 0.03359375
2 0.75078125 0.5078125 0.4796875 0.25546875
2 0.25390625 0.50703125 0.48359375 0.25390625
2 0.5 0.7796875 0.984375 0.25390625