2 0.7453125 0.7671875 0.475 0.24140625
2 0.8734375 0.22578125 0.2296875 0.28046875
2 0.1296875 0.2265625 0.2296875 0.2765625
4 0.81328125 0.76953125 0.315625 0.0453125
2 0.37734375 0.2328125 0.23046875 0.27265625
2 0.61796875 0.2296875 0.234375 0.26796875
4 0.325 0.7671875 0.29921875 0.04453125
4 0.81796875 0.50703125 0.303125 0.03671875
4 0.44453125 0.16328125 0.06796875 0.03359375
4 0.93984375 0.453125 0.059375 0.03515625
0 0.45390625 0.30546875 0.05390625 0.0625
0 0.2 0.30546875 0.0609375 0.06015625
4 0.94453125 0.16171875 0.05234375 0.03515625
4 0.94453125 0.709375 0.05234375 0.034375
4 0.20546875 0.16328125 0.05 0.03984375
4 0.49765625 0.95546875 0.134375 0.05859375
4 0.69140625 0.1625 0.065625 0.0375
0 0.7078125 0.03984375 0.08046875 0.07265625
0 0.4453125 0.8203125 0.06796875 0.06171875
0 0.7921875 0.03984375 0.071875 0.0734375
0 0.94296875 0.56328125 0.0703125 0.0609375
0 0.86796875 0.040625 0.0734375 0.075
0 0.94140625 0.3046875 0.07109375 0.0625
0 0.94453125 0.03984375 0.0734375 0.0734375
0 0.69375 0.3046875 0.06796875 0.059375
0 0.94609375 0.82109375 0.06796875 0.0625
4 0.875 0.225 0.1984375 0.0359375
4 0.91796875 0.2515625 0.11015625 0.03359375
4 0.63828125 0.21875 0.17734375 0.02890625
4 0.65234375 0.25234375 0.1484375 0.03515625
4 0.37578125 0.21953125 0.2046875 0.03125
4 0.41484375 0.253125 0.12265625 0.0359375
4 0.17421875 0.221875 0.1140625 0.03515625
4 0.12890625 0.25234375 0.20703125 0.03046875
4 0.446875 0.7140625 0.0421875 0.04375
2 0.49921875 0.5125 0.98515625 0.23828125
2 0.253125 0.771875 0.48046875 0.2546875