2 0.2546875 0.7671875 0.475 0.24140625
2 0.1265625 0.22578125 0.2296875 0.28046875
2 0.8703125 0.2265625 0.2296875 0.2765625
4 0.18671875 0.76953125 0.315625 0.0453125
2 0.62265625 0.2328125 0.23046875 0.27265625
2 0.38203125 0.2296875 0.234375 0.26796875
4 0.675 0.7671875 0.29921875 0.04453125
4 0.18203125 0.50703125 0.303125 0.03671875
4 0.55546875 0.16328125 0.06796875 0.03359375
4 0.06015625 0.453125 0.059375 0.03515625
0 0.54609375 0.30546875 0.05390625 0.0625
0 0.8 0.30546875 0.0609375 0.06015625
4 0.05546875 0.16171875 0.05234375 0.03515625
4 0.05546875 0.709375 0.05234375 0.034375
4 0.79453125 0.16328125 0.05 0.03984375
4 0.50234375 0.95546875 0.134375 0.05859375
4 0.30859375 0.1625 0.065625 0.0375
0 0.2921875 0.03984375 0.08046875 0.07265625
0 0.5546875 0.8203125 0.06796875 0.06171875
0 0.2078125 0.03984375 0.071875 0.0734375
0 0.05703125 0.56328125 0.0703125 0.0609375
0 0.13203125 0.040625 0.0734375 0.075
0 0.05859375 0.3046875 0.07109375 0.0625
0 0.05546875 0.03984375 0.0734375 0.0734375
0 0.30625 0.3046875 0.06796875 0.059375
0 0.05390625 0.82109375 0.06796875 0.0625
4 0.125 0.225 0.1984375 0.0359375
4 0.08203125 0.2515625 0.11015625 0.03359375
4 0.36171875 0.21875 0.17734375 0.02890625
4 0.34765625 0.25234375 0.1484375 0.03515625
4 0.62421875 0.21953125 0.2046875 0.03125
4 0.58515625 0.253125 0.12265625 0.0359375
4 0.82578125 0.221875 0.1140625 0.03515625
4 0.87109375 0.25234375 0.20703125 0.03046875
4 0.553125 0.7140625 0.0421875 0.04375
2 0.50078125 0.5125 0.98515625 0.23828125
2 0.746875 0.771875 0.48046875 0.2546875