4 0.82265625 0.8015625 0.2921875 0.03984375
2 0.50234375 0.540625 0.9828125 0.2578125
2 0.128125 0.22734375 0.23125 0.2765625
4 0.821875 0.5390625 0.3 0.02734375
2 0.62109375 0.23125 0.23359375 0.26171875
2 0.8671875 0.2453125 0.23359375 0.26875
4 0.315625 0.80078125 0.31796875 0.0453125
4 0.93125 0.2125 0.0828125 0.02578125
4 0.2 0.16328125 0.05625 0.03984375
4 0.44453125 0.74296875 0.06015625 0.04140625
4 0.4515625 0.16171875 0.05546875 0.03515625
4 0.9453125 0.74296875 0.053125 0.034375
4 0.7015625 0.16796875 0.0421875 0.03515625
4 0.49765625 0.98046875 0.1296875 0.0390625
4 0.9484375 0.1671875 0.04375 0.03359375
4 0.94375 0.48359375 0.05703125 0.03828125
0 0.2 0.30546875 0.06953125 0.06328125
0 0.4390625 0.84765625 0.07265625 0.06015625
0 0.93671875 0.58984375 0.07734375 0.06328125
0 0.94765625 0.85078125 0.0578125 0.0609375
0 0.9359375 0.33125 0.075 0.06328125
0 0.6609375 0.0390625 0.07734375 0.07421875
0 0.69296875 0.30546875 0.0671875 0.06015625
0 0.446875 0.3046875 0.06796875 0.06484375
0 0.87578125 0.0390625 0.06171875 0.075
0 0.80546875 0.04140625 0.07890625 0.075
0 0.9453125 0.03828125 0.0703125 0.07265625
0 0.73359375 0.03984375 0.0640625 0.07265625
4 0.87578125 0.25078125 0.19765625 0.03515625
4 0.95703125 0.2765625 0.03359375 0.01640625
4 0.64140625 0.2171875 0.16796875 0.0328125
4 0.66015625 0.25 0.13515625 0.03125
4 0.3890625 0.21796875 0.18203125 0.04140625
4 0.4109375 0.25 0.1390625 0.0328125
4 0.14375 0.21875 0.16875 0.02578125
4 0.15546875 0.24765625 0.15390625 0.0359375
2 0.37734375 0.23359375 0.23671875 0.26484375
2 0.7515625 0.8046875 0.49296875 0.23515625
2 0.25 0.803125 0.48984375 0.25