2 0.38046875 0.23125 0.234375 0.26796875
4 0.17734375 0.76796875 0.29609375 0.03984375
2 0.621875 0.23203125 0.23203125 0.26875
2 0.13046875 0.23203125 0.234375 0.2640625
2 0.2484375 0.51015625 0.496875 0.246875
2 0.87109375 0.23203125 0.225 0.28515625
4 0.5546875 0.4453125 0.0640625 0.03984375
4 0.68359375 0.50703125 0.31484375 0.0453125
4 0.17890625 0.50859375 0.30390625 0.03984375
4 0.55390625 0.1625 0.06484375 0.040625
0 0.04921875 0.82421875 0.0546875 0.059375
0 0.7921875 0.30546875 0.05390625 0.05703125
4 0.06015625 0.44921875 0.06953125 0.034375
0 0.04921875 0.30703125 0.05390625 0.059375
4 0.30625 0.16484375 0.0546875 0.0421875
4 0.0578125 0.71171875 0.05546875 0.03359375
4 0.05390625 0.16171875 0.05234375 0.03984375
0 0.54921875 0.30546875 0.0625 0.06484375
0 0.11953125 0.040625 0.06796875 0.075
0 0.30625 0.3046875 0.0671875 0.059375
4 0.5015625 0.95625 0.13671875 0.05078125
0 0.5546875 0.5578125 0.0703125 0.065625
0 0.05 0.03984375 0.0640625 0.075
0 0.1890625 0.03984375 0.06328125 0.071875
0 0.0578125 0.55546875 0.07109375 0.06015625
4 0.08203125 0.22109375 0.10859375 0.028125
4 0.11484375 0.25 0.171875 0.0328125
4 0.35546875 0.21875 0.1640625 0.03359375
4 0.3375 0.25 0.13203125 0.03671875
4 0.61953125 0.21875 0.19921875 0.02890625
4 0.57890625 0.2515625 0.1203125 0.02265625
4 0.8640625 0.2171875 0.19296875 0.03515625
4 0.8234375 0.25 0.1109375 0.0296875
4 0.79921875 0.175 0.0609375 0.04375
2 0.75078125 0.51015625 0.48046875 0.2484375
2 0.5015625 0.77578125 0.98046875 0.24609375