3 0.1359375 0.040625 0.08359375 0.078125
4 0.54765625 0.1640625 0.0578125 0.0390625
2 0.8703125 0.22890625 0.228125 0.2796875
2 0.3828125 0.78515625 0.2421875 0.2671875
2 0.13046875 0.7796875 0.2359375 0.27109375
2 0.62421875 0.234375 0.23359375 0.2640625
2 0.8671875 0.79140625 0.24140625 0.29453125
2 0.13125 0.22421875 0.2390625 0.25625
2 0.38046875 0.23046875 0.23203125 0.26328125
4 0.30078125 0.71484375 0.05390625 0.04453125
4 0.80078125 0.1609375 0.05546875 0.0328125
4 0.7984375 0.71484375 0.05546875 0.0375
4 0.18046875 0.50625 0.3078125 0.03359375
4 0.55546875 0.715625 0.06796875 0.03984375
4 0.50234375 0.98046875 0.12421875 0.0390625
0 0.5484375 0.30546875 0.05546875 0.06640625
4 0.05859375 0.16328125 0.06015625 0.03359375
0 0.05390625 0.56328125 0.06015625 0.0546875
4 0.05625 0.453125 0.05234375 0.03359375
4 0.05703125 0.71640625 0.05234375 0.034375
4 0.3015625 0.1625 0.0515625 0.03515625
0 0.8015625 0.3046875 0.0703125 0.0625
0 0.05234375 0.30703125 0.0609375 0.0625
0 0.80078125 0.8546875 0.07265625 0.06015625
0 0.31015625 0.853125 0.0765625 0.06171875
0 0.0546875 0.03984375 0.07265625 0.0703125
0 0.134375 0.0390625 0.078125 0.07578125
0 0.059375 0.8546875 0.06796875 0.0609375
0 0.30625 0.3046875 0.06484375 0.0625
0 0.5546875 0.85390625 0.0703125 0.06171875
4 0.1140625 0.21875 0.178125 0.02578125
4 0.08515625 0.2515625 0.1203125 0.0359375
4 0.340625 0.2171875 0.13046875 0.0328125
4 0.3671875 0.2515625 0.1859375 0.0328125
4 0.6046875 0.21875 0.17109375 0.0296875
4 0.5921875 0.246875 0.14453125 0.03203125
4 0.86015625 0.21953125 0.18515625 0.040625
4 0.8203125 0.25234375 0.1109375 0.0203125
4 0.125 0.771875 0.19765625 0.03046875
4 0.07734375 0.79921875 0.10390625 0.02734375
4 0.34453125 0.7734375 0.140625 0.028125
4 0.36484375 0.80703125 0.18203125 0.0328125
4 0.62109375 0.77109375 0.19296875 0.02578125
4 0.5796875 0.8015625 0.1203125 0.025
4 0.8578125 0.7703125 0.17265625 0.0296875
4 0.83046875 0.8046875 0.13359375 0.034375
2 0.5 0.5109375 0.98359375 0.23828125
2 0.62421875 0.78515625 0.2390625 0.27578125