3 0.8640625 0.040625 0.08359375 0.078125
4 0.45234375 0.1640625 0.0578125 0.0390625
2 0.1296875 0.22890625 0.228125 0.2796875
2 0.6171875 0.78515625 0.2421875 0.2671875
2 0.86953125 0.7796875 0.2359375 0.27109375
2 0.37578125 0.234375 0.23359375 0.2640625
2 0.1328125 0.79140625 0.24140625 0.29453125
2 0.86875 0.22421875 0.2390625 0.25625
2 0.61953125 0.23046875 0.23203125 0.26328125
4 0.69921875 0.71484375 0.05390625 0.04453125
4 0.19921875 0.1609375 0.05546875 0.0328125
4 0.2015625 0.71484375 0.05546875 0.0375
4 0.81953125 0.50625 0.3078125 0.03359375
4 0.44453125 0.715625 0.06796875 0.03984375
4 0.49765625 0.98046875 0.12421875 0.0390625
0 0.4515625 0.30546875 0.05546875 0.06640625
4 0.94140625 0.16328125 0.06015625 0.03359375
0 0.94609375 0.56328125 0.06015625 0.0546875
4 0.94375 0.453125 0.05234375 0.03359375
4 0.94296875 0.71640625 0.05234375 0.034375
4 0.6984375 0.1625 0.0515625 0.03515625
0 0.1984375 0.3046875 0.0703125 0.0625
0 0.94765625 0.30703125 0.0609375 0.0625
0 0.19921875 0.8546875 0.07265625 0.06015625
0 0.68984375 0.853125 0.0765625 0.06171875
0 0.9453125 0.03984375 0.07265625 0.0703125
0 0.865625 0.0390625 0.078125 0.07578125
0 0.940625 0.8546875 0.06796875 0.0609375
0 0.69375 0.3046875 0.06484375 0.0625
0 0.4453125 0.85390625 0.0703125 0.06171875
4 0.8859375 0.21875 0.178125 0.02578125
4 0.91484375 0.2515625 0.1203125 0.0359375
4 0.659375 0.2171875 0.13046875 0.0328125
4 0.6328125 0.2515625 0.1859375 0.0328125
4 0.3953125 0.21875 0.17109375 0.0296875
4 0.4078125 0.246875 0.14453125 0.03203125
4 0.13984375 0.21953125 0.18515625 0.040625
4 0.1796875 0.25234375 0.1109375 0.0203125
4 0.875 0.771875 0.19765625 0.03046875
4 0.92265625 0.79921875 0.10390625 0.02734375
4 0.65546875 0.7734375 0.140625 0.028125
4 0.63515625 0.80703125 0.18203125 0.0328125
4 0.37890625 0.77109375 0.19296875 0.02578125
4 0.4203125 0.8015625 0.1203125 0.025
4 0.1421875 0.7703125 0.17265625 0.0296875
4 0.16953125 0.8046875 0.13359375 0.034375
2 0.5 0.5109375 0.98359375 0.23828125
2 0.37578125 0.78515625 0.2390625 0.27578125