2 0.37734375 0.23046875 0.23125 0.2671875
4 0.70234375 0.16875 0.0421875 0.03046875
4 0.8109375 0.7703125 0.3234375 0.05
2 0.1328125 0.23984375 0.2359375 0.28203125
2 0.49765625 0.51015625 0.97890625 0.2484375
2 0.8703125 0.2296875 0.2328125 0.25625
4 0.31171875 0.7671875 0.32265625 0.04453125
2 0.62421875 0.234375 0.23359375 0.26484375
4 0.19921875 0.16171875 0.059375 0.034375
4 0.94453125 0.45390625 0.04921875 0.0296875
4 0.82109375 0.509375 0.303125 0.03515625
4 0.45078125 0.165625 0.05078125 0.03984375
4 0.94140625 0.709375 0.065625 0.04140625
4 0.9484375 0.16328125 0.0484375 0.03515625
0 0.20234375 0.30546875 0.05703125 0.0625
0 0.44765625 0.30546875 0.0671875 0.06484375
4 0.49765625 0.95546875 0.13515625 0.05859375
0 0.875 0.03828125 0.06953125 0.07109375
0 0.44375 0.8203125 0.06875 0.059375
0 0.9390625 0.5625 0.06953125 0.05703125
0 0.94140625 0.30546875 0.0734375 0.06328125
0 0.73359375 0.03984375 0.078125 0.0734375
0 0.69375 0.3046875 0.0671875 0.059375
0 0.80625 0.03984375 0.0640625 0.075
0 0.946875 0.0390625 0.06796875 0.071875
0 0.94609375 0.82109375 0.0671875 0.0640625
4 0.91328125 0.21875 0.12265625 0.025
4 0.8734375 0.25 0.20390625 0.034375
4 0.6453125 0.22109375 0.16171875 0.034375
4 0.6546875 0.25390625 0.1453125 0.034375
4 0.3796875 0.2203125 0.19609375 0.0328125
4 0.421875 0.25390625 0.109375 0.0265625
4 0.17578125 0.21953125 0.11484375 0.025
4 0.1328125 0.25 0.19609375 0.03828125
4 0.44765625 0.715625 0.05078125 0.04296875
2 0.746875 0.77421875 0.4796875 0.24453125
2 0.25078125 0.7703125 0.48515625 0.2453125