2 0.62265625 0.23046875 0.23125 0.2671875
4 0.29765625 0.16875 0.0421875 0.03046875
4 0.1890625 0.7703125 0.3234375 0.05
2 0.8671875 0.23984375 0.2359375 0.28203125
2 0.50234375 0.51015625 0.97890625 0.2484375
2 0.1296875 0.2296875 0.2328125 0.25625
4 0.68828125 0.7671875 0.32265625 0.04453125
2 0.37578125 0.234375 0.23359375 0.26484375
4 0.80078125 0.16171875 0.059375 0.034375
4 0.05546875 0.45390625 0.04921875 0.0296875
4 0.17890625 0.509375 0.303125 0.03515625
4 0.54921875 0.165625 0.05078125 0.03984375
4 0.05859375 0.709375 0.065625 0.04140625
4 0.0515625 0.16328125 0.0484375 0.03515625
0 0.79765625 0.30546875 0.05703125 0.0625
0 0.55234375 0.30546875 0.0671875 0.06484375
4 0.50234375 0.95546875 0.13515625 0.05859375
0 0.125 0.03828125 0.06953125 0.07109375
0 0.55625 0.8203125 0.06875 0.059375
0 0.0609375 0.5625 0.06953125 0.05703125
0 0.05859375 0.30546875 0.0734375 0.06328125
0 0.26640625 0.03984375 0.078125 0.0734375
0 0.30625 0.3046875 0.0671875 0.059375
0 0.19375 0.03984375 0.0640625 0.075
0 0.053125 0.0390625 0.06796875 0.071875
0 0.05390625 0.82109375 0.0671875 0.0640625
4 0.08671875 0.21875 0.12265625 0.025
4 0.1265625 0.25 0.20390625 0.034375
4 0.3546875 0.22109375 0.16171875 0.034375
4 0.3453125 0.25390625 0.1453125 0.034375
4 0.6203125 0.2203125 0.19609375 0.0328125
4 0.578125 0.25390625 0.109375 0.0265625
4 0.82421875 0.21953125 0.11484375 0.025
4 0.8671875 0.25 0.19609375 0.03828125
4 0.55234375 0.715625 0.05078125 0.04296875
2 0.253125 0.77421875 0.4796875 0.24453125
2 0.74921875 0.7703125 0.48515625 0.2453125