2 0.62265625 0.22421875 0.23828125 0.26796875
2 0.13125 0.51484375 0.24375 0.26484375
2 0.86796875 0.22265625 0.25234375 0.26796875
2 0.12421875 0.2265625 0.24609375 0.26796875
2 0.3828125 0.521875 0.2265625 0.275
2 0.87109375 0.52734375 0.2359375 0.26640625
2 0.378125 0.23203125 0.23046875 0.26484375
4 0.08203125 0.2453125 0.10703125 0.0328125
4 0.5515625 0.45703125 0.059375 0.03984375
4 0.8015625 0.45078125 0.059375 0.040625
4 0.8 0.16015625 0.06328125 0.040625
0 0.296875 0.59453125 0.05390625 0.0625
0 0.80078125 0.30546875 0.065625 0.0609375
4 0.303125 0.16171875 0.05859375 0.03671875
4 0.54765625 0.1640625 0.0546875 0.0328125
0 0.55 0.30625 0.0578125 0.06328125
4 0.059375 0.16875 0.0609375 0.03828125
4 0.3046875 0.45078125 0.05859375 0.0453125
4 0.05625 0.453125 0.053125 0.03515625
0 0.0578125 0.30390625 0.0671875 0.05703125
0 0.8015625 0.590625 0.0703125 0.05859375
4 0.5015625 0.72890625 0.13671875 0.05703125
0 0.55078125 0.5921875 0.06640625 0.06484375
0 0.1203125 0.04140625 0.07578125 0.075
0 0.0609375 0.58984375 0.071875 0.06328125
0 0.04921875 0.03984375 0.05546875 0.075
0 0.3015625 0.30703125 0.0625 0.0625
0 0.27109375 0.04140625 0.08125 0.0734375
0 0.19453125 0.03984375 0.065625 0.075
4 0.12109375 0.2171875 0.19921875 0.03515625
4 0.35546875 0.215625 0.1734375 0.03046875
4 0.334375 0.2515625 0.13046875 0.03984375
4 0.59921875 0.21875 0.15078125 0.02578125
4 0.61484375 0.25 0.18046875 0.03125
4 0.834375 0.2140625 0.1234375 0.02578125
4 0.8484375 0.24609375 0.16015625 0.0359375
4 0.121875 0.50859375 0.190625 0.0359375
4 0.0828125 0.54140625 0.1140625 0.0234375
4 0.33203125 0.51171875 0.11796875 0.0296875
4 0.35546875 0.54375 0.16953125 0.028125
4 0.6109375 0.5109375 0.178125 0.03125
4 0.5828125 0.53984375 0.1359375 0.025
4 0.85234375 0.509375 0.16015625 0.03125
4 0.8421875 0.54296875 0.153125 0.03515625
2 0.625 0.52109375 0.24140625 0.26875