2 0.37734375 0.22421875 0.23828125 0.26796875
2 0.86875 0.51484375 0.24375 0.26484375
2 0.13203125 0.22265625 0.25234375 0.26796875
2 0.87578125 0.2265625 0.24609375 0.26796875
2 0.6171875 0.521875 0.2265625 0.275
2 0.12890625 0.52734375 0.2359375 0.26640625
2 0.621875 0.23203125 0.23046875 0.26484375
4 0.91796875 0.2453125 0.10703125 0.0328125
4 0.4484375 0.45703125 0.059375 0.03984375
4 0.1984375 0.45078125 0.059375 0.040625
4 0.2 0.16015625 0.06328125 0.040625
0 0.703125 0.59453125 0.05390625 0.0625
0 0.19921875 0.30546875 0.065625 0.0609375
4 0.696875 0.16171875 0.05859375 0.03671875
4 0.45234375 0.1640625 0.0546875 0.0328125
0 0.45 0.30625 0.0578125 0.06328125
4 0.940625 0.16875 0.0609375 0.03828125
4 0.6953125 0.45078125 0.05859375 0.0453125
4 0.94375 0.453125 0.053125 0.03515625
0 0.9421875 0.30390625 0.0671875 0.05703125
0 0.1984375 0.590625 0.0703125 0.05859375
4 0.4984375 0.72890625 0.13671875 0.05703125
0 0.44921875 0.5921875 0.06640625 0.06484375
0 0.8796875 0.04140625 0.07578125 0.075
0 0.9390625 0.58984375 0.071875 0.06328125
0 0.95078125 0.03984375 0.05546875 0.075
0 0.6984375 0.30703125 0.0625 0.0625
0 0.72890625 0.04140625 0.08125 0.0734375
0 0.80546875 0.03984375 0.065625 0.075
4 0.87890625 0.2171875 0.19921875 0.03515625
4 0.64453125 0.215625 0.1734375 0.03046875
4 0.665625 0.2515625 0.13046875 0.03984375
4 0.40078125 0.21875 0.15078125 0.02578125
4 0.38515625 0.25 0.18046875 0.03125
4 0.165625 0.2140625 0.1234375 0.02578125
4 0.1515625 0.24609375 0.16015625 0.0359375
4 0.878125 0.50859375 0.190625 0.0359375
4 0.9171875 0.54140625 0.1140625 0.0234375
4 0.66796875 0.51171875 0.11796875 0.0296875
4 0.64453125 0.54375 0.16953125 0.028125
4 0.3890625 0.5109375 0.178125 0.03125
4 0.4171875 0.53984375 0.1359375 0.025
4 0.14765625 0.509375 0.16015625 0.03125
4 0.1578125 0.54296875 0.153125 0.03515625
2 0.375 0.52109375 0.24140625 0.26875