4 0.4453125 0.41875 0.06328125 0.0421875
4 0.81171875 0.4765625 0.32578125 0.0453125
4 0.825 0.21796875 0.29453125 0.0453125
4 0.946875 0.16328125 0.0515625 0.0328125
4 0.94453125 0.4203125 0.0484375 0.03515625
4 0.4984375 0.66484375 0.13359375 0.059375
0 0.4484375 0.5296875 0.0625 0.0671875
0 0.94296875 0.04140625 0.078125 0.07265625
0 0.86015625 0.0390625 0.07890625 0.0734375
0 0.9421875 0.27109375 0.065625 0.059375
0 0.94765625 0.52890625 0.0609375 0.0625
4 0.3453125 0.4734375 0.26328125 0.04140625
2 0.5015625 0.22109375 0.98671875 0.24453125
2 0.74921875 0.47890625 0.48203125 0.24609375
2 0.25078125 0.4796875 0.48515625 0.2453125