4 0.346875 0.47734375 0.146875 0.034375
4 0.5515625 0.71015625 0.0515625 0.03828125
4 0.18046875 0.7703125 0.296875 0.040625
2 0.49921875 0.22421875 0.9859375 0.2390625
4 0.6640625 0.76328125 0.278125 0.03671875
4 0.55078125 0.42109375 0.05546875 0.040625
4 0.79453125 0.42265625 0.0515625 0.0421875
4 0.17890625 0.21953125 0.303125 0.03515625
4 0.0578125 0.7078125 0.06171875 0.03984375
0 0.796875 0.565625 0.0578125 0.06015625
4 0.0546875 0.42421875 0.05078125 0.03515625
4 0.30546875 0.425 0.0609375 0.03359375
0 0.5546875 0.56484375 0.0703125 0.06015625
4 0.50234375 0.95546875 0.13515625 0.05859375
4 0.0625 0.1609375 0.0671875 0.03984375
0 0.059375 0.2703125 0.06953125 0.0609375
0 0.3046875 0.565625 0.06328125 0.0625
0 0.55703125 0.81953125 0.071875 0.0609375
0 0.053125 0.56640625 0.0625 0.0640625
0 0.05078125 0.82109375 0.06171875 0.0625
0 0.11953125 0.040625 0.06796875 0.07578125
0 0.1953125 0.0421875 0.07578125 0.078125
0 0.05078125 0.0390625 0.06328125 0.07421875
0 0.33359375 0.03984375 0.078125 0.07734375
0 0.2671875 0.04296875 0.0546875 0.07734375
4 0.12265625 0.4796875 0.1984375 0.0328125
4 0.08828125 0.5125 0.1171875 0.04609375
4 0.34765625 0.51171875 0.1453125 0.02734375
4 0.621875 0.48359375 0.1984375 0.0375
4 0.5734375 0.5125 0.109375 0.03125
4 0.8671875 0.4828125 0.196875 0.0328125
4 0.825 0.5109375 0.11953125 0.0265625
2 0.13125 0.4953125 0.23671875 0.278125
2 0.375 0.49453125 0.23984375 0.26484375
2 0.62421875 0.48984375 0.23203125 0.2640625
2 0.8703125 0.490625 0.2359375 0.2671875
2 0.25 0.76875 0.4828125 0.24140625
2 0.74765625 0.7703125 0.48046875 0.234375