4 0.17890625 0.109375 0.25 0.06953125
4 0.12109375 0.4359375 0.125 0.0359375
4 0.34296875 0.446875 0.128125 0.04609375
4 0.56328125 0.46953125 0.13203125 0.053125
4 0.56640625 0.6015625 0.12265625 0.05
4 0.33125 0.58515625 0.12109375 0.05703125
4 0.1125 0.5734375 0.11640625 0.04453125
0 0.11328125 0.6421875 0.16484375 0.065625
0 0.33359375 0.65703125 0.18515625 0.08046875
0 0.5609375 0.665625 0.184375 0.08046875
0 0.8484375 0.1328125 0.11328125 0.059375
7 0.68984375 0.121875 0.18359375 0.05859375
3 0.121875 0.30546875 0.13359375 0.20859375
3 0.34765625 0.309375 0.13359375 0.21796875
3 0.57421875 0.3234375 0.13828125 0.2390625