4 0.93984375 0.14921875 0.096875 0.10234375
4 0.89375 0.3375 0.18125 0.10234375
4 0.603125 0.2984375 0.1578125 0.08203125
4 0.43984375 0.28125 0.0546875 0.075
4 0.890625 0.5296875 0.19296875 0.125
4 0.321875 0.271875 0.08671875 0.05390625
4 0.19296875 0.25625 0.07109375 0.071875
4 0.640625 0.496875 0.1125 0.0734375
4 0.4625 0.4875 0.09921875 0.0625
4 0.265625 0.4734375 0.11171875 0.06640625
4 0.07734375 0.4375 0.1078125 0.084375
4 0.071875 0.59765625 0.10234375 0.075
4 0.2609375 0.609375 0.11171875 0.0734375
4 0.45546875 0.63359375 0.11484375 0.08984375
4 0.63203125 0.653125 0.109375 0.07890625
7 0.72265625 0.16015625 0.25625 0.10234375
0 0.321875 0.8390625 0.11640625 0.1578125
0 0.16953125 0.81328125 0.14765625 0.1453125
1 0.365625 0.4734375 0.04296875 0.0875
1 0.71796875 0.5046875 0.03828125 0.075
1 0.546875 0.496875 0.034375 0.08046875
1 0.53828125 0.646875 0.03984375 0.0765625
1 0.71875 0.67265625 0.04453125 0.08203125
1 0.359375 0.634375 0.03828125 0.0734375
1 0.1578125 0.45703125 0.0359375 0.09453125
1 0.15546875 0.60859375 0.0421875 0.1
5 0.70859375 0.3140625 0.02734375 0.0734375
5 0.484375 0.29453125 0.01640625 0.05546875
5 0.37890625 0.2796875 0.02421875 0.059375
5 0.24453125 0.2609375 0.02109375 0.05703125