2 0.86875 0.746875 0.234375 0.2734375
2 0.13125 0.7546875 0.24609375 0.2734375
2 0.2484375 0.4796875 0.49609375 0.23046875
4 0.30390625 0.68125 0.06328125 0.0390625
4 0.67265625 0.47578125 0.29921875 0.04296875
4 0.18203125 0.21171875 0.321875 0.0296875
4 0.553125 0.6828125 0.06796875 0.0390625
4 0.55625 0.41875 0.0640625 0.04140625
4 0.0796875 0.76640625 0.103125 0.03515625
4 0.05546875 0.4203125 0.05703125 0.03515625
4 0.05078125 0.16640625 0.0484375 0.0328125
4 0.7890625 0.68046875 0.0421875 0.0390625
4 0.17734375 0.47578125 0.29609375 0.04453125
0 0.0515625 0.52890625 0.05703125 0.0609375
0 0.05078125 0.82421875 0.05859375 0.06484375
0 0.79921875 0.825 0.0609375 0.06328125
4 0.05390625 0.68046875 0.0515625 0.04140625
0 0.55234375 0.52890625 0.06328125 0.0625
4 0.5015625 0.9546875 0.134375 0.0578125
0 0.0625 0.27109375 0.07421875 0.06484375
0 0.05625 0.03828125 0.0765625 0.07421875
0 0.5578125 0.82421875 0.07578125 0.0640625
0 0.30703125 0.82421875 0.06796875 0.059375
0 0.12890625 0.040625 0.06796875 0.075
4 0.12421875 0.73671875 0.1890625 0.03984375
4 0.3625 0.73671875 0.184375 0.0375
4 0.321875 0.7703125 0.11015625 0.0328125
4 0.61171875 0.73984375 0.18515625 0.03359375
4 0.5828125 0.77109375 0.1359375 0.02578125
4 0.83984375 0.73515625 0.13984375 0.04140625
4 0.8546875 0.76953125 0.171875 0.03515625
2 0.49921875 0.225 0.97421875 0.2359375
2 0.74765625 0.4765625 0.47890625 0.2375
2 0.3765625 0.7515625 0.24140625 0.2640625
2 0.621875 0.7515625 0.23359375 0.2640625