4 0.9125 0.24765625 0.1140625 0.03671875
2 0.3765625 0.23125 0.23359375 0.26953125
2 0.75 0.8 0.4890625 0.25546875
2 0.8703125 0.240625 0.23515625 0.27265625
2 0.12734375 0.22890625 0.2265625 0.28046875
4 0.6921875 0.278125 0.065625 0.0296875
4 0.815625 0.54140625 0.3109375 0.03203125
4 0.45078125 0.16484375 0.0578125 0.0375
4 0.20078125 0.16328125 0.06328125 0.03515625
4 0.81171875 0.80234375 0.31484375 0.05390625
4 0.69921875 0.2125 0.0515625 0.0265625
0 0.9515625 0.85 0.05546875 0.06171875
4 0.32421875 0.8015625 0.303125 0.04140625
4 0.94609375 0.74375 0.0515625 0.0328125
0 0.20859375 0.30703125 0.053125 0.0640625
4 0.49765625 0.98046875 0.1296875 0.03828125
4 0.93984375 0.48515625 0.0640625 0.03203125
4 0.6984375 0.1609375 0.05234375 0.0375
4 0.44296875 0.74375 0.06171875 0.0390625
0 0.9421875 0.590625 0.07109375 0.06328125
4 0.93828125 0.1640625 0.05703125 0.0375
0 0.7921875 0.03984375 0.07890625 0.071875
0 0.4453125 0.3046875 0.07109375 0.0640625
0 0.44375 0.84921875 0.06796875 0.06171875
0 0.6921875 0.3296875 0.0734375 0.05859375
0 0.94296875 0.30546875 0.0640625 0.0671875
0 0.9453125 0.0390625 0.071875 0.071875
0 0.8703125 0.03984375 0.06953125 0.075
4 0.87734375 0.215625 0.20390625 0.03046875
4 0.63046875 0.2421875 0.19453125 0.03203125
4 0.38671875 0.221875 0.1875 0.0328125
4 0.421875 0.25234375 0.125 0.03046875
4 0.14296875 0.22109375 0.178125 0.03125
4 0.18125 0.2546875 0.10390625 0.0328125
2 0.6234375 0.2484375 0.2390625 0.29765625
2 0.4984375 0.54140625 0.98046875 0.24609375
2 0.25078125 0.80078125 0.47734375 0.2453125