2 0.61796875 0.5265625 0.24765625 0.27421875
2 0.1234375 0.2328125 0.2453125 0.26484375
2 0.3765625 0.53515625 0.23671875 0.29609375
2 0.37578125 0.23515625 0.228125 0.2625
2 0.13515625 0.5203125 0.22734375 0.275
4 0.79140625 0.45078125 0.04453125 0.03515625
2 0.87109375 0.23046875 0.2296875 0.275
2 0.625 0.23203125 0.23125 0.2671875
2 0.86953125 0.51953125 0.2453125 0.271875
0 0.29765625 0.62578125 0.04609375 0.06328125
4 0.05390625 0.165625 0.0515625 0.0265625
4 0.3046875 0.56640625 0.0578125 0.0265625
0 0.80234375 0.58984375 0.0703125 0.05625
4 0.55390625 0.45234375 0.0671875 0.04375
4 0.79296875 0.16015625 0.05078125 0.03828125
4 0.5484375 0.16171875 0.05703125 0.03828125
4 0.30546875 0.1625 0.06328125 0.03515625
0 0.8015625 0.30390625 0.07109375 0.0609375
0 0.2109375 0.04140625 0.065625 0.071875
4 0.3046875 0.45234375 0.06484375 0.04140625
4 0.5 0.7546875 0.13359375 0.059375
4 0.06015625 0.4515625 0.0671875 0.04296875
0 0.55078125 0.59296875 0.06796875 0.06484375
0 0.134375 0.03984375 0.0734375 0.075
0 0.55234375 0.3046875 0.07265625 0.0640625
0 0.30859375 0.30390625 0.071875 0.05703125
0 0.353125 0.0390625 0.07578125 0.07265625
0 0.0515625 0.59296875 0.06328125 0.06953125
0 0.05625 0.03984375 0.075 0.06953125
0 0.0546875 0.30703125 0.0609375 0.0625
0 0.2828125 0.03828125 0.05859375 0.075
4 0.1296875 0.21953125 0.20078125 0.03046875
4 0.0828125 0.2515625 0.109375 0.03359375
4 0.35234375 0.22109375 0.1484375 0.02734375
4 0.3640625 0.25 0.178125 0.03125
4 0.6078125 0.21796875 0.17421875 0.0375
4 0.584375 0.2515625 0.12890625 0.0328125
4 0.85078125 0.21796875 0.1671875 0.02734375
4 0.8359375 0.24765625 0.13671875 0.03125
4 0.1140625 0.50703125 0.16953125 0.0328125
4 0.0984375 0.54140625 0.15390625 0.0328125
4 0.31953125 0.50703125 0.0984375 0.0328125
4 0.35546875 0.53828125 0.17265625 0.02734375
4 0.59296875 0.5046875 0.1421875 0.0375
4 0.6046875 0.5390625 0.1734375 0.02734375
4 0.8421875 0.50625 0.15234375 0.034375
4 0.84375 0.540625 0.1609375 0.03046875