2 0.38203125 0.5265625 0.24765625 0.27421875
2 0.8765625 0.2328125 0.2453125 0.26484375
2 0.6234375 0.53515625 0.23671875 0.29609375
2 0.62421875 0.23515625 0.228125 0.2625
2 0.86484375 0.5203125 0.22734375 0.275
4 0.20859375 0.45078125 0.04453125 0.03515625
2 0.12890625 0.23046875 0.2296875 0.275
2 0.375 0.23203125 0.23125 0.2671875
2 0.13046875 0.51953125 0.2453125 0.271875
0 0.70234375 0.62578125 0.04609375 0.06328125
4 0.94609375 0.165625 0.0515625 0.0265625
4 0.6953125 0.56640625 0.0578125 0.0265625
0 0.19765625 0.58984375 0.0703125 0.05625
4 0.44609375 0.45234375 0.0671875 0.04375
4 0.20703125 0.16015625 0.05078125 0.03828125
4 0.4515625 0.16171875 0.05703125 0.03828125
4 0.69453125 0.1625 0.06328125 0.03515625
0 0.1984375 0.30390625 0.07109375 0.0609375
0 0.7890625 0.04140625 0.065625 0.071875
4 0.6953125 0.45234375 0.06484375 0.04140625
4 0.5 0.7546875 0.13359375 0.059375
4 0.93984375 0.4515625 0.0671875 0.04296875
0 0.44921875 0.59296875 0.06796875 0.06484375
0 0.865625 0.03984375 0.0734375 0.075
0 0.44765625 0.3046875 0.07265625 0.0640625
0 0.69140625 0.30390625 0.071875 0.05703125
0 0.646875 0.0390625 0.07578125 0.07265625
0 0.9484375 0.59296875 0.06328125 0.06953125
0 0.94375 0.03984375 0.075 0.06953125
0 0.9453125 0.30703125 0.0609375 0.0625
0 0.7171875 0.03828125 0.05859375 0.075
4 0.8703125 0.21953125 0.20078125 0.03046875
4 0.9171875 0.2515625 0.109375 0.03359375
4 0.64765625 0.22109375 0.1484375 0.02734375
4 0.6359375 0.25 0.178125 0.03125
4 0.3921875 0.21796875 0.17421875 0.0375
4 0.415625 0.2515625 0.12890625 0.0328125
4 0.14921875 0.21796875 0.1671875 0.02734375
4 0.1640625 0.24765625 0.13671875 0.03125
4 0.8859375 0.50703125 0.16953125 0.0328125
4 0.9015625 0.54140625 0.15390625 0.0328125
4 0.68046875 0.50703125 0.0984375 0.0328125
4 0.64453125 0.53828125 0.17265625 0.02734375
4 0.40703125 0.5046875 0.1421875 0.0375
4 0.3953125 0.5390625 0.1734375 0.02734375
4 0.1578125 0.50625 0.15234375 0.034375
4 0.15625 0.540625 0.1609375 0.03046875