2 0.7453125 0.215625 0.4890625 0.23984375
2 0.25234375 0.21953125 0.4765625 0.23515625
2 0.125 0.49375 0.2421875 0.2625
4 0.05390625 0.7453125 0.0484375 0.03203125
4 0.5515625 0.16015625 0.04921875 0.0328125
4 0.1046875 0.48125 0.14453125 0.0328125
4 0.54765625 0.42109375 0.0515625 0.034375
4 0.3125 0.471875 0.0703125 0.0296875
0 0.29765625 0.59375 0.053125 0.05703125
0 0.54921875 0.56328125 0.0515625 0.06015625
4 0.6671875 0.21640625 0.2890625 0.03671875
4 0.1765625 0.79921875 0.30078125 0.0421875
4 0.29609375 0.5453125 0.04140625 0.02578125
4 0.29921875 0.42734375 0.04453125 0.0453125
4 0.79140625 0.42109375 0.04453125 0.03671875
0 0.546875 0.26953125 0.0546875 0.0609375
4 0.50234375 0.98125 0.12890625 0.0375
4 0.16796875 0.21796875 0.28671875 0.03828125
4 0.05703125 0.42421875 0.05234375 0.03515625
0 0.79375 0.56484375 0.05703125 0.0640625
4 0.06015625 0.15859375 0.06015625 0.0359375
0 0.12578125 0.0390625 0.07109375 0.07421875
0 0.0609375 0.85078125 0.071875 0.06640625
0 0.06328125 0.26796875 0.07421875 0.06328125
0 0.0515625 0.0390625 0.0640625 0.0734375
0 0.19453125 0.03984375 0.05625 0.075
0 0.05703125 0.56484375 0.065625 0.0625
4 0.3703125 0.5125 0.1921875 0.03125
4 0.6203125 0.47734375 0.1984375 0.02890625
4 0.5796875 0.51015625 0.121875 0.0296875
4 0.8640625 0.47734375 0.1921875 0.0328125
4 0.8296875 0.50859375 0.1265625 0.0328125
4 0.10703125 0.5109375 0.15703125 0.034375
2 0.3765625 0.50859375 0.234375 0.2875
2 0.62421875 0.4921875 0.23203125 0.2625
2 0.871875 0.49296875 0.234375 0.2640625
2 0.5015625 0.80234375 0.98125 0.234375