2 0.2546875 0.215625 0.4890625 0.23984375
2 0.74765625 0.21953125 0.4765625 0.23515625
2 0.875 0.49375 0.2421875 0.2625
4 0.94609375 0.7453125 0.0484375 0.03203125
4 0.4484375 0.16015625 0.04921875 0.0328125
4 0.8953125 0.48125 0.14453125 0.0328125
4 0.45234375 0.42109375 0.0515625 0.034375
4 0.6875 0.471875 0.0703125 0.0296875
0 0.70234375 0.59375 0.053125 0.05703125
0 0.45078125 0.56328125 0.0515625 0.06015625
4 0.3328125 0.21640625 0.2890625 0.03671875
4 0.8234375 0.79921875 0.30078125 0.0421875
4 0.70390625 0.5453125 0.04140625 0.02578125
4 0.70078125 0.42734375 0.04453125 0.0453125
4 0.20859375 0.42109375 0.04453125 0.03671875
0 0.453125 0.26953125 0.0546875 0.0609375
4 0.49765625 0.98125 0.12890625 0.0375
4 0.83203125 0.21796875 0.28671875 0.03828125
4 0.94296875 0.42421875 0.05234375 0.03515625
0 0.20625 0.56484375 0.05703125 0.0640625
4 0.93984375 0.15859375 0.06015625 0.0359375
0 0.87421875 0.0390625 0.07109375 0.07421875
0 0.9390625 0.85078125 0.071875 0.06640625
0 0.93671875 0.26796875 0.07421875 0.06328125
0 0.9484375 0.0390625 0.0640625 0.0734375
0 0.80546875 0.03984375 0.05625 0.075
0 0.94296875 0.56484375 0.065625 0.0625
4 0.6296875 0.5125 0.1921875 0.03125
4 0.3796875 0.47734375 0.1984375 0.02890625
4 0.4203125 0.51015625 0.121875 0.0296875
4 0.1359375 0.47734375 0.1921875 0.0328125
4 0.1703125 0.50859375 0.1265625 0.0328125
4 0.89296875 0.5109375 0.15703125 0.034375
2 0.6234375 0.50859375 0.234375 0.2875
2 0.37578125 0.4921875 0.23203125 0.2625
2 0.128125 0.49296875 0.234375 0.2640625
2 0.4984375 0.80234375 0.98125 0.234375