4 0.8921875 0.21796875 0.16171875 0.02578125
2 0.61875 0.228125 0.23671875 0.26328125
4 0.44453125 0.70859375 0.0671875 0.04375
4 0.20546875 0.1625 0.05078125 0.03828125
2 0.75 0.77578125 0.4953125 0.2328125
2 0.3765625 0.23046875 0.23046875 0.26953125
4 0.32265625 0.76640625 0.30859375 0.0453125
2 0.1296875 0.23203125 0.22890625 0.28203125
0 0.19765625 0.30625 0.06328125 0.059375
4 0.81953125 0.50703125 0.315625 0.0453125
4 0.8171875 0.76875 0.3140625 0.04375
4 0.94296875 0.4515625 0.06328125 0.0375
4 0.94140625 0.71015625 0.06015625 0.0390625
4 0.94453125 0.16171875 0.05546875 0.03828125
4 0.45546875 0.16484375 0.04765625 0.03828125
4 0.6953125 0.1640625 0.05546875 0.04140625
0 0.8609375 0.03984375 0.0734375 0.0734375
0 0.4453125 0.30390625 0.06953125 0.0640625
4 0.49765625 0.95546875 0.134375 0.05859375
0 0.4421875 0.8203125 0.07109375 0.06328125
0 0.78125 0.04140625 0.07890625 0.07421875
0 0.9390625 0.81875 0.071875 0.0609375
0 0.94296875 0.03984375 0.07734375 0.0703125
0 0.940625 0.3046875 0.06953125 0.06328125
0 0.69375 0.3046875 0.06640625 0.0609375
0 0.94140625 0.5640625 0.06875 0.05859375
4 0.90078125 0.25 0.15078125 0.04140625
4 0.634375 0.221875 0.1828125 0.03671875
4 0.6625 0.2515625 0.1296875 0.0234375
4 0.41640625 0.2203125 0.12421875 0.02890625
4 0.3796875 0.25 0.196875 0.0359375
4 0.1359375 0.22109375 0.19296875 0.03515625
4 0.1875 0.25234375 0.09296875 0.03515625
2 0.25 0.76640625 0.4828125 0.234375
2 0.50390625 0.5125 0.97734375 0.23125
2 0.871875 0.2296875 0.234375 0.25234375