2 0.871875 0.490625 0.225 0.27734375
2 0.1296875 0.49453125 0.23046875 0.2546875
2 0.75234375 0.7703125 0.4953125 0.23515625
4 0.55078125 0.42578125 0.05546875 0.034375
2 0.24921875 0.77265625 0.4984375 0.23984375
4 0.67578125 0.7703125 0.3015625 0.03515625
4 0.17890625 0.76484375 0.31171875 0.05078125
4 0.05390625 0.71015625 0.0484375 0.03515625
0 0.30078125 0.5671875 0.05703125 0.0609375
4 0.30390625 0.425 0.05625 0.0375
4 0.05859375 0.42578125 0.05546875 0.03671875
4 0.05703125 0.16015625 0.0578125 0.03984375
4 0.19375 0.2234375 0.3359375 0.0421875
0 0.05234375 0.27109375 0.05703125 0.06328125
0 0.0625 0.565625 0.0765625 0.059375
0 0.80078125 0.56484375 0.071875 0.06328125
4 0.50234375 0.9546875 0.134375 0.0578125
0 0.5609375 0.81796875 0.071875 0.06015625
0 0.0578125 0.0390625 0.07734375 0.0734375
0 0.1359375 0.03984375 0.0765625 0.07734375
0 0.55546875 0.56484375 0.07265625 0.0609375
0 0.05703125 0.82109375 0.071875 0.06640625
4 0.11953125 0.48203125 0.1875 0.03046875
4 0.08828125 0.5109375 0.1296875 0.034375
4 0.35546875 0.48125 0.17265625 0.03359375
4 0.34296875 0.51328125 0.146875 0.03515625
4 0.60703125 0.48125 0.17265625 0.03125
4 0.5921875 0.51015625 0.1484375 0.0328125
4 0.79453125 0.43515625 0.05546875 0.0484375
4 0.84765625 0.475 0.15859375 0.03125
4 0.8484375 0.5109375 0.1640625 0.034375
4 0.5515625 0.7171875 0.0515625 0.04296875
2 0.50234375 0.21875 0.97890625 0.2328125
2 0.37578125 0.49140625 0.23984375 0.2609375
2 0.62109375 0.49375 0.2359375 0.26328125