2 0.86953125 0.2296875 0.22578125 0.284375
4 0.35 0.21796875 0.15390625 0.03046875
2 0.6234375 0.23125 0.22734375 0.25859375
4 0.18359375 0.7734375 0.31484375 0.034375
2 0.13125 0.23125 0.234375 0.26640625
2 0.24765625 0.5109375 0.49453125 0.24140625
4 0.8015625 0.1625 0.06015625 0.03515625
4 0.684375 0.50546875 0.32109375 0.0375
4 0.190625 0.5046875 0.33359375 0.04453125
4 0.06015625 0.45078125 0.0625 0.03515625
4 0.0578125 0.7125 0.05546875 0.03046875
4 0.5484375 0.1640625 0.05234375 0.03125
4 0.0515625 0.1625 0.04453125 0.03359375
4 0.2984375 0.16328125 0.04375 0.0328125
0 0.79921875 0.30625 0.06171875 0.0625
0 0.0484375 0.82421875 0.059375 0.06796875
0 0.55 0.30546875 0.06328125 0.0640625
0 0.30703125 0.30390625 0.06875 0.06015625
4 0.5015625 0.95625 0.13671875 0.05078125
0 0.55703125 0.55625 0.07265625 0.06484375
0 0.05625 0.03984375 0.0765625 0.0734375
0 0.0578125 0.3046875 0.0671875 0.0625
0 0.05703125 0.5578125 0.06796875 0.0609375
0 0.1296875 0.03984375 0.0671875 0.07421875
4 0.11640625 0.21953125 0.17578125 0.025
4 0.090625 0.246875 0.12421875 0.03125
4 0.34765625 0.2546875 0.14296875 0.0296875
4 0.60390625 0.2203125 0.16640625 0.02265625
4 0.6015625 0.2515625 0.16640625 0.0234375
4 0.865625 0.21875 0.2015625 0.0390625
4 0.821875 0.253125 0.1140625 0.02890625
4 0.55 0.46015625 0.0546875 0.05078125
2 0.3765625 0.234375 0.23515625 0.26484375
2 0.74921875 0.5078125 0.48515625 0.2453125
2 0.49765625 0.7703125 0.98046875 0.2328125