2 0.13046875 0.2296875 0.22578125 0.284375
4 0.65 0.21796875 0.15390625 0.03046875
2 0.3765625 0.23125 0.22734375 0.25859375
4 0.81640625 0.7734375 0.31484375 0.034375
2 0.86875 0.23125 0.234375 0.26640625
2 0.75234375 0.5109375 0.49453125 0.24140625
4 0.1984375 0.1625 0.06015625 0.03515625
4 0.315625 0.50546875 0.32109375 0.0375
4 0.809375 0.5046875 0.33359375 0.04453125
4 0.93984375 0.45078125 0.0625 0.03515625
4 0.9421875 0.7125 0.05546875 0.03046875
4 0.4515625 0.1640625 0.05234375 0.03125
4 0.9484375 0.1625 0.04453125 0.03359375
4 0.7015625 0.16328125 0.04375 0.0328125
0 0.20078125 0.30625 0.06171875 0.0625
0 0.9515625 0.82421875 0.059375 0.06796875
0 0.45 0.30546875 0.06328125 0.0640625
0 0.69296875 0.30390625 0.06875 0.06015625
4 0.4984375 0.95625 0.13671875 0.05078125
0 0.44296875 0.55625 0.07265625 0.06484375
0 0.94375 0.03984375 0.0765625 0.0734375
0 0.9421875 0.3046875 0.0671875 0.0625
0 0.94296875 0.5578125 0.06796875 0.0609375
0 0.8703125 0.03984375 0.0671875 0.07421875
4 0.88359375 0.21953125 0.17578125 0.025
4 0.909375 0.246875 0.12421875 0.03125
4 0.65234375 0.2546875 0.14296875 0.0296875
4 0.39609375 0.2203125 0.16640625 0.02265625
4 0.3984375 0.2515625 0.16640625 0.0234375
4 0.134375 0.21875 0.2015625 0.0390625
4 0.178125 0.253125 0.1140625 0.02890625
4 0.45 0.46015625 0.0546875 0.05078125
2 0.6234375 0.234375 0.23515625 0.26484375
2 0.25078125 0.5078125 0.48515625 0.2453125
2 0.50234375 0.7703125 0.98046875 0.2328125