4 0.18515625 0.76640625 0.31953125 0.0578125
2 0.3734375 0.23203125 0.234375 0.26015625
2 0.621875 0.23359375 0.23515625 0.27265625
2 0.87265625 0.2296875 0.23125 0.275
4 0.6796875 0.77109375 0.32734375 0.046875
4 0.55390625 0.159375 0.065625 0.040625
4 0.05703125 0.4546875 0.053125 0.02890625
4 0.10625 0.221875 0.15546875 0.0296875
4 0.178125 0.50546875 0.3109375 0.04765625
4 0.0625 0.7109375 0.0703125 0.0390625
4 0.79921875 0.16484375 0.05859375 0.04375
4 0.3046875 0.1640625 0.059375 0.03125
0 0.55703125 0.8203125 0.07109375 0.059375
0 0.79453125 0.30546875 0.05546875 0.059375
0 0.5546875 0.30390625 0.0703125 0.0609375
4 0.05546875 0.165625 0.0515625 0.03515625
4 0.50234375 0.95546875 0.13515625 0.05859375
0 0.0609375 0.3046875 0.075 0.06015625
0 0.0578125 0.0390625 0.07734375 0.07109375
0 0.1390625 0.0390625 0.07734375 0.07421875
0 0.2234375 0.03984375 0.0796875 0.07578125
0 0.30703125 0.3046875 0.06953125 0.06171875
0 0.059375 0.56328125 0.07265625 0.06015625
0 0.05390625 0.821875 0.06953125 0.0640625
4 0.1046875 0.253125 0.153125 0.0296875
4 0.3671875 0.22109375 0.18515625 0.0375
4 0.3375 0.25390625 0.1140625 0.028125
4 0.61640625 0.21796875 0.184375 0.02734375
4 0.57578125 0.25 0.10546875 0.03515625
4 0.834375 0.21875 0.13359375 0.03359375
4 0.84921875 0.25234375 0.159375 0.025
4 0.5546875 0.715625 0.05546875 0.05
2 0.12890625 0.23203125 0.234375 0.26484375
2 0.49921875 0.51015625 0.97890625 0.2359375
2 0.2484375 0.77265625 0.4859375 0.240625
2 0.74765625 0.77109375 0.4796875 0.23828125