4 0.81484375 0.76640625 0.31953125 0.0578125
2 0.6265625 0.23203125 0.234375 0.26015625
2 0.378125 0.23359375 0.23515625 0.27265625
2 0.12734375 0.2296875 0.23125 0.275
4 0.3203125 0.77109375 0.32734375 0.046875
4 0.44609375 0.159375 0.065625 0.040625
4 0.94296875 0.4546875 0.053125 0.02890625
4 0.89375 0.221875 0.15546875 0.0296875
4 0.821875 0.50546875 0.3109375 0.04765625
4 0.9375 0.7109375 0.0703125 0.0390625
4 0.20078125 0.16484375 0.05859375 0.04375
4 0.6953125 0.1640625 0.059375 0.03125
0 0.44296875 0.8203125 0.07109375 0.059375
0 0.20546875 0.30546875 0.05546875 0.059375
0 0.4453125 0.30390625 0.0703125 0.0609375
4 0.94453125 0.165625 0.0515625 0.03515625
4 0.49765625 0.95546875 0.13515625 0.05859375
0 0.9390625 0.3046875 0.075 0.06015625
0 0.9421875 0.0390625 0.07734375 0.07109375
0 0.8609375 0.0390625 0.07734375 0.07421875
0 0.7765625 0.03984375 0.0796875 0.07578125
0 0.69296875 0.3046875 0.06953125 0.06171875
0 0.940625 0.56328125 0.07265625 0.06015625
0 0.94609375 0.821875 0.06953125 0.0640625
4 0.8953125 0.253125 0.153125 0.0296875
4 0.6328125 0.22109375 0.18515625 0.0375
4 0.6625 0.25390625 0.1140625 0.028125
4 0.38359375 0.21796875 0.184375 0.02734375
4 0.42421875 0.25 0.10546875 0.03515625
4 0.165625 0.21875 0.13359375 0.03359375
4 0.15078125 0.25234375 0.159375 0.025
4 0.4453125 0.715625 0.05546875 0.05
2 0.87109375 0.23203125 0.234375 0.26484375
2 0.50078125 0.51015625 0.97890625 0.2359375
2 0.7515625 0.77265625 0.4859375 0.240625
2 0.25234375 0.77109375 0.4796875 0.23828125