2 0.51796875 0.17734375 0.85390625 0.25390625
2 0.7234375 0.4265625 0.3796875 0.2140625
2 0.30859375 0.434375 0.36484375 0.215625
2 0.72109375 0.675 0.36875 0.203125
2 0.30625 0.67734375 0.38671875 0.20390625
4 0.846875 0.0859375 0.14609375 0.05
4 0.79453125 0.1515625 0.21875 0.04453125
3 0.29609375 0.178125 0.3703125 0.225
4 0.83984375 0.34609375 0.0984375 0.03359375
4 0.415625 0.35625 0.09453125 0.0375
4 0.821875 0.6046875 0.10703125 0.040625
4 0.4203125 0.603125 0.11484375 0.040625
3 0.8296875 0.44765625 0.13359375 0.1265625
3 0.4046875 0.45078125 0.1203125 0.1234375
3 0.825 0.703125 0.128125 0.115625
4 0.66640625 0.4078125 0.17421875 0.0375
4 0.2453125 0.409375 0.171875 0.034375
4 0.65703125 0.6609375 0.1703125 0.0390625
4 0.24921875 0.6609375 0.1796875 0.0359375
3 0.4140625 0.70234375 0.128125 0.115625