2 0.48203125 0.17734375 0.85390625 0.25390625
2 0.2765625 0.4265625 0.3796875 0.2140625
2 0.69140625 0.434375 0.36484375 0.215625
2 0.27890625 0.675 0.36875 0.203125
2 0.69375 0.67734375 0.38671875 0.20390625
4 0.153125 0.0859375 0.14609375 0.05
4 0.20546875 0.1515625 0.21875 0.04453125
3 0.70390625 0.178125 0.3703125 0.225
4 0.16015625 0.34609375 0.0984375 0.03359375
4 0.584375 0.35625 0.09453125 0.0375
4 0.178125 0.6046875 0.10703125 0.040625
4 0.5796875 0.603125 0.11484375 0.040625
3 0.1703125 0.44765625 0.13359375 0.1265625
3 0.5953125 0.45078125 0.1203125 0.1234375
3 0.175 0.703125 0.128125 0.115625
4 0.33359375 0.4078125 0.17421875 0.0375
4 0.7546875 0.409375 0.171875 0.034375
4 0.34296875 0.6609375 0.1703125 0.0390625
4 0.75078125 0.6609375 0.1796875 0.0359375
3 0.5859375 0.70234375 0.128125 0.115625