4 0.44140625 0.8 0.07578125 0.02734375
4 0.15390625 0.73984375 0.15390625 0.03671875
4 0.44296875 0.1578125 0.06015625 0.04375
4 0.32421875 0.215625 0.2984375 0.0421875
2 0.8671875 0.74609375 0.2421875 0.2578125
2 0.50078125 0.4796875 0.9921875 0.24453125
2 0.7484375 0.221875 0.4921875 0.24296875
2 0.37734375 0.7671875 0.2390625 0.2984375
4 0.2015625 0.6859375 0.05234375 0.04375
4 0.4484375 0.68125 0.05703125 0.04140625
4 0.421875 0.73515625 0.10703125 0.0359375
4 0.9453125 0.68359375 0.0578125 0.034375
4 0.815625 0.4734375 0.30859375 0.04453125
4 0.496875 0.98046875 0.125 0.03828125
4 0.94140625 0.428125 0.06015625 0.03515625
0 0.45 0.85390625 0.05546875 0.0578125
4 0.8265625 0.21953125 0.2953125 0.040625
4 0.94140625 0.159375 0.06015625 0.0375
4 0.690625 0.68359375 0.06796875 0.0375
0 0.19296875 0.82265625 0.07734375 0.0578125
0 0.87578125 0.0390625 0.0578125 0.07578125
0 0.9390625 0.5296875 0.0703125 0.06328125
0 0.6921875 0.8234375 0.07109375 0.06015625
0 0.81015625 0.04140625 0.0703125 0.07265625
0 0.94453125 0.825 0.06875 0.0625
0 0.4421875 0.26796875 0.06953125 0.06171875
0 0.93671875 0.2671875 0.0765625 0.06484375
0 0.9453125 0.0390625 0.0734375 0.071875
4 0.91484375 0.73984375 0.109375 0.02890625
4 0.88046875 0.771875 0.184375 0.03046875
4 0.6265625 0.73984375 0.19453125 0.02890625
4 0.671875 0.76640625 0.11484375 0.03046875
4 0.41640625 0.76796875 0.13671875 0.03046875
4 0.1546875 0.77265625 0.1546875 0.02890625
2 0.25078125 0.2203125 0.47890625 0.23984375
2 0.6234375 0.7546875 0.2359375 0.2625
2 0.13046875 0.753125 0.234375 0.2671875