4 0.55859375 0.8 0.07578125 0.02734375
4 0.84609375 0.73984375 0.15390625 0.03671875
4 0.55703125 0.1578125 0.06015625 0.04375
4 0.67578125 0.215625 0.2984375 0.0421875
2 0.1328125 0.74609375 0.2421875 0.2578125
2 0.49921875 0.4796875 0.9921875 0.24453125
2 0.2515625 0.221875 0.4921875 0.24296875
2 0.62265625 0.7671875 0.2390625 0.2984375
4 0.7984375 0.6859375 0.05234375 0.04375
4 0.5515625 0.68125 0.05703125 0.04140625
4 0.578125 0.73515625 0.10703125 0.0359375
4 0.0546875 0.68359375 0.0578125 0.034375
4 0.184375 0.4734375 0.30859375 0.04453125
4 0.503125 0.98046875 0.125 0.03828125
4 0.05859375 0.428125 0.06015625 0.03515625
0 0.55 0.85390625 0.05546875 0.0578125
4 0.1734375 0.21953125 0.2953125 0.040625
4 0.05859375 0.159375 0.06015625 0.0375
4 0.309375 0.68359375 0.06796875 0.0375
0 0.80703125 0.82265625 0.07734375 0.0578125
0 0.12421875 0.0390625 0.0578125 0.07578125
0 0.0609375 0.5296875 0.0703125 0.06328125
0 0.3078125 0.8234375 0.07109375 0.06015625
0 0.18984375 0.04140625 0.0703125 0.07265625
0 0.05546875 0.825 0.06875 0.0625
0 0.5578125 0.26796875 0.06953125 0.06171875
0 0.06328125 0.2671875 0.0765625 0.06484375
0 0.0546875 0.0390625 0.0734375 0.071875
4 0.08515625 0.73984375 0.109375 0.02890625
4 0.11953125 0.771875 0.184375 0.03046875
4 0.3734375 0.73984375 0.19453125 0.02890625
4 0.328125 0.76640625 0.11484375 0.03046875
4 0.58359375 0.76796875 0.13671875 0.03046875
4 0.8453125 0.77265625 0.1546875 0.02890625
2 0.74921875 0.2203125 0.47890625 0.23984375
2 0.3765625 0.7546875 0.2359375 0.2625
2 0.86953125 0.753125 0.234375 0.2671875