2 0.25078125 0.50703125 0.4796875 0.2625
2 0.6234375 0.23125 0.2296875 0.2671875
4 0.05859375 0.71484375 0.059375 0.034375
2 0.13203125 0.2296875 0.23359375 0.271875
4 0.67421875 0.50390625 0.29921875 0.04921875
4 0.5484375 0.1671875 0.046875 0.03671875
4 0.19609375 0.5109375 0.34296875 0.03515625
4 0.5578125 0.44609375 0.06796875 0.0421875
4 0.05703125 0.44609375 0.0640625 0.0375
0 0.05 0.30703125 0.05546875 0.0578125
4 0.796875 0.16328125 0.05703125 0.0375
0 0.04921875 0.82421875 0.05859375 0.0640625
0 0.54765625 0.30625 0.05703125 0.06328125
0 0.7921875 0.30546875 0.053125 0.0609375
4 0.05390625 0.1609375 0.053125 0.0375
4 0.30234375 0.16171875 0.053125 0.03828125
0 0.0484375 0.5578125 0.05859375 0.06015625
0 0.3046875 0.30546875 0.0671875 0.05703125
4 0.5015625 0.95625 0.13671875 0.05078125
0 0.5546875 0.5578125 0.06796875 0.06484375
0 0.128125 0.03828125 0.075 0.0703125
0 0.05234375 0.03828125 0.06796875 0.07265625
4 0.0421875 0.2171875 0.034375 0.02265625
4 0.13203125 0.25 0.215625 0.0328125
4 0.36796875 0.2203125 0.18203125 0.0265625
4 0.3234375 0.25078125 0.103125 0.0328125
4 0.61328125 0.2171875 0.1796875 0.0359375
4 0.58125 0.25234375 0.11953125 0.034375
4 0.865625 0.2203125 0.2015625 0.025
4 0.82421875 0.24921875 0.1140625 0.0359375
4 0.18046875 0.76640625 0.3078125 0.0375
2 0.37578125 0.2328125 0.23984375 0.2671875
2 0.87109375 0.23125 0.2421875 0.27890625
2 0.74921875 0.50859375 0.4828125 0.23984375
2 0.49921875 0.7734375 0.98515625 0.23515625