2 0.86640625 0.76484375 0.23984375 0.27109375
2 0.128125 0.74609375 0.24453125 0.26953125
4 0.95546875 0.803125 0.03359375 0.021875
2 0.74453125 0.47421875 0.48359375 0.23828125
4 0.81328125 0.22109375 0.31796875 0.02734375
4 0.44609375 0.41875 0.06171875 0.04140625
4 0.44453125 0.6875 0.05625 0.03359375
4 0.20546875 0.68515625 0.0515625 0.0390625
0 0.20625 0.8265625 0.05390625 0.05703125
4 0.31328125 0.4703125 0.315625 0.04609375
4 0.94609375 0.4203125 0.05234375 0.0359375
0 0.4546875 0.82578125 0.05078125 0.0578125
4 0.496875 0.98046875 0.125 0.03828125
4 0.69609375 0.68515625 0.06015625 0.04375
4 0.940625 0.6828125 0.0609375 0.03828125
4 0.8203125 0.47578125 0.3078125 0.046875
4 0.94140625 0.165625 0.06171875 0.0375
0 0.94609375 0.27265625 0.0578125 0.0609375
0 0.44609375 0.528125 0.0640625 0.059375
0 0.9421875 0.0390625 0.078125 0.07265625
0 0.69765625 0.82421875 0.06328125 0.0640625
0 0.85859375 0.040625 0.07578125 0.07578125
0 0.94140625 0.52734375 0.07265625 0.06328125
0 0.7765625 0.03984375 0.07734375 0.07734375
0 0.93984375 0.85234375 0.07265625 0.0640625
4 0.925 0.7421875 0.08359375 0.028125
4 0.884375 0.7734375 0.1796875 0.034375
4 0.62890625 0.73828125 0.1953125 0.0296875
4 0.6796875 0.76875 0.1015625 0.02578125
4 0.384375 0.7421875 0.190625 0.03515625
4 0.41484375 0.77578125 0.13515625 0.021875
4 0.15625 0.73984375 0.14765625 0.02265625
4 0.1578125 0.7703125 0.15 0.0265625
2 0.50078125 0.221875 0.98359375 0.24296875
2 0.253125 0.4765625 0.4796875 0.2421875
2 0.6234375 0.753125 0.240625 0.2671875
2 0.375 0.75546875 0.23515625 0.28203125