2 0.13359375 0.76484375 0.23984375 0.27109375
2 0.871875 0.74609375 0.24453125 0.26953125
4 0.04453125 0.803125 0.03359375 0.021875
2 0.25546875 0.47421875 0.48359375 0.23828125
4 0.18671875 0.22109375 0.31796875 0.02734375
4 0.55390625 0.41875 0.06171875 0.04140625
4 0.55546875 0.6875 0.05625 0.03359375
4 0.79453125 0.68515625 0.0515625 0.0390625
0 0.79375 0.8265625 0.05390625 0.05703125
4 0.68671875 0.4703125 0.315625 0.04609375
4 0.05390625 0.4203125 0.05234375 0.0359375
0 0.5453125 0.82578125 0.05078125 0.0578125
4 0.503125 0.98046875 0.125 0.03828125
4 0.30390625 0.68515625 0.06015625 0.04375
4 0.059375 0.6828125 0.0609375 0.03828125
4 0.1796875 0.47578125 0.3078125 0.046875
4 0.05859375 0.165625 0.06171875 0.0375
0 0.05390625 0.27265625 0.0578125 0.0609375
0 0.55390625 0.528125 0.0640625 0.059375
0 0.0578125 0.0390625 0.078125 0.07265625
0 0.30234375 0.82421875 0.06328125 0.0640625
0 0.14140625 0.040625 0.07578125 0.07578125
0 0.05859375 0.52734375 0.07265625 0.06328125
0 0.2234375 0.03984375 0.07734375 0.07734375
0 0.06015625 0.85234375 0.07265625 0.0640625
4 0.075 0.7421875 0.08359375 0.028125
4 0.115625 0.7734375 0.1796875 0.034375
4 0.37109375 0.73828125 0.1953125 0.0296875
4 0.3203125 0.76875 0.1015625 0.02578125
4 0.615625 0.7421875 0.190625 0.03515625
4 0.58515625 0.77578125 0.13515625 0.021875
4 0.84375 0.73984375 0.14765625 0.02265625
4 0.8421875 0.7703125 0.15 0.0265625
2 0.49921875 0.221875 0.98359375 0.24296875
2 0.746875 0.4765625 0.4796875 0.2421875
2 0.3765625 0.753125 0.240625 0.2671875
2 0.625 0.75546875 0.23515625 0.28203125