2 0.13046875 0.23984375 0.23671875 0.2890625
2 0.3765625 0.23046875 0.22734375 0.265625
2 0.74609375 0.5078125 0.490625 0.2453125
2 0.8765625 0.225 0.24609375 0.27265625
2 0.621875 0.23359375 0.2328125 0.2625
4 0.8078125 0.5015625 0.32578125 0.04296875
4 0.44921875 0.16484375 0.053125 0.03984375
4 0.92265625 0.24765625 0.09921875 0.03203125
4 0.94375 0.71015625 0.05234375 0.03203125
4 0.203125 0.16875 0.05234375 0.03984375
4 0.440625 0.4453125 0.07578125 0.04296875
4 0.93671875 0.446875 0.0703125 0.03828125
4 0.69375 0.16328125 0.065625 0.03515625
0 0.2 0.30703125 0.0625 0.0625
0 0.45703125 0.30625 0.05234375 0.06484375
4 0.94453125 0.1625 0.05390625 0.03671875
0 0.94765625 0.30703125 0.05859375 0.06171875
0 0.69140625 0.30390625 0.06953125 0.059375
0 0.94296875 0.03828125 0.0734375 0.06796875
0 0.78984375 0.0390625 0.071875 0.07578125
0 0.9390625 0.5578125 0.0734375 0.05859375
4 0.4984375 0.95625 0.13671875 0.05078125
0 0.94453125 0.825 0.0671875 0.0625
0 0.86640625 0.03984375 0.07109375 0.07421875
0 0.44453125 0.5578125 0.07109375 0.06171875
0 0.7046875 0.040625 0.08359375 0.075
4 0.86953125 0.225 0.20078125 0.03515625
4 0.6390625 0.2171875 0.16796875 0.0296875
4 0.6546875 0.246875 0.13671875 0.03203125
4 0.39140625 0.215625 0.17265625 0.0328125
4 0.41796875 0.25390625 0.12421875 0.028125
4 0.13984375 0.22109375 0.1890625 0.028125
4 0.1625 0.24921875 0.1390625 0.03125
4 0.32578125 0.503125 0.29453125 0.046875
4 0.82421875 0.77265625 0.30859375 0.0359375
2 0.246875 0.51015625 0.48671875 0.2484375
2 0.50078125 0.7703125 0.98046875 0.23984375