2 0.86953125 0.23984375 0.23671875 0.2890625
2 0.6234375 0.23046875 0.22734375 0.265625
2 0.25390625 0.5078125 0.490625 0.2453125
2 0.1234375 0.225 0.24609375 0.27265625
2 0.378125 0.23359375 0.2328125 0.2625
4 0.1921875 0.5015625 0.32578125 0.04296875
4 0.55078125 0.16484375 0.053125 0.03984375
4 0.07734375 0.24765625 0.09921875 0.03203125
4 0.05625 0.71015625 0.05234375 0.03203125
4 0.796875 0.16875 0.05234375 0.03984375
4 0.559375 0.4453125 0.07578125 0.04296875
4 0.06328125 0.446875 0.0703125 0.03828125
4 0.30625 0.16328125 0.065625 0.03515625
0 0.8 0.30703125 0.0625 0.0625
0 0.54296875 0.30625 0.05234375 0.06484375
4 0.05546875 0.1625 0.05390625 0.03671875
0 0.05234375 0.30703125 0.05859375 0.06171875
0 0.30859375 0.30390625 0.06953125 0.059375
0 0.05703125 0.03828125 0.0734375 0.06796875
0 0.21015625 0.0390625 0.071875 0.07578125
0 0.0609375 0.5578125 0.0734375 0.05859375
4 0.5015625 0.95625 0.13671875 0.05078125
0 0.05546875 0.825 0.0671875 0.0625
0 0.13359375 0.03984375 0.07109375 0.07421875
0 0.55546875 0.5578125 0.07109375 0.06171875
0 0.2953125 0.040625 0.08359375 0.075
4 0.13046875 0.225 0.20078125 0.03515625
4 0.3609375 0.2171875 0.16796875 0.0296875
4 0.3453125 0.246875 0.13671875 0.03203125
4 0.60859375 0.215625 0.17265625 0.0328125
4 0.58203125 0.25390625 0.12421875 0.028125
4 0.86015625 0.22109375 0.1890625 0.028125
4 0.8375 0.24921875 0.1390625 0.03125
4 0.67421875 0.503125 0.29453125 0.046875
4 0.17578125 0.77265625 0.30859375 0.0359375
2 0.753125 0.51015625 0.48671875 0.2484375
2 0.49921875 0.7703125 0.98046875 0.23984375