4 0.821875 0.7421875 0.30234375 0.03203125
4 0.81953125 0.2171875 0.3046875 0.03515625
4 0.94296875 0.6859375 0.05703125 0.04140625
4 0.81015625 0.47890625 0.32421875 0.04140625
0 0.93984375 0.79296875 0.07265625 0.05859375
4 0.9390625 0.42578125 0.06328125 0.03359375
0 0.946875 0.53359375 0.059375 0.0625
4 0.4984375 0.92734375 0.1359375 0.05234375
4 0.9359375 0.16484375 0.06953125 0.03515625
0 0.9390625 0.2703125 0.07265625 0.06171875
0 0.87734375 0.040625 0.07890625 0.0765625
0 0.9484375 0.03984375 0.06328125 0.071875
2 0.5015625 0.2234375 0.98125 0.25
2 0.4984375 0.48515625 0.984375 0.24140625
2 0.5 0.746875 0.9859375 0.23671875