2 0.13125 0.75078125 0.22890625 0.27734375
0 0.153125 0.04140625 0.1453125 0.08203125
2 0.253125 0.475 0.4890625 0.23828125
2 0.74453125 0.478125 0.4796875 0.2359375
4 0.8109375 0.76796875 0.0890625 0.03671875
4 0.3015625 0.684375 0.04765625 0.040625
4 0.546875 0.68203125 0.04921875 0.0375
4 0.55078125 0.41796875 0.04921875 0.0453125
4 0.18671875 0.21484375 0.315625 0.04140625
4 0.678125 0.4703125 0.31796875 0.0703125
0 0.7984375 0.825 0.0578125 0.05546875
4 0.06015625 0.4203125 0.06171875 0.03359375
4 0.059375 0.16328125 0.0609375 0.03515625
4 0.0515625 0.684375 0.04453125 0.04609375
4 0.18359375 0.475 0.309375 0.0515625
4 0.5015625 0.95546875 0.134375 0.05703125
0 0.55625 0.52734375 0.06796875 0.05859375
0 0.053125 0.82578125 0.06640625 0.065625
0 0.05859375 0.27109375 0.0671875 0.0609375
0 0.30703125 0.8234375 0.0703125 0.05859375
0 0.05859375 0.528125 0.07109375 0.0640625
0 0.28046875 0.03984375 0.0734375 0.07734375
0 0.20625 0.04140625 0.0703125 0.0765625
0 0.05234375 0.0390625 0.0671875 0.07265625
0 0.12890625 0.040625 0.0703125 0.075
0 0.35859375 0.03984375 0.07890625 0.07734375
0 0.55625 0.82421875 0.078125 0.0640625
4 0.0859375 0.73671875 0.11953125 0.0328125
4 0.1265625 0.77421875 0.1921875 0.03984375
4 0.365625 0.740625 0.178125 0.03046875
4 0.33828125 0.77109375 0.13515625 0.02890625
4 0.61640625 0.73515625 0.19765625 0.03046875
4 0.5734375 0.76484375 0.109375 0.034375
4 0.87109375 0.73515625 0.203125 0.04140625
4 0.79140625 0.69140625 0.0515625 0.04375
2 0.5015625 0.2234375 0.984375 0.23515625
2 0.37734375 0.75 0.23671875 0.2671875
2 0.625 0.75625 0.23984375 0.26875
2 0.871875 0.753125 0.24375 0.26953125