2 0.86875 0.75078125 0.22890625 0.27734375
0 0.846875 0.04140625 0.1453125 0.08203125
2 0.746875 0.475 0.4890625 0.23828125
2 0.25546875 0.478125 0.4796875 0.2359375
4 0.1890625 0.76796875 0.0890625 0.03671875
4 0.6984375 0.684375 0.04765625 0.040625
4 0.453125 0.68203125 0.04921875 0.0375
4 0.44921875 0.41796875 0.04921875 0.0453125
4 0.81328125 0.21484375 0.315625 0.04140625
4 0.321875 0.4703125 0.31796875 0.0703125
0 0.2015625 0.825 0.0578125 0.05546875
4 0.93984375 0.4203125 0.06171875 0.03359375
4 0.940625 0.16328125 0.0609375 0.03515625
4 0.9484375 0.684375 0.04453125 0.04609375
4 0.81640625 0.475 0.309375 0.0515625
4 0.4984375 0.95546875 0.134375 0.05703125
0 0.44375 0.52734375 0.06796875 0.05859375
0 0.946875 0.82578125 0.06640625 0.065625
0 0.94140625 0.27109375 0.0671875 0.0609375
0 0.69296875 0.8234375 0.0703125 0.05859375
0 0.94140625 0.528125 0.07109375 0.0640625
0 0.71953125 0.03984375 0.0734375 0.07734375
0 0.79375 0.04140625 0.0703125 0.0765625
0 0.94765625 0.0390625 0.0671875 0.07265625
0 0.87109375 0.040625 0.0703125 0.075
0 0.64140625 0.03984375 0.07890625 0.07734375
0 0.44375 0.82421875 0.078125 0.0640625
4 0.9140625 0.73671875 0.11953125 0.0328125
4 0.8734375 0.77421875 0.1921875 0.03984375
4 0.634375 0.740625 0.178125 0.03046875
4 0.66171875 0.77109375 0.13515625 0.02890625
4 0.38359375 0.73515625 0.19765625 0.03046875
4 0.4265625 0.76484375 0.109375 0.034375
4 0.12890625 0.73515625 0.203125 0.04140625
4 0.20859375 0.69140625 0.0515625 0.04375
2 0.4984375 0.2234375 0.984375 0.23515625
2 0.62265625 0.75 0.23671875 0.2671875
2 0.375 0.75625 0.23984375 0.26875
2 0.128125 0.753125 0.24375 0.26953125