0 0.159375 0.0421875 0.13125 0.0828125
2 0.12890625 0.49296875 0.23671875 0.25234375
4 0.68671875 0.76484375 0.32421875 0.0453125
4 0.56171875 0.70859375 0.07734375 0.0390625
4 0.803125 0.4234375 0.0734375 0.0375
4 0.0546875 0.709375 0.05234375 0.0328125
4 0.05390625 0.1625 0.0515625 0.03515625
4 0.18046875 0.21796875 0.31015625 0.03046875
4 0.54765625 0.421875 0.04921875 0.03515625
0 0.30078125 0.56796875 0.0578125 0.0578125
4 0.05703125 0.425 0.0578125 0.0359375
4 0.30390625 0.421875 0.05859375 0.0390625
0 0.55 0.56484375 0.05546875 0.0640625
0 0.8 0.56640625 0.06796875 0.059375
0 0.0578125 0.27109375 0.06640625 0.0609375
4 0.5015625 0.95546875 0.13515625 0.05703125
0 0.05234375 0.5671875 0.05703125 0.06171875
0 0.0484375 0.82109375 0.05859375 0.06328125
0 0.0578125 0.0390625 0.07734375 0.0703125
0 0.28046875 0.03984375 0.07578125 0.078125
0 0.203125 0.03984375 0.07109375 0.07734375
0 0.35 0.0390625 0.06015625 0.075
0 0.55625 0.8203125 0.07265625 0.0640625
0 0.13203125 0.03984375 0.06171875 0.07734375
4 0.08515625 0.4796875 0.11328125 0.0328125
4 0.12421875 0.5140625 0.190625 0.03203125
4 0.36171875 0.4828125 0.1765625 0.0328125
4 0.34140625 0.51640625 0.13515625 0.0375
4 0.61953125 0.48125 0.19140625 0.04140625
4 0.5734375 0.51171875 0.10234375 0.02734375
4 0.83828125 0.4796875 0.140625 0.02734375
4 0.8359375 0.50859375 0.14609375 0.02890625
4 0.17578125 0.7703125 0.30234375 0.0453125
2 0.5 0.22265625 0.9890625 0.234375
2 0.375 0.4921875 0.23515625 0.26953125
2 0.621875 0.49609375 0.2359375 0.27109375
2 0.8703125 0.48984375 0.240625 0.2671875
2 0.25234375 0.76875 0.48359375 0.2359375
2 0.74921875 0.77265625 0.48046875 0.2390625