0 0.840625 0.0421875 0.13125 0.0828125
2 0.87109375 0.49296875 0.23671875 0.25234375
4 0.31328125 0.76484375 0.32421875 0.0453125
4 0.43828125 0.70859375 0.07734375 0.0390625
4 0.196875 0.4234375 0.0734375 0.0375
4 0.9453125 0.709375 0.05234375 0.0328125
4 0.94609375 0.1625 0.0515625 0.03515625
4 0.81953125 0.21796875 0.31015625 0.03046875
4 0.45234375 0.421875 0.04921875 0.03515625
0 0.69921875 0.56796875 0.0578125 0.0578125
4 0.94296875 0.425 0.0578125 0.0359375
4 0.69609375 0.421875 0.05859375 0.0390625
0 0.45 0.56484375 0.05546875 0.0640625
0 0.2 0.56640625 0.06796875 0.059375
0 0.9421875 0.27109375 0.06640625 0.0609375
4 0.4984375 0.95546875 0.13515625 0.05703125
0 0.94765625 0.5671875 0.05703125 0.06171875
0 0.9515625 0.82109375 0.05859375 0.06328125
0 0.9421875 0.0390625 0.07734375 0.0703125
0 0.71953125 0.03984375 0.07578125 0.078125
0 0.796875 0.03984375 0.07109375 0.07734375
0 0.65 0.0390625 0.06015625 0.075
0 0.44375 0.8203125 0.07265625 0.0640625
0 0.86796875 0.03984375 0.06171875 0.07734375
4 0.91484375 0.4796875 0.11328125 0.0328125
4 0.87578125 0.5140625 0.190625 0.03203125
4 0.63828125 0.4828125 0.1765625 0.0328125
4 0.65859375 0.51640625 0.13515625 0.0375
4 0.38046875 0.48125 0.19140625 0.04140625
4 0.4265625 0.51171875 0.10234375 0.02734375
4 0.16171875 0.4796875 0.140625 0.02734375
4 0.1640625 0.50859375 0.14609375 0.02890625
4 0.82421875 0.7703125 0.30234375 0.0453125
2 0.5 0.22265625 0.9890625 0.234375
2 0.625 0.4921875 0.23515625 0.26953125
2 0.378125 0.49609375 0.2359375 0.27109375
2 0.1296875 0.48984375 0.240625 0.2671875
2 0.74765625 0.76875 0.48359375 0.2359375
2 0.25078125 0.77265625 0.48046875 0.2390625