2 0.37421875 0.2328125 0.23515625 0.27109375
0 0.3109375 0.03984375 0.14140625 0.078125
4 0.59609375 0.22265625 0.14921875 0.02421875
2 0.8703125 0.23125 0.23984375 0.2890625
4 0.54765625 0.16328125 0.05390625 0.03359375
4 0.79921875 0.1609375 0.06015625 0.0359375
0 0.79921875 0.3078125 0.06171875 0.065625
0 0.0640625 0.3046875 0.08125 0.06484375
4 0.30546875 0.16484375 0.05234375 0.0421875
4 0.0625 0.16328125 0.06171875 0.03828125
0 0.2078125 0.03984375 0.07421875 0.075
4 0.50234375 0.43515625 0.1359375 0.0609375
0 0.0578125 0.03828125 0.0765625 0.0703125
0 0.3046875 0.30625 0.06171875 0.06328125
0 0.55390625 0.30546875 0.06953125 0.06484375
0 0.134375 0.03984375 0.06171875 0.07421875
0 0.3546875 0.03828125 0.0796875 0.075
0 0.2796875 0.03984375 0.06171875 0.075
4 0.12890625 0.22109375 0.20078125 0.034375
4 0.0921875 0.25546875 0.1234375 0.03125
4 0.3390625 0.2203125 0.12890625 0.03125
4 0.3703125 0.2515625 0.1921875 0.0328125
4 0.59609375 0.24921875 0.1453125 0.02421875
4 0.82578125 0.21953125 0.1140625 0.03515625
4 0.86484375 0.25 0.1875 0.0359375
2 0.12734375 0.23515625 0.2390625 0.26875
2 0.62421875 0.23046875 0.2390625 0.275