2 0.37421875 0.496875 0.22734375 0.26640625
2 0.12734375 0.49140625 0.22578125 0.28125
0 0.78046875 0.0421875 0.1453125 0.08125
2 0.625 0.4859375 0.22734375 0.2640625
2 0.746875 0.21484375 0.50546875 0.22734375
2 0.86796875 0.49609375 0.2328125 0.2484375
4 0.2 0.425 0.06171875 0.0375
4 0.4453125 0.1578125 0.06328125 0.03671875
4 0.32421875 0.20703125 0.321875 0.06796875
4 0.6984375 0.4234375 0.05078125 0.034375
4 0.81640625 0.2140625 0.309375 0.05234375
4 0.45546875 0.4234375 0.04609375 0.0453125
0 0.45234375 0.56484375 0.05546875 0.06015625
4 0.93984375 0.1578125 0.06328125 0.0390625
0 0.19921875 0.56484375 0.06796875 0.06171875
4 0.4984375 0.69453125 0.13671875 0.059375
4 0.94765625 0.42421875 0.04765625 0.0359375
0 0.6984375 0.56328125 0.06328125 0.0640625
0 0.9390625 0.5640625 0.0765625 0.0625
0 0.44375 0.2671875 0.06953125 0.06171875
0 0.80859375 0.03984375 0.0703125 0.07421875
0 0.73671875 0.03984375 0.065625 0.07265625
0 0.87890625 0.04140625 0.05625 0.075
0 0.93984375 0.26640625 0.07109375 0.0609375
0 0.946875 0.03828125 0.0703125 0.0703125
2 0.24921875 0.21875 0.47890625 0.246875
4 0.878125 0.4796875 0.18671875 0.028125
4 0.903125 0.51015625 0.13203125 0.025
4 0.6234375 0.4796875 0.2046875 0.034375
4 0.66875 0.5140625 0.115625 0.03203125
4 0.40859375 0.48046875 0.1390625 0.0328125
4 0.39375 0.5125 0.15859375 0.02578125
4 0.16015625 0.478125 0.1390625 0.0328125
4 0.146875 0.5109375 0.17109375 0.0375