2 0.746875 0.8 0.49296875 0.25703125
2 0.12890625 0.22734375 0.225 0.2859375
2 0.37734375 0.23125 0.22890625 0.2671875
2 0.86796875 0.23125 0.23359375 0.26484375
4 0.459375 0.1640625 0.03828125 0.02890625
4 0.68125 0.21484375 0.09453125 0.03125
4 0.81875 0.53984375 0.29921875 0.0296875
4 0.4484375 0.74375 0.0546875 0.0375
4 0.32578125 0.8015625 0.30390625 0.04765625
4 0.81328125 0.79765625 0.309375 0.04375
4 0.20078125 0.159375 0.0578125 0.03671875
4 0.7015625 0.28125 0.04609375 0.0234375
4 0.94296875 0.4828125 0.05546875 0.034375
0 0.45078125 0.85078125 0.05859375 0.0640625
4 0.49765625 0.98046875 0.1296875 0.03828125
4 0.946875 0.74296875 0.04921875 0.034375
0 0.20625 0.30625 0.0546875 0.05859375
0 0.446875 0.3046875 0.0671875 0.06484375
4 0.6953125 0.1640625 0.06015625 0.0359375
4 0.94453125 0.16640625 0.0515625 0.03671875
0 0.93828125 0.8484375 0.0703125 0.0578125
0 0.93984375 0.58984375 0.0703125 0.06171875
0 0.69765625 0.33515625 0.065625 0.06171875
0 0.87421875 0.0390625 0.0640625 0.0734375
0 0.9453125 0.0390625 0.07109375 0.0703125
0 0.9421875 0.30546875 0.06953125 0.0671875
4 0.8796875 0.2203125 0.1796875 0.02578125
4 0.9015625 0.2484375 0.14140625 0.0296875
4 0.64453125 0.2484375 0.1671875 0.0328125
4 0.3796875 0.21640625 0.19765625 0.034375
4 0.43515625 0.2515625 0.09296875 0.03203125
4 0.13671875 0.21953125 0.18984375 0.03203125
4 0.1671875 0.2515625 0.11484375 0.03359375
2 0.62421875 0.246875 0.2390625 0.30390625
2 0.50078125 0.5453125 0.99140625 0.2375
2 0.2515625 0.80390625 0.4921875 0.25078125