2 0.13125 0.74921875 0.2375 0.240625
2 0.253125 0.47890625 0.48671875 0.225
4 0.5546875 0.41640625 0.06640625 0.04140625
4 0.59296875 0.734375 0.14765625 0.04375
2 0.49765625 0.21796875 0.9828125 0.24765625
2 0.87265625 0.74453125 0.24765625 0.26796875
4 0.35 0.76640625 0.153125 0.034375
4 0.05703125 0.41875 0.05859375 0.0390625
4 0.80078125 0.68515625 0.06640625 0.0390625
4 0.0796875 0.76875 0.1109375 0.03671875
4 0.30546875 0.7328125 0.0578125 0.02734375
4 0.05390625 0.6828125 0.0484375 0.0375
4 0.54609375 0.68125 0.0484375 0.03515625
4 0.5015625 0.9796875 0.13046875 0.03984375
0 0.06328125 0.82578125 0.07890625 0.0640625
4 0.17578125 0.4703125 0.3171875 0.0625
0 0.3109375 0.8515625 0.07578125 0.06484375
4 0.20234375 0.21796875 0.35546875 0.0640625
4 0.2984375 0.684375 0.0453125 0.0375
4 0.69296875 0.46484375 0.3515625 0.06953125
4 0.05234375 0.1609375 0.04453125 0.0375
0 0.80390625 0.8234375 0.07421875 0.0609375
0 0.5609375 0.52890625 0.07578125 0.0640625
0 0.55234375 0.8234375 0.07109375 0.06328125
0 0.134375 0.0390625 0.0796875 0.075
0 0.06328125 0.528125 0.07578125 0.06015625
0 0.0625 0.27109375 0.071875 0.06171875
0 0.0546875 0.03828125 0.07421875 0.07265625
2 0.74765625 0.4796875 0.48046875 0.24453125
4 0.5953125 0.77265625 0.153125 0.02890625
2 0.6234375 0.75078125 0.23671875 0.265625
4 0.84375 0.73984375 0.14921875 0.02578125
4 0.84296875 0.76875 0.15078125 0.0359375
4 0.3375 0.79921875 0.12265625 0.03125
4 0.12578125 0.73828125 0.20390625 0.025
2 0.37890625 0.7703125 0.234375 0.29609375