2 0.621875 0.75 0.23125 0.2609375
7 0.05859375 0.85546875 0.06796875 0.06484375
2 0.25078125 0.47734375 0.4921875 0.246875
2 0.1234375 0.76875 0.246875 0.3015625
4 0.328125 0.76875 0.1046875 0.03515625
0 0.2125 0.0421875 0.1328125 0.08125
4 0.303125 0.68515625 0.059375 0.040625
4 0.8203125 0.7953125 0.1078125 0.034375
4 0.54765625 0.41953125 0.040625 0.0296875
4 0.83046875 0.73515625 0.128125 0.03515625
2 0.86875 0.7703125 0.240625 0.29453125
4 0.68203125 0.47734375 0.32734375 0.040625
4 0.553125 0.684375 0.06328125 0.04375
0 0.54921875 0.825 0.0546875 0.0625
4 0.178125 0.21484375 0.31484375 0.06484375
4 0.50390625 0.98046875 0.12421875 0.03828125
4 0.04609375 0.41953125 0.0359375 0.03125
4 0.05546875 0.6875 0.05078125 0.04296875
4 0.79609375 0.68203125 0.05703125 0.0453125
4 0.05625 0.1625 0.0546875 0.040625
0 0.80078125 0.85390625 0.06640625 0.0640625
4 0.2046875 0.46953125 0.3546875 0.0625
0 0.06171875 0.27109375 0.071875 0.0609375
0 0.18671875 0.040625 0.06328125 0.07421875
0 0.1171875 0.040625 0.0703125 0.075
0 0.259375 0.03984375 0.07734375 0.07734375
0 0.30625 0.82421875 0.06875 0.0578125
0 0.05078125 0.03984375 0.06328125 0.071875
0 0.5546875 0.52890625 0.065625 0.06171875
0 0.05859375 0.52734375 0.06640625 0.059375
0 0.0578125 0.853125 0.0703125 0.0640625
2 0.4984375 0.21953125 0.98984375 0.24765625
2 0.7484375 0.475 0.4828125 0.24140625
4 0.0453125 0.73671875 0.03984375 0.0203125
4 0.1328125 0.7671875 0.2171875 0.03359375
4 0.0640625 0.8 0.0859375 0.021875
4 0.371875 0.73828125 0.196875 0.0359375
4 0.57890625 0.73828125 0.1078125 0.0296875
4 0.61953125 0.77109375 0.19296875 0.02890625
4 0.81171875 0.7640625 0.0921875 0.025
2 0.3765625 0.74921875 0.23671875 0.26484375