4 0.25390625 0.21484375 0.47734375 0.2453125
2 0.13203125 0.4890625 0.24453125 0.26796875
4 0.8140625 0.765625 0.31796875 0.046875
4 0.203125 0.42578125 0.0546875 0.04453125
4 0.7 0.4265625 0.0515625 0.03671875
2 0.74921875 0.2203125 0.47421875 0.24140625
4 0.30234375 0.21484375 0.36171875 0.0765625
2 0.86875 0.49453125 0.2375 0.271875
4 0.4453125 0.15625 0.0609375 0.040625
4 0.9484375 0.15703125 0.040625 0.03828125
4 0.81953125 0.21484375 0.321875 0.0625
4 0.44921875 0.41796875 0.05859375 0.04375
0 0.19765625 0.5625 0.071875 0.05859375
4 0.9453125 0.71015625 0.05078125 0.0296875
4 0.9515625 0.4265625 0.0421875 0.03515625
0 0.4421875 0.5625 0.07421875 0.0578125
0 0.7109375 0.0390625 0.07421875 0.0734375
0 0.94921875 0.825 0.06484375 0.06640625
0 0.9390625 0.56484375 0.07421875 0.059375
0 0.69453125 0.56328125 0.0671875 0.06171875
0 0.87734375 0.040625 0.0734375 0.07578125
4 0.4984375 0.95625 0.13671875 0.05234375
0 0.9484375 0.03984375 0.06484375 0.071875
0 0.4421875 0.26796875 0.071875 0.06328125
0 0.63203125 0.04140625 0.0765625 0.075
0 0.940625 0.2671875 0.07109375 0.0640625
0 0.7953125 0.03984375 0.07734375 0.0765625
4 0.9 0.478125 0.153125 0.03515625
4 0.8890625 0.5109375 0.1828125 0.03125
4 0.63828125 0.478125 0.1765625 0.025
4 0.665625 0.51171875 0.13359375 0.03515625
4 0.37734375 0.47734375 0.20078125 0.0390625
4 0.41875 0.51015625 0.12109375 0.03359375
4 0.15859375 0.47734375 0.1390625 0.0328125
4 0.1421875 0.5125 0.18203125 0.03046875
2 0.621875 0.4921875 0.234375 0.26484375
2 0.37890625 0.49296875 0.2375 0.27109375
2 0.5015625 0.7734375 0.98203125 0.25234375