4 0.74609375 0.21484375 0.47734375 0.2453125
2 0.86796875 0.4890625 0.24453125 0.26796875
4 0.1859375 0.765625 0.31796875 0.046875
4 0.796875 0.42578125 0.0546875 0.04453125
4 0.3 0.4265625 0.0515625 0.03671875
2 0.25078125 0.2203125 0.47421875 0.24140625
4 0.69765625 0.21484375 0.36171875 0.0765625
2 0.13125 0.49453125 0.2375 0.271875
4 0.5546875 0.15625 0.0609375 0.040625
4 0.0515625 0.15703125 0.040625 0.03828125
4 0.18046875 0.21484375 0.321875 0.0625
4 0.55078125 0.41796875 0.05859375 0.04375
0 0.80234375 0.5625 0.071875 0.05859375
4 0.0546875 0.71015625 0.05078125 0.0296875
4 0.0484375 0.4265625 0.0421875 0.03515625
0 0.5578125 0.5625 0.07421875 0.0578125
0 0.2890625 0.0390625 0.07421875 0.0734375
0 0.05078125 0.825 0.06484375 0.06640625
0 0.0609375 0.56484375 0.07421875 0.059375
0 0.30546875 0.56328125 0.0671875 0.06171875
0 0.12265625 0.040625 0.0734375 0.07578125
4 0.5015625 0.95625 0.13671875 0.05234375
0 0.0515625 0.03984375 0.06484375 0.071875
0 0.5578125 0.26796875 0.071875 0.06328125
0 0.36796875 0.04140625 0.0765625 0.075
0 0.059375 0.2671875 0.07109375 0.0640625
0 0.2046875 0.03984375 0.07734375 0.0765625
4 0.1 0.478125 0.153125 0.03515625
4 0.1109375 0.5109375 0.1828125 0.03125
4 0.36171875 0.478125 0.1765625 0.025
4 0.334375 0.51171875 0.13359375 0.03515625
4 0.62265625 0.47734375 0.20078125 0.0390625
4 0.58125 0.51015625 0.12109375 0.03359375
4 0.84140625 0.47734375 0.1390625 0.0328125
4 0.8578125 0.5125 0.18203125 0.03046875
2 0.378125 0.4921875 0.234375 0.26484375
2 0.62109375 0.49296875 0.2375 0.27109375
2 0.4984375 0.7734375 0.98203125 0.25234375