4 0.80078125 0.42421875 0.071875 0.03984375
2 0.86953125 0.49140625 0.23828125 0.26875
4 0.10234375 0.475 0.1546875 0.0390625
4 0.18203125 0.76796875 0.30546875 0.0390625
2 0.25390625 0.225 0.4796875 0.23828125
4 0.303125 0.4234375 0.06171875 0.0375
4 0.5640625 0.165625 0.0796875 0.05546875
4 0.20078125 0.20859375 0.35390625 0.06484375
4 0.68515625 0.21640625 0.33203125 0.05625
0 0.80078125 0.5640625 0.0640625 0.05703125
4 0.05859375 0.71171875 0.06171875 0.03515625
4 0.5484375 0.4203125 0.05390625 0.04296875
0 0.30078125 0.56484375 0.06015625 0.0640625
0 0.5453125 0.56484375 0.0515625 0.05859375
0 0.0484375 0.82421875 0.0578125 0.06484375
4 0.05546875 0.42109375 0.04921875 0.0390625
4 0.0515625 0.16015625 0.0453125 0.03359375
0 0.5484375 0.26953125 0.05703125 0.0625
0 0.05078125 0.5671875 0.05859375 0.06171875
0 0.36015625 0.03984375 0.07734375 0.07734375
0 0.0546875 0.03984375 0.071875 0.071875
4 0.5015625 0.95625 0.13671875 0.05234375
0 0.2828125 0.03984375 0.0734375 0.07734375
0 0.20859375 0.040625 0.06953125 0.0765625
0 0.059375 0.26640625 0.06953125 0.0640625
0 0.13046875 0.03984375 0.07578125 0.0765625
2 0.74921875 0.22578125 0.48125 0.2375
4 0.10390625 0.50859375 0.15234375 0.0296875
4 0.3609375 0.4796875 0.17890625 0.0265625
4 0.34609375 0.515625 0.14453125 0.0296875
4 0.61328125 0.48046875 0.17734375 0.0296875
4 0.58984375 0.51015625 0.146875 0.02890625
4 0.84609375 0.4765625 0.16015625 0.0421875
4 0.8421875 0.51484375 0.16015625 0.034375
2 0.128125 0.48984375 0.23125 0.2609375
2 0.375 0.49296875 0.23828125 0.2609375
2 0.625 0.49140625 0.23671875 0.25703125
2 0.4921875 0.76796875 0.98203125 0.23515625