4 0.19921875 0.42421875 0.071875 0.03984375
2 0.13046875 0.49140625 0.23828125 0.26875
4 0.89765625 0.475 0.1546875 0.0390625
4 0.81796875 0.76796875 0.30546875 0.0390625
2 0.74609375 0.225 0.4796875 0.23828125
4 0.696875 0.4234375 0.06171875 0.0375
4 0.4359375 0.165625 0.0796875 0.05546875
4 0.79921875 0.20859375 0.35390625 0.06484375
4 0.31484375 0.21640625 0.33203125 0.05625
0 0.19921875 0.5640625 0.0640625 0.05703125
4 0.94140625 0.71171875 0.06171875 0.03515625
4 0.4515625 0.4203125 0.05390625 0.04296875
0 0.69921875 0.56484375 0.06015625 0.0640625
0 0.4546875 0.56484375 0.0515625 0.05859375
0 0.9515625 0.82421875 0.0578125 0.06484375
4 0.94453125 0.42109375 0.04921875 0.0390625
4 0.9484375 0.16015625 0.0453125 0.03359375
0 0.4515625 0.26953125 0.05703125 0.0625
0 0.94921875 0.5671875 0.05859375 0.06171875
0 0.63984375 0.03984375 0.07734375 0.07734375
0 0.9453125 0.03984375 0.071875 0.071875
4 0.4984375 0.95625 0.13671875 0.05234375
0 0.7171875 0.03984375 0.0734375 0.07734375
0 0.79140625 0.040625 0.06953125 0.0765625
0 0.940625 0.26640625 0.06953125 0.0640625
0 0.86953125 0.03984375 0.07578125 0.0765625
2 0.25078125 0.22578125 0.48125 0.2375
4 0.89609375 0.50859375 0.15234375 0.0296875
4 0.6390625 0.4796875 0.17890625 0.0265625
4 0.65390625 0.515625 0.14453125 0.0296875
4 0.38671875 0.48046875 0.17734375 0.0296875
4 0.41015625 0.51015625 0.146875 0.02890625
4 0.15390625 0.4765625 0.16015625 0.0421875
4 0.1578125 0.51484375 0.16015625 0.034375
2 0.871875 0.48984375 0.23125 0.2609375
2 0.625 0.49296875 0.23828125 0.2609375
2 0.375 0.49140625 0.23671875 0.25703125
2 0.5078125 0.76796875 0.98203125 0.23515625