2 0.4765625 0.5015625 0.91328125 0.996875
3 0.46171875 0.12265625 0.71171875 0.2171875
4 0.50703125 0.26796875 0.32265625 0.0765625
4 0.46484375 0.34453125 0.584375 0.0703125
4 0.48125 0.4375 0.75 0.140625
4 0.5640625 0.55078125 0.53984375 0.0734375
4 0.44140625 0.63125 0.55546875 0.059375
4 0.44921875 0.71953125 0.603125 0.0703125
4 0.44609375 0.81484375 0.578125 0.0765625
0 0.58984375 0.925 0.64140625 0.1125
1 0.853125 0.803125 0.09609375 0.053125
1 0.8375 0.70546875 0.12734375 0.0578125
1 0.7953125 0.62890625 0.134375 0.0546875