2 0.6234375 0.23125 0.23515625 0.26171875
2 0.38203125 0.2296875 0.23515625 0.2609375
2 0.871875 0.23671875 0.23203125 0.27265625
2 0.1328125 0.221875 0.24453125 0.2609375
4 0.55078125 0.16484375 0.0625 0.04375
4 0.05625 0.45 0.0546875 0.03125
4 0.79453125 0.16015625 0.05078125 0.03671875
0 0.8 0.30625 0.06015625 0.0625
0 0.55390625 0.30546875 0.0703125 0.06484375
4 0.30859375 0.1609375 0.065625 0.0390625
4 0.06171875 0.16171875 0.06328125 0.0375
0 0.3046875 0.3046875 0.06171875 0.0640625
0 0.0546875 0.56484375 0.06171875 0.0625
4 0.50234375 0.696875 0.1359375 0.05390625
0 0.05859375 0.03671875 0.07734375 0.07265625
0 0.05703125 0.3046875 0.0671875 0.06484375
0 0.13515625 0.03984375 0.065625 0.07421875
4 0.11484375 0.21875 0.16875 0.03359375
4 0.08984375 0.25 0.115625 0.0296875
4 0.36015625 0.2234375 0.175 0.025
4 0.34609375 0.2515625 0.146875 0.03359375
4 0.6078125 0.215625 0.16875 0.03046875
4 0.59453125 0.24921875 0.14921875 0.03125
4 0.86953125 0.2203125 0.20234375 0.03359375
4 0.81875 0.25234375 0.1 0.02734375
4 0.1796875 0.50859375 0.309375 0.0296875
2 0.4984375 0.51171875 0.98515625 0.2328125