2 0.3765625 0.23125 0.23515625 0.26171875
2 0.61796875 0.2296875 0.23515625 0.2609375
2 0.128125 0.23671875 0.23203125 0.27265625
2 0.8671875 0.221875 0.24453125 0.2609375
4 0.44921875 0.16484375 0.0625 0.04375
4 0.94375 0.45 0.0546875 0.03125
4 0.20546875 0.16015625 0.05078125 0.03671875
0 0.2 0.30625 0.06015625 0.0625
0 0.44609375 0.30546875 0.0703125 0.06484375
4 0.69140625 0.1609375 0.065625 0.0390625
4 0.93828125 0.16171875 0.06328125 0.0375
0 0.6953125 0.3046875 0.06171875 0.0640625
0 0.9453125 0.56484375 0.06171875 0.0625
4 0.49765625 0.696875 0.1359375 0.05390625
0 0.94140625 0.03671875 0.07734375 0.07265625
0 0.94296875 0.3046875 0.0671875 0.06484375
0 0.86484375 0.03984375 0.065625 0.07421875
4 0.88515625 0.21875 0.16875 0.03359375
4 0.91015625 0.25 0.115625 0.0296875
4 0.63984375 0.2234375 0.175 0.025
4 0.65390625 0.2515625 0.146875 0.03359375
4 0.3921875 0.215625 0.16875 0.03046875
4 0.40546875 0.24921875 0.14921875 0.03125
4 0.13046875 0.2203125 0.20234375 0.03359375
4 0.18125 0.25234375 0.1 0.02734375
4 0.8203125 0.50859375 0.309375 0.0296875
2 0.5015625 0.51171875 0.98515625 0.2328125