4 0.93359375 0.540625 0.0796875 0.0265625
2 0.12734375 0.49765625 0.23984375 0.271875
2 0.24765625 0.8015625 0.4953125 0.2375
4 0.88046875 0.5015625 0.18984375 0.04140625
2 0.8734375 0.50546875 0.2515625 0.2921875
2 0.7515625 0.80078125 0.496875 0.24140625
4 0.4484375 0.74140625 0.0453125 0.0328125
4 0.32109375 0.7984375 0.30703125 0.04609375
4 0.45 0.42421875 0.06171875 0.03359375
4 0.20390625 0.425 0.05625 0.0421875
4 0.69453125 0.421875 0.06015625 0.03984375
4 0.9375 0.73984375 0.06796875 0.0375
4 0.81640625 0.7984375 0.315625 0.03984375
4 0.81796875 0.21484375 0.30390625 0.040625
4 0.94375 0.42421875 0.05546875 0.03515625
4 0.496875 0.98046875 0.12421875 0.03828125
0 0.19921875 0.56640625 0.06171875 0.0625
4 0.93984375 0.16484375 0.0640625 0.03828125
0 0.4390625 0.8484375 0.0734375 0.05703125
0 0.446875 0.56640625 0.065625 0.0625
0 0.878125 0.0390625 0.06796875 0.075
0 0.9375 0.27109375 0.07265625 0.06484375
0 0.9390625 0.84921875 0.07265625 0.0609375
4 0.9359375 0.47578125 0.078125 0.0296875
0 0.79453125 0.03984375 0.08046875 0.07734375
0 0.6921875 0.56484375 0.06796875 0.0609375
0 0.9484375 0.0390625 0.06640625 0.07265625
0 0.940625 0.59296875 0.06796875 0.06171875
4 0.6234375 0.4796875 0.203125 0.0328125
4 0.6625 0.51328125 0.13359375 0.03046875
4 0.38984375 0.4796875 0.17890625 0.0328125
4 0.3984375 0.51171875 0.15234375 0.0328125
4 0.1328125 0.48359375 0.2015625 0.034375
4 0.1859375 0.51328125 0.1015625 0.0328125
2 0.496875 0.2265625 0.978125 0.23828125
2 0.62421875 0.48984375 0.2328125 0.25703125
2 0.3765625 0.49140625 0.2421875 0.2671875