2 0.62109375 0.74609375 0.2484375 0.26171875
2 0.128125 0.75 0.25 0.2671875
2 0.86875 0.753125 0.24609375 0.29765625
4 0.4453125 0.1578125 0.0609375 0.0375
4 0.30859375 0.221875 0.3234375 0.04453125
4 0.91640625 0.76640625 0.109375 0.03515625
4 0.45234375 0.68203125 0.0484375 0.03515625
4 0.64375 0.73359375 0.16875 0.0359375
4 0.79765625 0.47734375 0.3359375 0.0390625
4 0.20078125 0.68046875 0.05859375 0.03515625
4 0.81796875 0.21640625 0.3046875 0.046875
4 0.69609375 0.68359375 0.05859375 0.03828125
4 0.93984375 0.421875 0.06484375 0.03515625
0 0.2 0.82578125 0.06484375 0.06484375
0 0.95 0.82578125 0.05546875 0.06015625
0 0.9484375 0.53125 0.05703125 0.0609375
4 0.9453125 0.1578125 0.05078125 0.03515625
0 0.45390625 0.82578125 0.05625 0.0625
4 0.4984375 0.95546875 0.13515625 0.05703125
4 0.946875 0.68125 0.0515625 0.03671875
0 0.94921875 0.0390625 0.0640625 0.0734375
0 0.87734375 0.03984375 0.0765625 0.07578125
0 0.44609375 0.26875 0.065625 0.0625
0 0.940625 0.2671875 0.0703125 0.06171875
0 0.6921875 0.825 0.0734375 0.06484375
4 0.88515625 0.73828125 0.1796875 0.0328125
4 0.653125 0.7703125 0.15703125 0.02734375
4 0.3921875 0.74140625 0.16796875 0.03359375
4 0.4125 0.775 0.13203125 0.03828125
4 0.13984375 0.74140625 0.18515625 0.0296875
4 0.1640625 0.77265625 0.134375 0.02265625
2 0.74921875 0.21640625 0.48203125 0.24375
2 0.25078125 0.21484375 0.48203125 0.24609375
2 0.49765625 0.48125 0.9828125 0.23359375
2 0.3765625 0.75 0.24140625 0.27421875