4 0.81640625 0.4828125 0.303125 0.040625
4 0.81171875 0.2203125 0.32109375 0.04453125
4 0.9390625 0.42578125 0.05859375 0.0375
4 0.93984375 0.68828125 0.0609375 0.03671875
4 0.81953125 0.73984375 0.30546875 0.03828125
4 0.95390625 0.16484375 0.03828125 0.03125
0 0.93671875 0.7953125 0.071875 0.059375
4 0.4984375 0.92734375 0.1359375 0.05234375
0 0.87734375 0.03984375 0.0703125 0.075
0 0.93828125 0.271875 0.07578125 0.06484375
0 0.9453125 0.53359375 0.06171875 0.0625
0 0.94765625 0.04296875 0.06171875 0.071875
0 0.803125 0.03984375 0.06796875 0.07578125
0 0.73046875 0.03984375 0.06484375 0.07578125
2 0.49921875 0.22734375 0.98359375 0.24296875
2 0.5 0.490625 0.97578125 0.2375
2 0.49765625 0.7453125 0.97421875 0.23046875