4 0.18359375 0.4828125 0.303125 0.040625
4 0.18828125 0.2203125 0.32109375 0.04453125
4 0.0609375 0.42578125 0.05859375 0.0375
4 0.06015625 0.68828125 0.0609375 0.03671875
4 0.18046875 0.73984375 0.30546875 0.03828125
4 0.04609375 0.16484375 0.03828125 0.03125
0 0.06328125 0.7953125 0.071875 0.059375
4 0.5015625 0.92734375 0.1359375 0.05234375
0 0.12265625 0.03984375 0.0703125 0.075
0 0.06171875 0.271875 0.07578125 0.06484375
0 0.0546875 0.53359375 0.06171875 0.0625
0 0.05234375 0.04296875 0.06171875 0.071875
0 0.196875 0.03984375 0.06796875 0.07578125
0 0.26953125 0.03984375 0.06484375 0.07578125
2 0.50078125 0.22734375 0.98359375 0.24296875
2 0.5 0.490625 0.97578125 0.2375
2 0.50234375 0.7453125 0.97421875 0.23046875