4 0.21015625 0.73984375 0.36953125 0.06171875
4 0.67265625 0.21328125 0.296875 0.03984375
4 0.05546875 0.42421875 0.06328125 0.03203125
4 0.6765625 0.72890625 0.32578125 0.0609375
4 0.559375 0.15625 0.0671875 0.0421875
4 0.55625 0.6796875 0.0609375 0.0390625
4 0.05234375 0.68125 0.04609375 0.0421875
4 0.18125 0.2171875 0.309375 0.0359375
4 0.05703125 0.16015625 0.05703125 0.03515625
0 0.5515625 0.7875 0.059375 0.0609375
4 0.17890625 0.4828125 0.30234375 0.03828125
4 0.5015625 0.925 0.13359375 0.05625
0 0.55859375 0.26796875 0.071875 0.0609375
0 0.06328125 0.5328125 0.07421875 0.06015625
0 0.134375 0.0390625 0.07421875 0.07578125
0 0.0625 0.78671875 0.07421875 0.06328125
0 0.05546875 0.0390625 0.07421875 0.0703125
0 0.0609375 0.26796875 0.06953125 0.06015625
2 0.2515625 0.2125 0.48671875 0.25546875
2 0.75078125 0.2203125 0.47734375 0.24140625
2 0.5 0.4828125 0.99609375 0.24609375
2 0.24921875 0.74140625 0.48828125 0.24296875
2 0.746875 0.74140625 0.484375 0.25390625