2 0.86953125 0.75390625 0.24609375 0.2671875
2 0.24921875 0.478125 0.48828125 0.24765625
2 0.3796875 0.753125 0.23046875 0.26328125
2 0.62265625 0.759375 0.246875 0.26171875
4 0.59609375 0.73671875 0.1484375 0.0328125
4 0.55234375 0.6859375 0.0609375 0.0390625
2 0.134375 0.7453125 0.240625 0.2578125
4 0.5484375 0.41953125 0.0421875 0.03515625
4 0.675 0.47421875 0.30546875 0.04375
4 0.30546875 0.68125 0.06015625 0.03671875
4 0.79453125 0.6796875 0.05 0.04296875
4 0.0546875 0.1625 0.05859375 0.03671875
4 0.05234375 0.42109375 0.04375 0.0375
0 0.5515625 0.5296875 0.0546875 0.0625
4 0.059375 0.6875 0.06171875 0.0359375
4 0.18046875 0.21875 0.3203125 0.03671875
0 0.80078125 0.82265625 0.071875 0.06484375
0 0.55078125 0.8265625 0.0671875 0.06875
4 0.5015625 0.9546875 0.134375 0.05859375
0 0.1390625 0.03828125 0.07890625 0.075
4 0.18984375 0.48125 0.33203125 0.04375
0 0.06328125 0.271875 0.0734375 0.0609375
0 0.05234375 0.8265625 0.06328125 0.06484375
0 0.05703125 0.0390625 0.078125 0.0734375
0 0.3046875 0.825 0.0703125 0.06484375
0 0.06015625 0.528125 0.07265625 0.06015625
2 0.5015625 0.2265625 0.98984375 0.24140625
2 0.7515625 0.47890625 0.48359375 0.2359375
4 0.109375 0.73671875 0.16171875 0.0328125
4 0.0984375 0.76875 0.14375 0.034375
4 0.35390625 0.74140625 0.1609375 0.0328125
4 0.34453125 0.7703125 0.15078125 0.028125
4 0.5984375 0.76875 0.1484375 0.02890625
4 0.846875 0.73515625 0.153125 0.02734375
4 0.8453125 0.77109375 0.1578125 0.0390625