4 0.81953125 0.765625 0.3125 0.03515625
2 0.37890625 0.234375 0.23046875 0.26484375
2 0.86796875 0.2328125 0.23125 0.2671875
2 0.75234375 0.51328125 0.49296875 0.2515625
2 0.12734375 0.23359375 0.23515625 0.2796875
4 0.315625 0.5015625 0.3125 0.04375
4 0.44921875 0.44609375 0.04765625 0.04296875
4 0.8125 0.509375 0.32265625 0.0375
4 0.94765625 0.4484375 0.05390625 0.0359375
0 0.20625 0.30546875 0.05546875 0.0578125
4 0.69765625 0.16484375 0.0578125 0.03515625
0 0.95078125 0.3046875 0.05234375 0.05625
4 0.44921875 0.16171875 0.0515625 0.0375
0 0.95234375 0.55859375 0.05625 0.05703125
4 0.94140625 0.16171875 0.05390625 0.0359375
4 0.93984375 0.71328125 0.06171875 0.034375
4 0.20390625 0.165625 0.04921875 0.0421875
0 0.4515625 0.30546875 0.06484375 0.0671875
0 0.86171875 0.03984375 0.07578125 0.071875
0 0.696875 0.30625 0.06171875 0.0609375
0 0.44453125 0.55625 0.0703125 0.0640625
4 0.4984375 0.95625 0.13671875 0.05078125
0 0.94296875 0.03984375 0.0765625 0.07421875
0 0.9421875 0.825 0.0703125 0.065625
4 0.88515625 0.2203125 0.17734375 0.0359375
4 0.90625 0.25234375 0.1390625 0.02421875
4 0.63203125 0.21875 0.1859375 0.0390625
4 0.6640625 0.2515625 0.125 0.021875
4 0.375 0.21796875 0.2015625 0.02734375
4 0.43203125 0.2484375 0.090625 0.025
4 0.171875 0.21796875 0.125 0.03125
4 0.1453125 0.25234375 0.1796875 0.03125
2 0.625 0.22890625 0.23359375 0.2609375
2 0.25078125 0.50625 0.47734375 0.24609375
2 0.503125 0.771875 0.98828125 0.23125