4 0.18046875 0.765625 0.3125 0.03515625
2 0.62109375 0.234375 0.23046875 0.26484375
2 0.13203125 0.2328125 0.23125 0.2671875
2 0.24765625 0.51328125 0.49296875 0.2515625
2 0.87265625 0.23359375 0.23515625 0.2796875
4 0.684375 0.5015625 0.3125 0.04375
4 0.55078125 0.44609375 0.04765625 0.04296875
4 0.1875 0.509375 0.32265625 0.0375
4 0.05234375 0.4484375 0.05390625 0.0359375
0 0.79375 0.30546875 0.05546875 0.0578125
4 0.30234375 0.16484375 0.0578125 0.03515625
0 0.04921875 0.3046875 0.05234375 0.05625
4 0.55078125 0.16171875 0.0515625 0.0375
0 0.04765625 0.55859375 0.05625 0.05703125
4 0.05859375 0.16171875 0.05390625 0.0359375
4 0.06015625 0.71328125 0.06171875 0.034375
4 0.79609375 0.165625 0.04921875 0.0421875
0 0.5484375 0.30546875 0.06484375 0.0671875
0 0.13828125 0.03984375 0.07578125 0.071875
0 0.303125 0.30625 0.06171875 0.0609375
0 0.55546875 0.55625 0.0703125 0.0640625
4 0.5015625 0.95625 0.13671875 0.05078125
0 0.05703125 0.03984375 0.0765625 0.07421875
0 0.0578125 0.825 0.0703125 0.065625
4 0.11484375 0.2203125 0.17734375 0.0359375
4 0.09375 0.25234375 0.1390625 0.02421875
4 0.36796875 0.21875 0.1859375 0.0390625
4 0.3359375 0.2515625 0.125 0.021875
4 0.625 0.21796875 0.2015625 0.02734375
4 0.56796875 0.2484375 0.090625 0.025
4 0.828125 0.21796875 0.125 0.03125
4 0.8546875 0.25234375 0.1796875 0.03125
2 0.375 0.22890625 0.23359375 0.2609375
2 0.74921875 0.50625 0.47734375 0.24609375
2 0.496875 0.771875 0.98828125 0.23125