4 0.678125 0.475 0.3109375 0.0453125
2 0.25234375 0.47890625 0.48125 0.234375
4 0.6796875 0.21640625 0.31171875 0.0359375
4 0.55078125 0.41640625 0.05234375 0.03828125
4 0.190625 0.73515625 0.32421875 0.0375
4 0.1859375 0.4734375 0.31484375 0.04765625
4 0.0578125 0.68125 0.05234375 0.03515625
4 0.1828125 0.21796875 0.31171875 0.0375
4 0.05859375 0.16015625 0.05625 0.0375
0 0.5484375 0.528125 0.05703125 0.06328125
0 0.05078125 0.790625 0.0546875 0.0625
4 0.06015625 0.4203125 0.06328125 0.03515625
4 0.5015625 0.9234375 0.1359375 0.04921875
0 0.55625 0.26796875 0.0671875 0.0625
0 0.05234375 0.0390625 0.06875 0.07265625
0 0.1265625 0.0390625 0.07265625 0.07578125
0 0.0515625 0.528125 0.05859375 0.06015625
0 0.05390625 0.26875 0.0625 0.06015625
0 0.2046875 0.04140625 0.0703125 0.07890625
2 0.2515625 0.2171875 0.48046875 0.2359375
4 0.546875 0.15859375 0.046875 0.0359375
2 0.74765625 0.21796875 0.4796875 0.2453125
2 0.7515625 0.4796875 0.48046875 0.246875
2 0.5 0.73984375 0.98046875 0.23125