4 0.321875 0.475 0.3109375 0.0453125
2 0.74765625 0.47890625 0.48125 0.234375
4 0.3203125 0.21640625 0.31171875 0.0359375
4 0.44921875 0.41640625 0.05234375 0.03828125
4 0.809375 0.73515625 0.32421875 0.0375
4 0.8140625 0.4734375 0.31484375 0.04765625
4 0.9421875 0.68125 0.05234375 0.03515625
4 0.8171875 0.21796875 0.31171875 0.0375
4 0.94140625 0.16015625 0.05625 0.0375
0 0.4515625 0.528125 0.05703125 0.06328125
0 0.94921875 0.790625 0.0546875 0.0625
4 0.93984375 0.4203125 0.06328125 0.03515625
4 0.4984375 0.9234375 0.1359375 0.04921875
0 0.44375 0.26796875 0.0671875 0.0625
0 0.94765625 0.0390625 0.06875 0.07265625
0 0.8734375 0.0390625 0.07265625 0.07578125
0 0.9484375 0.528125 0.05859375 0.06015625
0 0.94609375 0.26875 0.0625 0.06015625
0 0.7953125 0.04140625 0.0703125 0.07890625
2 0.7484375 0.2171875 0.48046875 0.2359375
4 0.453125 0.15859375 0.046875 0.0359375
2 0.25234375 0.21796875 0.4796875 0.2453125
2 0.2484375 0.4796875 0.48046875 0.246875
2 0.5 0.73984375 0.98046875 0.23125