2 0.871875 0.22890625 0.240625 0.27890625
2 0.3796875 0.23046875 0.2359375 0.2640625
2 0.2484375 0.76796875 0.496875 0.2484375
4 0.17734375 0.76875 0.30078125 0.03828125
4 0.18828125 0.5046875 0.31875 0.034375
4 0.67109375 0.76484375 0.29296875 0.040625
4 0.5578125 0.71171875 0.071875 0.03984375
2 0.13125 0.221875 0.23984375 0.2578125
4 0.06171875 0.45625 0.065625 0.03515625
4 0.303125 0.1640625 0.05546875 0.03203125
4 0.0578125 0.709375 0.05390625 0.03359375
0 0.8 0.30625 0.06015625 0.06015625
0 0.55390625 0.3046875 0.0703125 0.06328125
0 0.06171875 0.56328125 0.06875 0.05703125
4 0.50234375 0.95546875 0.13515625 0.05859375
4 0.06171875 0.16328125 0.0609375 0.03515625
0 0.04921875 0.81953125 0.0609375 0.0609375
0 0.55546875 0.8203125 0.0703125 0.06328125
0 0.13046875 0.0390625 0.07109375 0.075
0 0.3078125 0.30625 0.071875 0.0625
0 0.0546875 0.30546875 0.0625 0.0640625
0 0.05546875 0.0390625 0.071875 0.07109375
0 0.20234375 0.03984375 0.071875 0.0734375
4 0.10859375 0.21796875 0.1671875 0.034375
4 0.09375 0.24765625 0.13984375 0.02578125
4 0.3578125 0.221875 0.17578125 0.025
4 0.33828125 0.24765625 0.140625 0.02109375
4 0.546875 0.17421875 0.0546875 0.04609375
4 0.61796875 0.2234375 0.19296875 0.02734375
4 0.5765625 0.2515625 0.11171875 0.0234375
4 0.7921875 0.1671875 0.03984375 0.0359375
4 0.86484375 0.21796875 0.18984375 0.02734375
4 0.821875 0.24765625 0.10234375 0.03125
2 0.621875 0.23203125 0.23203125 0.275
2 0.49921875 0.51328125 0.97890625 0.2375
2 0.75078125 0.76796875 0.4921875 0.24765625