2 0.13125 0.75 0.23203125 0.2703125
2 0.86875 0.753125 0.24296875 0.28203125
2 0.74765625 0.21875 0.47890625 0.24140625
4 0.45 0.1578125 0.04296875 0.03125
4 0.19921875 0.68125 0.0546875 0.040625
4 0.696875 0.684375 0.05546875 0.0359375
4 0.45078125 0.68203125 0.0546875 0.04375
0 0.7015625 0.82734375 0.04765625 0.06015625
4 0.8234375 0.47578125 0.296875 0.0359375
4 0.940625 0.6828125 0.0609375 0.03515625
4 0.94296875 0.425 0.05546875 0.03984375
4 0.81171875 0.2109375 0.3296875 0.0453125
4 0.94296875 0.16015625 0.05703125 0.0359375
0 0.2015625 0.825 0.0578125 0.0625
0 0.44921875 0.825 0.0546875 0.06640625
0 0.9484375 0.8265625 0.06015625 0.0609375
0 0.8609375 0.03828125 0.078125 0.075
4 0.4984375 0.95546875 0.13515625 0.05703125
0 0.95 0.26796875 0.05625 0.0625
0 0.94765625 0.5328125 0.059375 0.0625
0 0.94296875 0.03984375 0.07890625 0.0734375
0 0.44765625 0.26953125 0.0640625 0.0640625
4 0.32265625 0.21796875 0.30859375 0.03515625
4 0.87890625 0.73671875 0.18515625 0.0328125
4 0.9109375 0.77265625 0.1203125 0.0359375
4 0.64375 0.73828125 0.16796875 0.0359375
4 0.67265625 0.76875 0.11484375 0.03125
4 0.38671875 0.7359375 0.18515625 0.03359375
4 0.4171875 0.7703125 0.11640625 0.03515625
4 0.146875 0.73984375 0.175 0.02890625
4 0.15234375 0.77265625 0.16171875 0.02578125
2 0.25234375 0.2203125 0.4828125 0.246875
2 0.49765625 0.48203125 0.98359375 0.23515625
2 0.62421875 0.75078125 0.23515625 0.25859375
2 0.3796875 0.74921875 0.23359375 0.2578125