4 0.665625 0.50625 0.11328125 0.03671875
2 0.86953125 0.490625 0.240625 0.26484375
2 0.37734375 0.48671875 0.22890625 0.26640625
2 0.7515625 0.79921875 0.49609375 0.25234375
4 0.45234375 0.73984375 0.04765625 0.04453125
4 0.80546875 0.79921875 0.33828125 0.04453125
4 0.89140625 0.47578125 0.16953125 0.03671875
4 0.1828125 0.475 0.10546875 0.03203125
2 0.50234375 0.2171875 0.99453125 0.25703125
4 0.9546875 0.74375 0.03671875 0.03046875
4 0.4453125 0.421875 0.06640625 0.0359375
4 0.3296875 0.79453125 0.30546875 0.0453125
4 0.82578125 0.21484375 0.29453125 0.03359375
4 0.94609375 0.16484375 0.0578125 0.0421875
4 0.496875 0.98125 0.12421875 0.0375
4 0.69765625 0.42265625 0.05625 0.03828125
4 0.9453125 0.42578125 0.05625 0.03203125
4 0.20625 0.42421875 0.05 0.03828125
0 0.93828125 0.8484375 0.0734375 0.06015625
0 0.2015625 0.59453125 0.06953125 0.065625
0 0.44296875 0.84765625 0.06640625 0.0609375
0 0.95078125 0.0375 0.05859375 0.07421875
0 0.93984375 0.56640625 0.075 0.06484375
0 0.88828125 0.040625 0.06171875 0.075
0 0.93984375 0.271875 0.07109375 0.06171875
0 0.815625 0.03984375 0.078125 0.078125
0 0.4484375 0.56796875 0.06875 0.0640625
0 0.6953125 0.5671875 0.06484375 0.0609375
4 0.90078125 0.51328125 0.14453125 0.0328125
4 0.62890625 0.478125 0.1890625 0.02265625
4 0.38203125 0.4796875 0.19453125 0.0296875
4 0.42109375 0.5140625 0.11484375 0.03203125
4 0.1421875 0.50859375 0.1796875 0.02890625
4 0.2140625 0.53828125 0.03046875 0.02734375
2 0.25 0.79765625 0.478125 0.24140625
2 0.62578125 0.4921875 0.2390625 0.265625
2 0.1296875 0.50859375 0.23515625 0.2953125