2 0.621875 0.51484375 0.2359375 0.271875
2 0.13046875 0.23203125 0.23203125 0.26796875
2 0.86796875 0.51875 0.24921875 0.27265625
2 0.8703125 0.2296875 0.23203125 0.27734375
2 0.62421875 0.23125 0.2265625 0.2640625
2 0.37890625 0.23046875 0.22734375 0.2640625
4 0.29921875 0.45078125 0.046875 0.03515625
4 0.30234375 0.16484375 0.0640625 0.040625
2 0.37734375 0.51875 0.2421875 0.28828125
4 0.7984375 0.45390625 0.05703125 0.0375
4 0.54453125 0.16484375 0.046875 0.0359375
4 0.7984375 0.1640625 0.06015625 0.0359375
4 0.5546875 0.45546875 0.06953125 0.0421875
4 0.05234375 0.45390625 0.04921875 0.03515625
0 0.79375 0.59296875 0.05390625 0.059375
0 0.54296875 0.30625 0.0515625 0.06328125
0 0.29609375 0.30703125 0.04609375 0.0609375
0 0.79765625 0.30546875 0.06015625 0.0625
4 0.06015625 0.1640625 0.0625 0.034375
0 0.05859375 0.61953125 0.07109375 0.06484375
4 0.49921875 0.753125 0.1328125 0.06015625
0 0.5578125 0.58828125 0.0765625 0.059375
0 0.30703125 0.590625 0.06953125 0.05859375
0 0.05703125 0.30546875 0.06796875 0.06015625
0 0.05 0.0390625 0.0609375 0.0734375
0 0.1171875 0.04140625 0.07578125 0.075
4 0.1171875 0.221875 0.18515625 0.02265625
4 0.08828125 0.25078125 0.13046875 0.02734375
4 0.35859375 0.21875 0.171875 0.0328125
4 0.34609375 0.2546875 0.15859375 0.0375
4 0.60703125 0.22109375 0.1734375 0.028125
4 0.5875 0.2515625 0.1390625 0.03203125
4 0.83125 0.21953125 0.12109375 0.03203125
4 0.8578125 0.25 0.184375 0.0328125
4 0.0765625 0.51015625 0.10546875 0.03125
4 0.13203125 0.5421875 0.2171875 0.025
4 0.03984375 0.565625 0.03359375 0.0296875
4 0.35390625 0.5109375 0.1671875 0.028125
4 0.34296875 0.5421875 0.14453125 0.02734375
4 0.61953125 0.5078125 0.196875 0.03125
4 0.565625 0.53984375 0.0859375 0.03125
4 0.84140625 0.509375 0.1515625 0.02734375
4 0.84140625 0.54296875 0.15 0.0328125
2 0.13046875 0.5375 0.23828125 0.29375