2 0.6234375 0.2296875 0.23828125 0.26328125
4 0.3984375 0.21796875 0.15859375 0.03359375
2 0.1296875 0.23203125 0.2296875 0.28828125
2 0.37578125 0.23125 0.23359375 0.26875
4 0.44921875 0.1671875 0.0625 0.03828125
4 0.9484375 0.16796875 0.04296875 0.02890625
2 0.871875 0.23203125 0.2390625 0.25625
4 0.20078125 0.16328125 0.059375 0.0390625
0 0.19921875 0.3078125 0.06328125 0.06328125
0 0.78984375 0.03984375 0.0671875 0.07578125
4 0.696875 0.16171875 0.05703125 0.03671875
4 0.49765625 0.43515625 0.1359375 0.0625
0 0.86640625 0.03828125 0.071875 0.07421875
0 0.44609375 0.30546875 0.071875 0.06328125
0 0.94453125 0.03984375 0.07421875 0.07109375
0 0.71015625 0.0390625 0.078125 0.0734375
0 0.94453125 0.3046875 0.065625 0.0625
0 0.69296875 0.3046875 0.0671875 0.06171875
4 0.8890625 0.21796875 0.17265625 0.02734375
4 0.90546875 0.25 0.1390625 0.0296875
4 0.63984375 0.21875 0.16796875 0.02890625
4 0.64921875 0.25 0.15390625 0.03984375
4 0.396875 0.25546875 0.16015625 0.03515625
4 0.13359375 0.21953125 0.1953125 0.0375
4 0.17578125 0.24921875 0.12109375 0.02734375