2 0.74921875 0.2203125 0.48984375 0.23671875
4 0.45 0.1578125 0.05078125 0.03515625
4 0.83359375 0.209375 0.2921875 0.05390625
4 0.94765625 0.1609375 0.046875 0.0359375
4 0.4984375 0.40390625 0.134375 0.06015625
0 0.78984375 0.03984375 0.06796875 0.07734375
0 0.44921875 0.26953125 0.0609375 0.0640625
0 0.71796875 0.0390625 0.0703125 0.0765625
0 0.86796875 0.04140625 0.07890625 0.075
0 0.64375 0.03984375 0.0765625 0.07578125
0 0.9453125 0.0390625 0.0703125 0.0703125
0 0.9375 0.2671875 0.07421875 0.0640625
4 0.32421875 0.21796875 0.3015625 0.03828125
2 0.25078125 0.2171875 0.48203125 0.23984375