2 0.25078125 0.2203125 0.48984375 0.23671875
4 0.55 0.1578125 0.05078125 0.03515625
4 0.16640625 0.209375 0.2921875 0.05390625
4 0.05234375 0.1609375 0.046875 0.0359375
4 0.5015625 0.40390625 0.134375 0.06015625
0 0.21015625 0.03984375 0.06796875 0.07734375
0 0.55078125 0.26953125 0.0609375 0.0640625
0 0.28203125 0.0390625 0.0703125 0.0765625
0 0.13203125 0.04140625 0.07890625 0.075
0 0.35625 0.03984375 0.0765625 0.07578125
0 0.0546875 0.0390625 0.0703125 0.0703125
0 0.0625 0.2671875 0.07421875 0.0640625
4 0.67578125 0.21796875 0.3015625 0.03828125
2 0.74921875 0.2171875 0.48203125 0.23984375