2 0.13125 0.74453125 0.24453125 0.27421875
2 0.74765625 0.47734375 0.4859375 0.234375
2 0.50078125 0.21953125 0.98671875 0.23828125
2 0.86640625 0.75703125 0.23203125 0.26171875
4 0.44921875 0.41796875 0.046875 0.0359375
4 0.4515625 0.6875 0.0484375 0.03515625
4 0.2015625 0.68515625 0.06015625 0.0375
4 0.94765625 0.4234375 0.04765625 0.0359375
4 0.3203125 0.48046875 0.3109375 0.046875
4 0.69609375 0.68125 0.05703125 0.0390625
4 0.8171875 0.21875 0.30625 0.046875
0 0.69921875 0.82578125 0.0578125 0.0609375
4 0.94765625 0.1640625 0.04921875 0.03515625
4 0.82890625 0.47734375 0.290625 0.04375
0 0.2 0.825 0.0703125 0.0640625
4 0.9421875 0.68515625 0.05859375 0.0375
0 0.8875 0.040625 0.06015625 0.07265625
4 0.4984375 0.9546875 0.134375 0.0578125
0 0.95 0.03828125 0.0609375 0.07265625
0 0.8109375 0.0390625 0.07265625 0.07421875
0 0.94296875 0.271875 0.06484375 0.0625
0 0.44609375 0.82421875 0.071875 0.065625
0 0.7390625 0.040625 0.06171875 0.075
0 0.940625 0.528125 0.06640625 0.059375
0 0.44375 0.528125 0.06953125 0.0609375
0 0.94296875 0.82421875 0.0671875 0.06015625
4 0.88359375 0.7421875 0.1890625 0.0375
4 0.9078125 0.7734375 0.1328125 0.03125
4 0.63984375 0.740625 0.1734375 0.03515625
4 0.65625 0.77265625 0.14453125 0.0296875
4 0.3890625 0.74140625 0.1734375 0.0328125
4 0.41015625 0.771875 0.1375 0.02734375
4 0.14921875 0.73828125 0.1640625 0.0328125
4 0.16015625 0.7734375 0.128125 0.025
2 0.25078125 0.4796875 0.47890625 0.23984375
2 0.62421875 0.75625 0.2359375 0.265625
2 0.37890625 0.753125 0.2390625 0.2671875