2 0.86875 0.74453125 0.24453125 0.27421875
2 0.25234375 0.47734375 0.4859375 0.234375
2 0.49921875 0.21953125 0.98671875 0.23828125
2 0.13359375 0.75703125 0.23203125 0.26171875
4 0.55078125 0.41796875 0.046875 0.0359375
4 0.5484375 0.6875 0.0484375 0.03515625
4 0.7984375 0.68515625 0.06015625 0.0375
4 0.05234375 0.4234375 0.04765625 0.0359375
4 0.6796875 0.48046875 0.3109375 0.046875
4 0.30390625 0.68125 0.05703125 0.0390625
4 0.1828125 0.21875 0.30625 0.046875
0 0.30078125 0.82578125 0.0578125 0.0609375
4 0.05234375 0.1640625 0.04921875 0.03515625
4 0.17109375 0.47734375 0.290625 0.04375
0 0.8 0.825 0.0703125 0.0640625
4 0.0578125 0.68515625 0.05859375 0.0375
0 0.1125 0.040625 0.06015625 0.07265625
4 0.5015625 0.9546875 0.134375 0.0578125
0 0.05 0.03828125 0.0609375 0.07265625
0 0.1890625 0.0390625 0.07265625 0.07421875
0 0.05703125 0.271875 0.06484375 0.0625
0 0.55390625 0.82421875 0.071875 0.065625
0 0.2609375 0.040625 0.06171875 0.075
0 0.059375 0.528125 0.06640625 0.059375
0 0.55625 0.528125 0.06953125 0.0609375
0 0.05703125 0.82421875 0.0671875 0.06015625
4 0.11640625 0.7421875 0.1890625 0.0375
4 0.0921875 0.7734375 0.1328125 0.03125
4 0.36015625 0.740625 0.1734375 0.03515625
4 0.34375 0.77265625 0.14453125 0.0296875
4 0.6109375 0.74140625 0.1734375 0.0328125
4 0.58984375 0.771875 0.1375 0.02734375
4 0.85078125 0.73828125 0.1640625 0.0328125
4 0.83984375 0.7734375 0.128125 0.025
2 0.74921875 0.4796875 0.47890625 0.23984375
2 0.37578125 0.75625 0.2359375 0.265625
2 0.62109375 0.753125 0.2390625 0.2671875