2 0.128125 0.48203125 0.246875 0.26015625
4 0.7921875 0.4234375 0.04765625 0.03671875
4 0.67578125 0.215625 0.30546875 0.05234375
2 0.25 0.21796875 0.47734375 0.23515625
4 0.18125 0.76484375 0.31015625 0.04609375
4 0.06484375 0.51015625 0.071875 0.03125
4 0.55234375 0.41953125 0.0671875 0.0421875
4 0.55390625 0.15703125 0.059375 0.0390625
4 0.3015625 0.4234375 0.05390625 0.0390625
0 0.54765625 0.26875 0.04765625 0.05546875
0 0.2984375 0.56484375 0.05390625 0.0578125
4 0.05703125 0.71171875 0.05234375 0.03359375
0 0.80078125 0.5640625 0.0640625 0.06015625
4 0.17734375 0.21171875 0.3171875 0.05859375
4 0.05859375 0.1578125 0.06015625 0.0359375
0 0.06328125 0.56484375 0.07890625 0.059375
0 0.06171875 0.825 0.08046875 0.06328125
4 0.06171875 0.42265625 0.0640625 0.0375
0 0.13828125 0.03984375 0.07109375 0.07578125
0 0.36171875 0.0390625 0.07734375 0.0765625
0 0.28359375 0.03984375 0.0734375 0.078125
0 0.55546875 0.5625 0.07109375 0.06171875
4 0.5015625 0.95625 0.13671875 0.05234375
0 0.05703125 0.0390625 0.0765625 0.06953125
0 0.2109375 0.03984375 0.06484375 0.07734375
0 0.059375 0.2671875 0.0703125 0.06171875
4 0.1265625 0.475 0.19609375 0.03828125
4 0.375 0.478125 0.1984375 0.0328125
4 0.3296875 0.5109375 0.10703125 0.03125
4 0.61875 0.47578125 0.18671875 0.03515625
4 0.5734375 0.50859375 0.103125 0.0359375
4 0.871875 0.4796875 0.21015625 0.0359375
4 0.8296875 0.51328125 0.13203125 0.02734375
2 0.74765625 0.21484375 0.4828125 0.240625
2 0.37578125 0.49140625 0.2421875 0.2609375
2 0.62421875 0.4921875 0.2421875 0.259375
2 0.86796875 0.490625 0.2390625 0.2625
2 0.496875 0.76875 0.98203125 0.2359375