4 0.578125 0.51015625 0.11796875 0.04140625
2 0.13046875 0.49453125 0.234375 0.2625
4 0.54921875 0.4234375 0.0546875 0.03828125
4 0.18359375 0.21953125 0.315625 0.04140625
4 0.05703125 0.1625 0.06015625 0.03515625
4 0.79296875 0.42265625 0.04921875 0.03984375
4 0.0546875 0.42265625 0.05234375 0.0359375
4 0.3125 0.42421875 0.06953125 0.03515625
0 0.80234375 0.565625 0.071875 0.06171875
0 0.06015625 0.27109375 0.06953125 0.0609375
4 0.5015625 0.6984375 0.13828125 0.05546875
0 0.303125 0.56796875 0.0609375 0.065625
0 0.20078125 0.03984375 0.0734375 0.07578125
0 0.05546875 0.03984375 0.0765625 0.07265625
0 0.059375 0.56484375 0.07265625 0.065625
0 0.55546875 0.565625 0.0734375 0.06484375
0 0.12734375 0.0390625 0.059375 0.07578125
4 0.11953125 0.48515625 0.1859375 0.034375
4 0.090625 0.5140625 0.1296875 0.02890625
4 0.36796875 0.47890625 0.18984375 0.034375
4 0.32734375 0.509375 0.10390625 0.03046875
2 0.4984375 0.22265625 0.97734375 0.2359375
2 0.37578125 0.49453125 0.23203125 0.26484375
2 0.62421875 0.4921875 0.23515625 0.259375
2 0.871875 0.49140625 0.2359375 0.2609375
4 0.61875 0.4796875 0.20390625 0.03125
4 0.865625 0.478125 0.1953125 0.0328125
4 0.82421875 0.509375 0.11328125 0.03046875