2 0.4953125 0.50078125 0.990625 0.98046875
4 0.72265625 0.08359375 0.51484375 0.11796875
4 0.20234375 0.1109375 0.3328125 0.10546875
4 0.778125 0.22421875 0.10390625 0.075
4 0.76796875 0.36171875 0.0953125 0.0640625
4 0.71640625 0.52265625 0.21015625 0.0765625
4 0.74140625 0.65390625 0.140625 0.065625
4 0.7484375 0.7875 0.15703125 0.05859375
4 0.21875 0.23828125 0.11328125 0.075
4 0.22265625 0.33671875 0.10390625 0.05703125
4 0.165625 0.43984375 0.22578125 0.0734375
4 0.20625 0.53046875 0.1359375 0.0640625
4 0.1984375 0.6390625 0.1734375 0.0765625
5 0.30234375 0.2296875 0.01953125 0.04921875
5 0.30390625 0.32578125 0.021875 0.04453125
5 0.30546875 0.4328125 0.0234375 0.04453125
5 0.3015625 0.52890625 0.02734375 0.04609375
5 0.303125 0.62890625 0.028125 0.0625
1 0.85703125 0.6484375 0.034375 0.0796875
1 0.85625 0.20546875 0.0328125 0.0671875
1 0.85859375 0.34609375 0.03984375 0.0828125
1 0.859375 0.51171875 0.040625 0.0734375
1 0.8625 0.778125 0.03671875 0.09375