2 0.75 0.21640625 0.48203125 0.2375
4 0.45390625 0.15625 0.040625 0.0390625
4 0.81328125 0.215625 0.315625 0.05625
0 0.44921875 0.26796875 0.05234375 0.06015625
4 0.9453125 0.15859375 0.0515625 0.0375
4 0.4984375 0.4046875 0.1328125 0.059375
0 0.95078125 0.03984375 0.05546875 0.0734375
0 0.80390625 0.0390625 0.07109375 0.0765625
0 0.73125 0.03984375 0.06953125 0.07578125
0 0.88046875 0.04140625 0.078125 0.07578125
0 0.93984375 0.265625 0.071875 0.0625
4 0.328125 0.215625 0.30234375 0.0375
2 0.2515625 0.21640625 0.4796875 0.24140625