2 0.25 0.21640625 0.48203125 0.2375
4 0.54609375 0.15625 0.040625 0.0390625
4 0.18671875 0.215625 0.315625 0.05625
0 0.55078125 0.26796875 0.05234375 0.06015625
4 0.0546875 0.15859375 0.0515625 0.0375
4 0.5015625 0.4046875 0.1328125 0.059375
0 0.04921875 0.03984375 0.05546875 0.0734375
0 0.19609375 0.0390625 0.07109375 0.0765625
0 0.26875 0.03984375 0.06953125 0.07578125
0 0.11953125 0.04140625 0.078125 0.07578125
0 0.06015625 0.265625 0.071875 0.0625
4 0.671875 0.215625 0.30234375 0.0375
2 0.7484375 0.21640625 0.4796875 0.24140625