2 0.253125 0.8015625 0.48984375 0.23359375
2 0.8671875 0.4921875 0.22890625 0.271875
2 0.62421875 0.509375 0.2453125 0.29453125
2 0.13046875 0.50546875 0.24140625 0.30078125
2 0.753125 0.7984375 0.4796875 0.234375
4 0.4484375 0.74375 0.05078125 0.0359375
4 0.9421875 0.74140625 0.05859375 0.03515625
4 0.19765625 0.475 0.06953125 0.02890625
4 0.31484375 0.7921875 0.353125 0.09375
4 0.9421875 0.16640625 0.06015625 0.04296875
4 0.82265625 0.21171875 0.3140625 0.0703125
4 0.4484375 0.4203125 0.05703125 0.03984375
4 0.82109375 0.79296875 0.3265625 0.06484375
4 0.496875 0.98125 0.12421875 0.0375
4 0.93359375 0.42578125 0.07109375 0.03203125
4 0.7 0.42578125 0.05234375 0.040625
4 0.19921875 0.4296875 0.06015625 0.0484375
0 0.20234375 0.59453125 0.06640625 0.065625
0 0.6890625 0.59140625 0.07578125 0.05859375
0 0.9390625 0.5671875 0.075 0.06328125
0 0.93984375 0.27109375 0.07265625 0.0640625
0 0.44140625 0.84921875 0.06953125 0.05859375
0 0.9421875 0.84921875 0.06953125 0.0625
0 0.88515625 0.03984375 0.06484375 0.07265625
0 0.94921875 0.0390625 0.06171875 0.0734375
0 0.44296875 0.56484375 0.075 0.0625
2 0.50078125 0.21875 0.98046875 0.23359375
4 0.71171875 0.48515625 0.0296875 0.02421875
4 0.62578125 0.51328125 0.20234375 0.0328125
4 0.6796875 0.5453125 0.0890625 0.02734375
4 0.89609375 0.48203125 0.1609375 0.03046875
4 0.8953125 0.515625 0.16171875 0.03515625
4 0.38671875 0.47890625 0.1953125 0.02421875
4 0.421875 0.50703125 0.12421875 0.04296875
4 0.1578125 0.5078125 0.14921875 0.0375
4 0.18046875 0.54140625 0.1078125 0.03984375
2 0.3765625 0.49921875 0.23125 0.2734375