2 0.24765625 0.21796875 0.49296875 0.24921875
2 0.13046875 0.49375 0.2453125 0.27265625
2 0.753125 0.22109375 0.4921875 0.24296875
4 0.6796875 0.475 0.09296875 0.0296875
4 0.20078125 0.41953125 0.053125 0.0359375
4 0.44921875 0.425 0.05078125 0.0375
4 0.44296875 0.1625 0.06328125 0.03515625
4 0.31953125 0.20703125 0.3328125 0.0796875
4 0.81015625 0.215625 0.36171875 0.06484375
4 0.6921875 0.4234375 0.0671875 0.0359375
4 0.96015625 0.50703125 0.02109375 0.025
0 0.2 0.56484375 0.06015625 0.0640625
4 0.94609375 0.42109375 0.0484375 0.03671875
0 0.4453125 0.5609375 0.0734375 0.0640625
4 0.49921875 0.725 0.1328125 0.05234375
4 0.93828125 0.15859375 0.05703125 0.03671875
0 0.4453125 0.2671875 0.065625 0.06015625
0 0.94921875 0.0375 0.0625 0.07421875
0 0.93984375 0.5640625 0.0734375 0.06328125
0 0.946875 0.26796875 0.06328125 0.0625
0 0.69140625 0.59140625 0.07578125 0.0625
0 0.88359375 0.03984375 0.06171875 0.075
2 0.87109375 0.4953125 0.23515625 0.265625
2 0.6203125 0.5078125 0.23984375 0.2890625
2 0.375 0.49453125 0.24140625 0.25703125
4 0.8671875 0.47890625 0.215625 0.034375
4 0.63984375 0.51328125 0.1703125 0.0375
4 0.70625 0.5453125 0.04375 0.03359375
4 0.3734375 0.47578125 0.2015625 0.0359375
4 0.43515625 0.50859375 0.0953125 0.0296875
4 0.165625 0.4796875 0.14921875 0.03515625
4 0.15234375 0.51484375 0.16953125 0.03046875