2 0.75234375 0.21796875 0.49296875 0.24921875
2 0.86953125 0.49375 0.2453125 0.27265625
2 0.246875 0.22109375 0.4921875 0.24296875
4 0.3203125 0.475 0.09296875 0.0296875
4 0.79921875 0.41953125 0.053125 0.0359375
4 0.55078125 0.425 0.05078125 0.0375
4 0.55703125 0.1625 0.06328125 0.03515625
4 0.68046875 0.20703125 0.3328125 0.0796875
4 0.18984375 0.215625 0.36171875 0.06484375
4 0.3078125 0.4234375 0.0671875 0.0359375
4 0.03984375 0.50703125 0.02109375 0.025
0 0.8 0.56484375 0.06015625 0.0640625
4 0.05390625 0.42109375 0.0484375 0.03671875
0 0.5546875 0.5609375 0.0734375 0.0640625
4 0.50078125 0.725 0.1328125 0.05234375
4 0.06171875 0.15859375 0.05703125 0.03671875
0 0.5546875 0.2671875 0.065625 0.06015625
0 0.05078125 0.0375 0.0625 0.07421875
0 0.06015625 0.5640625 0.0734375 0.06328125
0 0.053125 0.26796875 0.06328125 0.0625
0 0.30859375 0.59140625 0.07578125 0.0625
0 0.11640625 0.03984375 0.06171875 0.075
2 0.12890625 0.4953125 0.23515625 0.265625
2 0.3796875 0.5078125 0.23984375 0.2890625
2 0.625 0.49453125 0.24140625 0.25703125
4 0.1328125 0.47890625 0.215625 0.034375
4 0.36015625 0.51328125 0.1703125 0.0375
4 0.29375 0.5453125 0.04375 0.03359375
4 0.6265625 0.47578125 0.2015625 0.0359375
4 0.56484375 0.50859375 0.0953125 0.0296875
4 0.834375 0.4796875 0.14921875 0.03515625
4 0.84765625 0.51484375 0.16953125 0.03046875