2 0.87109375 0.75625 0.2359375 0.27265625
2 0.375 0.75390625 0.23515625 0.26328125
4 0.08046875 0.76796875 0.10703125 0.03515625
4 0.35546875 0.75 0.1296875 0.03984375
2 0.13046875 0.75390625 0.246875 0.253125
2 0.253125 0.221875 0.4859375 0.25703125
4 0.19609375 0.221875 0.33203125 0.04765625
4 0.8 0.6828125 0.0578125 0.034375
4 0.5578125 0.15859375 0.065625 0.03671875
4 0.546875 0.684375 0.04921875 0.04296875
0 0.79375 0.82890625 0.04921875 0.05859375
4 0.17421875 0.471875 0.29765625 0.04140625
4 0.30546875 0.68359375 0.0640625 0.040625
4 0.05703125 0.16015625 0.0609375 0.03671875
0 0.5484375 0.85390625 0.05625 0.05703125
4 0.503125 0.98046875 0.125 0.0390625
4 0.05234375 0.68359375 0.05078125 0.03515625
4 0.05859375 0.421875 0.06171875 0.0375
0 0.0640625 0.53125 0.07265625 0.0609375
0 0.05078125 0.26875 0.0578125 0.06328125
0 0.30390625 0.82578125 0.06796875 0.06328125
0 0.1265625 0.03828125 0.075 0.075
0 0.05859375 0.825 0.0703125 0.059375
0 0.55625 0.2671875 0.06953125 0.06328125
0 0.0515625 0.03828125 0.06484375 0.07265625
4 0.68359375 0.21640625 0.31875 0.04609375
4 0.1296875 0.73984375 0.20078125 0.03359375
4 0.57109375 0.74453125 0.0953125 0.03515625
4 0.6140625 0.77421875 0.19296875 0.02578125
4 0.53515625 0.803125 0.0328125 0.025
4 0.85390625 0.74140625 0.17421875 0.0328125
4 0.8359375 0.771875 0.12734375 0.02734375
2 0.74921875 0.21953125 0.49296875 0.24765625
2 0.5 0.484375 0.97734375 0.23984375
2 0.628125 0.77578125 0.24453125 0.3015625