2 0.8671875 0.49296875 0.22578125 0.2671875
2 0.13046875 0.5125 0.24609375 0.29375
4 0.9484375 0.75 0.04609375 0.04140625
2 0.61953125 0.4859375 0.240625 0.2515625
7 0.45078125 0.56171875 0.05390625 0.06484375
4 0.8953125 0.4765625 0.15078125 0.034375
4 0.44609375 0.15703125 0.06015625 0.04609375
4 0.1453125 0.50546875 0.171875 0.03515625
2 0.74765625 0.21875 0.484375 0.2390625
4 0.82421875 0.80078125 0.3078125 0.0453125
4 0.69609375 0.4234375 0.06328125 0.040625
4 0.31640625 0.21953125 0.31953125 0.0453125
4 0.45078125 0.421875 0.06015625 0.04453125
4 0.1921875 0.53828125 0.07890625 0.0296875
4 0.1953125 0.47421875 0.07109375 0.0328125
0 0.4515625 0.56328125 0.05234375 0.0640625
4 0.20078125 0.42421875 0.059375 0.03515625
0 0.44921875 0.26875 0.05078125 0.06015625
4 0.8203125 0.21171875 0.3265625 0.06328125
4 0.4984375 0.98125 0.12734375 0.03671875
4 0.9484375 0.15859375 0.04296875 0.03515625
0 0.93671875 0.85 0.0734375 0.06171875
4 0.93984375 0.421875 0.0609375 0.0375
0 0.19609375 0.59140625 0.0765625 0.05859375
0 0.85859375 0.0390625 0.078125 0.075
0 0.94296875 0.26640625 0.065625 0.059375
0 0.94296875 0.03828125 0.078125 0.07265625
0 0.69296875 0.56484375 0.06875 0.0578125
0 0.94453125 0.565625 0.065625 0.06484375
2 0.25390625 0.21953125 0.47890625 0.24140625
4 0.89765625 0.5171875 0.15390625 0.04296875
4 0.6453125 0.47734375 0.1609375 0.02890625
4 0.6546875 0.5140625 0.14609375 0.0359375
4 0.39140625 0.4765625 0.17265625 0.0375
4 0.41796875 0.509375 0.12109375 0.040625
2 0.37578125 0.4953125 0.22890625 0.2609375
2 0.4984375 0.80390625 0.97734375 0.2359375