2 0.1328125 0.49296875 0.22578125 0.2671875
2 0.86953125 0.5125 0.24609375 0.29375
4 0.0515625 0.75 0.04609375 0.04140625
2 0.38046875 0.4859375 0.240625 0.2515625
7 0.54921875 0.56171875 0.05390625 0.06484375
4 0.1046875 0.4765625 0.15078125 0.034375
4 0.55390625 0.15703125 0.06015625 0.04609375
4 0.8546875 0.50546875 0.171875 0.03515625
2 0.25234375 0.21875 0.484375 0.2390625
4 0.17578125 0.80078125 0.3078125 0.0453125
4 0.30390625 0.4234375 0.06328125 0.040625
4 0.68359375 0.21953125 0.31953125 0.0453125
4 0.54921875 0.421875 0.06015625 0.04453125
4 0.8078125 0.53828125 0.07890625 0.0296875
4 0.8046875 0.47421875 0.07109375 0.0328125
0 0.5484375 0.56328125 0.05234375 0.0640625
4 0.79921875 0.42421875 0.059375 0.03515625
0 0.55078125 0.26875 0.05078125 0.06015625
4 0.1796875 0.21171875 0.3265625 0.06328125
4 0.5015625 0.98125 0.12734375 0.03671875
4 0.0515625 0.15859375 0.04296875 0.03515625
0 0.06328125 0.85 0.0734375 0.06171875
4 0.06015625 0.421875 0.0609375 0.0375
0 0.80390625 0.59140625 0.0765625 0.05859375
0 0.14140625 0.0390625 0.078125 0.075
0 0.05703125 0.26640625 0.065625 0.059375
0 0.05703125 0.03828125 0.078125 0.07265625
0 0.30703125 0.56484375 0.06875 0.0578125
0 0.05546875 0.565625 0.065625 0.06484375
2 0.74609375 0.21953125 0.47890625 0.24140625
4 0.10234375 0.5171875 0.15390625 0.04296875
4 0.3546875 0.47734375 0.1609375 0.02890625
4 0.3453125 0.5140625 0.14609375 0.0359375
4 0.60859375 0.4765625 0.17265625 0.0375
4 0.58203125 0.509375 0.12109375 0.040625
2 0.62421875 0.4953125 0.22890625 0.2609375
2 0.5015625 0.80390625 0.97734375 0.2359375