2 0.87109375 0.2421875 0.23984375 0.29375
2 0.128125 0.2484375 0.225 0.3015625
4 0.31640625 0.25078125 0.0859375 0.03359375
2 0.6234375 0.2296875 0.23046875 0.27109375
0 0.8 0.30859375 0.06171875 0.06171875
4 0.5546875 0.1625 0.06796875 0.0328125
4 0.796875 0.16015625 0.05546875 0.0390625
4 0.06328125 0.21484375 0.06953125 0.02890625
4 0.30546875 0.165625 0.05859375 0.034375
4 0.05625 0.1640625 0.05390625 0.03203125
4 0.5015625 0.46796875 0.13359375 0.059375
0 0.30390625 0.3046875 0.06484375 0.06484375
0 0.5546875 0.3046875 0.07109375 0.065625
0 0.1859375 0.0390625 0.06484375 0.07421875
0 0.0515625 0.0390625 0.06484375 0.0734375
0 0.11796875 0.03984375 0.06484375 0.07421875
0 0.0609375 0.33203125 0.071875 0.065625
4 0.1234375 0.25078125 0.2015625 0.03984375
4 0.0484375 0.2796875 0.06171875 0.025
4 0.375 0.21796875 0.2046875 0.03125
4 0.6125 0.21953125 0.178125 0.040625
4 0.58515625 0.253125 0.1234375 0.02578125
4 0.83671875 0.2203125 0.14453125 0.02890625
4 0.85703125 0.25234375 0.1921875 0.03046875
2 0.37890625 0.23359375 0.24765625 0.2796875