2 0.12890625 0.2421875 0.23984375 0.29375
2 0.871875 0.2484375 0.225 0.3015625
4 0.68359375 0.25078125 0.0859375 0.03359375
2 0.3765625 0.2296875 0.23046875 0.27109375
0 0.2 0.30859375 0.06171875 0.06171875
4 0.4453125 0.1625 0.06796875 0.0328125
4 0.203125 0.16015625 0.05546875 0.0390625
4 0.93671875 0.21484375 0.06953125 0.02890625
4 0.69453125 0.165625 0.05859375 0.034375
4 0.94375 0.1640625 0.05390625 0.03203125
4 0.4984375 0.46796875 0.13359375 0.059375
0 0.69609375 0.3046875 0.06484375 0.06484375
0 0.4453125 0.3046875 0.07109375 0.065625
0 0.8140625 0.0390625 0.06484375 0.07421875
0 0.9484375 0.0390625 0.06484375 0.0734375
0 0.88203125 0.03984375 0.06484375 0.07421875
0 0.9390625 0.33203125 0.071875 0.065625
4 0.8765625 0.25078125 0.2015625 0.03984375
4 0.9515625 0.2796875 0.06171875 0.025
4 0.625 0.21796875 0.2046875 0.03125
4 0.3875 0.21953125 0.178125 0.040625
4 0.41484375 0.253125 0.1234375 0.02578125
4 0.16328125 0.2203125 0.14453125 0.02890625
4 0.14296875 0.25234375 0.1921875 0.03046875
2 0.62109375 0.23359375 0.24765625 0.2796875