2 0.49921875 0.49140625 0.97890625 0.946875
4 0.12421875 0.071875 0.20546875 0.09140625
4 0.3609375 0.05078125 0.13203125 0.065625
4 0.08359375 0.23828125 0.09921875 0.059375
4 0.56953125 0.203125 0.21640625 0.05703125
4 0.10078125 0.446875 0.11875 0.059375
4 0.55 0.40625 0.15859375 0.0625
4 0.13359375 0.64375 0.175 0.0625
4 0.64609375 0.5953125 0.31171875 0.08203125
4 0.478125 0.83984375 0.66640625 0.12890625
0 0.81953125 0.9046875 0.28359375 0.09296875
1 0.103125 0.89609375 0.05 0.05859375
7 0.25703125 0.72578125 0.396875 0.11796875
7 0.7234375 0.678125 0.46328125 0.128125
7 0.24453125 0.5234375 0.40078125 0.125
7 0.7046875 0.48203125 0.471875 0.1390625
7 0.23125 0.321875 0.39765625 0.134375
7 0.6921875 0.26640625 0.453125 0.15