2 0.50078125 0.49140625 0.97890625 0.946875
4 0.87578125 0.071875 0.20546875 0.09140625
4 0.6390625 0.05078125 0.13203125 0.065625
4 0.91640625 0.23828125 0.09921875 0.059375
4 0.43046875 0.203125 0.21640625 0.05703125
4 0.89921875 0.446875 0.11875 0.059375
4 0.45 0.40625 0.15859375 0.0625
4 0.86640625 0.64375 0.175 0.0625
4 0.35390625 0.5953125 0.31171875 0.08203125
4 0.521875 0.83984375 0.66640625 0.12890625
0 0.18046875 0.9046875 0.28359375 0.09296875
1 0.896875 0.89609375 0.05 0.05859375
7 0.74296875 0.72578125 0.396875 0.11796875
7 0.2765625 0.678125 0.46328125 0.128125
7 0.75546875 0.5234375 0.40078125 0.125
7 0.2953125 0.48203125 0.471875 0.1390625
7 0.76875 0.321875 0.39765625 0.134375
7 0.3078125 0.26640625 0.453125 0.15