4 0.45 0.7046875 0.05390625 0.0453125
2 0.75078125 0.775 0.4796875 0.2390625
4 0.91328125 0.47265625 0.1078125 0.028125
4 0.80625 0.76171875 0.33828125 0.05
2 0.5078125 0.22109375 0.98359375 0.24140625
4 0.2015625 0.4234375 0.0609375 0.04296875
4 0.69765625 0.4234375 0.05546875 0.0390625
4 0.94453125 0.16171875 0.05703125 0.034375
0 0.2 0.5671875 0.0609375 0.0625
4 0.44921875 0.4203125 0.05703125 0.04140625
4 0.84140625 0.2140625 0.28515625 0.06484375
4 0.934375 0.7109375 0.07109375 0.03828125
0 0.453125 0.56796875 0.05703125 0.0609375
4 0.93984375 0.4234375 0.0640625 0.03671875
0 0.9515625 0.82109375 0.06015625 0.06015625
4 0.4984375 0.95546875 0.13515625 0.0578125
0 0.940625 0.2703125 0.065625 0.05859375
0 0.8671875 0.0390625 0.07265625 0.0765625
0 0.94375 0.03984375 0.07265625 0.0703125
0 0.44375 0.82109375 0.06796875 0.06015625
0 0.6953125 0.56796875 0.06796875 0.06171875
0 0.94140625 0.5671875 0.06953125 0.06015625
0 0.79375 0.0390625 0.071875 0.075
4 0.86953125 0.51484375 0.19921875 0.03515625
4 0.63203125 0.4828125 0.19453125 0.0390625
4 0.6703125 0.515625 0.11953125 0.02734375
4 0.4015625 0.4828125 0.15546875 0.04296875
4 0.409375 0.51484375 0.13984375 0.03125
4 0.1453125 0.478125 0.16796875 0.0328125
4 0.1609375 0.5140625 0.1421875 0.040625
4 0.33203125 0.76953125 0.2875 0.0453125
2 0.871875 0.4921875 0.24140625 0.26484375
2 0.62421875 0.49296875 0.234375 0.2640625
2 0.37734375 0.4953125 0.23828125 0.2640625
2 0.13046875 0.49140625 0.2421875 0.2640625
2 0.25234375 0.77109375 0.4796875 0.23828125