2 0.71875 0.4296875 0.378125 0.2125
2 0.31015625 0.434375 0.3796875 0.21640625
2 0.30546875 0.68046875 0.3890625 0.221875
2 0.728125 0.678125 0.3703125 0.20859375
2 0.525 0.18125 0.80546875 0.259375
4 0.84375 0.0859375 0.13125 0.0390625
4 0.83984375 0.3515625 0.1015625 0.0390625
4 0.41328125 0.359375 0.0890625 0.0390625
4 0.41875 0.60625 0.1109375 0.034375
4 0.8265625 0.61015625 0.1015625 0.0375
4 0.78671875 0.146875 0.2109375 0.04140625
4 0.66328125 0.40703125 0.1890625 0.04453125
4 0.2484375 0.409375 0.178125 0.0390625
4 0.24453125 0.66015625 0.178125 0.040625
4 0.66171875 0.6609375 0.18359375 0.03359375
3 0.30625 0.18515625 0.36484375 0.234375
3 0.828125 0.44921875 0.11875 0.11796875
3 0.41015625 0.453125 0.11328125 0.11796875
3 0.415625 0.70078125 0.13125 0.115625
3 0.82109375 0.7015625 0.11640625 0.103125