2 0.28125 0.4296875 0.378125 0.2125
2 0.68984375 0.434375 0.3796875 0.21640625
2 0.69453125 0.68046875 0.3890625 0.221875
2 0.271875 0.678125 0.3703125 0.20859375
2 0.475 0.18125 0.80546875 0.259375
4 0.15625 0.0859375 0.13125 0.0390625
4 0.16015625 0.3515625 0.1015625 0.0390625
4 0.58671875 0.359375 0.0890625 0.0390625
4 0.58125 0.60625 0.1109375 0.034375
4 0.1734375 0.61015625 0.1015625 0.0375
4 0.21328125 0.146875 0.2109375 0.04140625
4 0.33671875 0.40703125 0.1890625 0.04453125
4 0.7515625 0.409375 0.178125 0.0390625
4 0.75546875 0.66015625 0.178125 0.040625
4 0.33828125 0.6609375 0.18359375 0.03359375
3 0.69375 0.18515625 0.36484375 0.234375
3 0.171875 0.44921875 0.11875 0.11796875
3 0.58984375 0.453125 0.11328125 0.11796875
3 0.584375 0.70078125 0.13125 0.115625
3 0.17890625 0.7015625 0.11640625 0.103125