2 0.5015625 0.48046875 0.22421875 0.23515625
2 0.50390625 0.23359375 0.93046875 0.2484375
1 0.6375 0.84765625 0.05703125 0.0375
7 0.75078125 0.83359375 0.1265625 0.0796875
7 0.178125 0.05625 0.34140625 0.059375
2 0.190625 0.48828125 0.2484375 0.2328125
4 0.46875 0.68515625 0.25546875 0.05546875
4 0.50390625 0.10546875 0.89765625 0.05234375
4 0.18359375 0.39609375 0.22421875 0.03515625
4 0.55 0.93125 0.27890625 0.05546875
4 0.86640625 0.3203125 0.14296875 0.04921875
4 0.88046875 0.79921875 0.14296875 0.03359375
4 0.53125 0.39140625 0.140625 0.0390625
4 0.81484375 0.38984375 0.24609375 0.04375
4 0.54921875 0.7921875 0.090625 0.03359375
4 0.85234375 0.6640625 0.190625 0.04375
4 0.90546875 0.75078125 0.09765625 0.03203125
4 0.784375 0.04453125 0.36015625 0.065625
4 0.4796875 0.8484375 0.24375 0.04921875
4 0.50625 0.73984375 0.18125 0.040625
4 0.75078125 0.22109375 0.34609375 0.084375
7 0.778125 0.75390625 0.12890625 0.03203125
4 0.8703125 0.14375 0.1359375 0.04765625
4 0.9046875 0.70703125 0.1046875 0.03515625
7 0.78046875 0.71171875 0.13828125 0.0421875
3 0.33203125 0.2390625 0.46328125 0.2109375
2 0.80546875 0.48515625 0.27421875 0.2328125
4 0.18046875 0.6875 0.26953125 0.05078125
0 0.80703125 0.91484375 0.1859375 0.059375
2 0.50703125 0.80390625 0.91875 0.3515625