0 0.8421875 0.03984375 0.14453125 0.078125
4 0.30390625 0.76875 0.34296875 0.04375
2 0.86796875 0.2296875 0.23125 0.271875
4 0.82578125 0.76484375 0.29921875 0.04375
2 0.5 0.5078125 0.978125 0.253125
4 0.20390625 0.16015625 0.05859375 0.0390625
4 0.82578125 0.5109375 0.29609375 0.02890625
4 0.446875 0.70859375 0.06328125 0.0421875
4 0.94765625 0.7125 0.05078125 0.04140625
4 0.45625 0.16328125 0.046875 0.03671875
4 0.70546875 0.25234375 0.04140625 0.02578125
0 0.20625 0.3046875 0.05390625 0.05703125
4 0.93828125 0.45234375 0.0640625 0.03828125
0 0.70078125 0.30703125 0.04921875 0.05625
4 0.94296875 0.16796875 0.053125 0.03828125
0 0.4484375 0.30703125 0.06484375 0.06484375
0 0.95078125 0.30703125 0.05703125 0.0640625
4 0.49765625 0.9546875 0.13515625 0.059375
0 0.940625 0.56484375 0.0671875 0.05859375
0 0.640625 0.04140625 0.07734375 0.07421875
0 0.44453125 0.81875 0.07109375 0.059375
4 0.69921875 0.1640625 0.05078125 0.0390625
0 0.7984375 0.03828125 0.07265625 0.0734375
0 0.7203125 0.040625 0.07421875 0.07421875
0 0.94609375 0.0390625 0.07265625 0.07265625
0 0.87265625 0.0390625 0.0671875 0.07421875
0 0.94140625 0.82109375 0.071875 0.0609375
4 0.884375 0.21953125 0.175 0.025
4 0.8953125 0.24921875 0.14921875 0.02421875
4 0.61953125 0.21875 0.21640625 0.03359375
4 0.4015625 0.21875 0.15546875 0.0296875
4 0.40390625 0.2484375 0.15078125 0.02734375
4 0.13203125 0.21953125 0.1953125 0.040625
4 0.16796875 0.25234375 0.121875 0.02734375
2 0.621875 0.22890625 0.23359375 0.25859375
2 0.37734375 0.234375 0.23046875 0.26484375
2 0.1265625 0.23671875 0.23359375 0.27265625
2 0.7484375 0.7703125 0.48515625 0.234375
2 0.25234375 0.76875 0.47734375 0.2359375