2 0.24921875 0.2171875 0.4796875 0.2359375
4 0.05859375 0.421875 0.06328125 0.034375
4 0.18359375 0.2203125 0.31171875 0.03828125
4 0.0578125 0.1609375 0.06015625 0.03515625
4 0.178125 0.4765625 0.31015625 0.034375
4 0.0578125 0.68515625 0.0609375 0.0421875
0 0.065625 0.7921875 0.07890625 0.0640625
4 0.17265625 0.73984375 0.29921875 0.0359375
4 0.50078125 0.92578125 0.13671875 0.05078125
0 0.05703125 0.0390625 0.0765625 0.071875
0 0.13203125 0.0390625 0.071875 0.0765625
0 0.06171875 0.53125 0.07109375 0.0625
0 0.2140625 0.03828125 0.078125 0.075
0 0.5546875 0.26875 0.06640625 0.0625
0 0.0578125 0.2671875 0.06796875 0.0625
4 0.55546875 0.16875 0.0546875 0.046875
4 0.68125 0.21796875 0.32109375 0.0375
2 0.74921875 0.2171875 0.48046875 0.2359375
2 0.496875 0.4796875 0.978125 0.24140625
2 0.4984375 0.740625 0.9859375 0.2375