2 0.13046875 0.2328125 0.23359375 0.28203125
2 0.50078125 0.51171875 0.990625 0.246875
2 0.61796875 0.2234375 0.23515625 0.2578125
4 0.8265625 0.7703125 0.29140625 0.046875
2 0.3765625 0.23046875 0.22734375 0.2640625
4 0.44765625 0.1609375 0.06484375 0.03828125
4 0.31484375 0.76875 0.32734375 0.04453125
2 0.87109375 0.22109375 0.24375 0.26328125
4 0.203125 0.1625 0.0546875 0.0328125
4 0.4421875 0.709375 0.06796875 0.03984375
4 0.81328125 0.5078125 0.3125 0.034375
4 0.94453125 0.45 0.053125 0.03359375
4 0.94296875 0.7125 0.053125 0.03359375
0 0.4546875 0.30625 0.05546875 0.0578125
4 0.69609375 0.1640625 0.05390625 0.04140625
4 0.9453125 0.1640625 0.053125 0.0328125
0 0.203125 0.30703125 0.0609375 0.06328125
0 0.44453125 0.8203125 0.06953125 0.0609375
4 0.49765625 0.95546875 0.13515625 0.05859375
0 0.9375 0.8203125 0.07265625 0.06328125
0 0.9375 0.56484375 0.0765625 0.0578125
0 0.94140625 0.0375 0.07734375 0.07265625
0 0.94140625 0.3046875 0.06953125 0.0609375
0 0.7921875 0.0390625 0.07734375 0.07421875
0 0.69375 0.30625 0.0671875 0.0609375
0 0.865625 0.03984375 0.06171875 0.0734375
4 0.8890625 0.22109375 0.16953125 0.02734375
4 0.90390625 0.25 0.14296875 0.03515625
4 0.65546875 0.215625 0.140625 0.03046875
4 0.6453125 0.246875 0.165625 0.040625
4 0.415625 0.21953125 0.12734375 0.025
4 0.37421875 0.25078125 0.20078125 0.03046875
4 0.17890625 0.2171875 0.109375 0.03671875
4 0.13125 0.25234375 0.20234375 0.03046875
2 0.74921875 0.771875 0.4859375 0.2421875
2 0.25 0.77265625 0.4828125 0.25078125