2 0.86953125 0.2328125 0.23359375 0.28203125
2 0.49921875 0.51171875 0.990625 0.246875
2 0.38203125 0.2234375 0.23515625 0.2578125
4 0.1734375 0.7703125 0.29140625 0.046875
2 0.6234375 0.23046875 0.22734375 0.2640625
4 0.55234375 0.1609375 0.06484375 0.03828125
4 0.68515625 0.76875 0.32734375 0.04453125
2 0.12890625 0.22109375 0.24375 0.26328125
4 0.796875 0.1625 0.0546875 0.0328125
4 0.5578125 0.709375 0.06796875 0.03984375
4 0.18671875 0.5078125 0.3125 0.034375
4 0.05546875 0.45 0.053125 0.03359375
4 0.05703125 0.7125 0.053125 0.03359375
0 0.5453125 0.30625 0.05546875 0.0578125
4 0.30390625 0.1640625 0.05390625 0.04140625
4 0.0546875 0.1640625 0.053125 0.0328125
0 0.796875 0.30703125 0.0609375 0.06328125
0 0.55546875 0.8203125 0.06953125 0.0609375
4 0.50234375 0.95546875 0.13515625 0.05859375
0 0.0625 0.8203125 0.07265625 0.06328125
0 0.0625 0.56484375 0.0765625 0.0578125
0 0.05859375 0.0375 0.07734375 0.07265625
0 0.05859375 0.3046875 0.06953125 0.0609375
0 0.2078125 0.0390625 0.07734375 0.07421875
0 0.30625 0.30625 0.0671875 0.0609375
0 0.134375 0.03984375 0.06171875 0.0734375
4 0.1109375 0.22109375 0.16953125 0.02734375
4 0.09609375 0.25 0.14296875 0.03515625
4 0.34453125 0.215625 0.140625 0.03046875
4 0.3546875 0.246875 0.165625 0.040625
4 0.584375 0.21953125 0.12734375 0.025
4 0.62578125 0.25078125 0.20078125 0.03046875
4 0.82109375 0.2171875 0.109375 0.03671875
4 0.86875 0.25234375 0.20234375 0.03046875
2 0.25078125 0.771875 0.4859375 0.2421875
2 0.75 0.77265625 0.4828125 0.25078125