0 0.30703125 0.0421875 0.14296875 0.0828125
2 0.13125 0.753125 0.24609375 0.26953125
4 0.18984375 0.21484375 0.3265625 0.040625
2 0.87421875 0.76484375 0.24140625 0.29296875
4 0.79140625 0.80078125 0.046875 0.02421875
2 0.503125 0.48125 0.98359375 0.2359375
4 0.79609375 0.7328125 0.059375 0.0328125
0 0.04921875 0.82421875 0.0515625 0.05625
4 0.05546875 0.42109375 0.0578125 0.0359375
4 0.55625 0.15703125 0.06015625 0.03984375
4 0.0578125 0.68828125 0.05546875 0.03515625
4 0.503125 0.98046875 0.125 0.03828125
4 0.5578125 0.68515625 0.06953125 0.040625
4 0.30703125 0.684375 0.0625 0.0359375
4 0.05703125 0.159375 0.05625 0.03671875
0 0.54609375 0.82578125 0.05390625 0.0625
4 0.79921875 0.6828125 0.053125 0.04140625
4 0.19140625 0.47890625 0.3265625 0.034375
0 0.54921875 0.26796875 0.05859375 0.0625
0 0.80078125 0.85390625 0.06953125 0.0609375
0 0.06328125 0.53203125 0.07265625 0.0609375
0 0.2 0.0390625 0.0734375 0.07578125
0 0.35 0.03984375 0.06640625 0.075
0 0.27734375 0.03984375 0.06953125 0.07578125
0 0.3046875 0.825 0.06875 0.0640625
0 0.05625 0.03828125 0.07421875 0.0703125
0 0.12734375 0.0390625 0.06171875 0.07421875
0 0.059375 0.2671875 0.0703125 0.06328125
4 0.684375 0.21640625 0.315625 0.034375
4 0.12578125 0.7421875 0.190625 0.03125
4 0.08828125 0.771875 0.13359375 0.025
4 0.35859375 0.7390625 0.17578125 0.034375
4 0.33515625 0.7703125 0.13125 0.03125
4 0.615625 0.7390625 0.190625 0.03515625
4 0.57109375 0.77109375 0.10390625 0.02421875
4 0.86640625 0.76875 0.19921875 0.04140625
2 0.24921875 0.2171875 0.484375 0.23984375
2 0.74765625 0.2171875 0.47421875 0.2359375
2 0.3796875 0.75390625 0.23984375 0.2640625
2 0.62578125 0.7515625 0.23359375 0.26015625