0 0.69296875 0.0421875 0.14296875 0.0828125
2 0.86875 0.753125 0.24609375 0.26953125
4 0.81015625 0.21484375 0.3265625 0.040625
2 0.12578125 0.76484375 0.24140625 0.29296875
4 0.20859375 0.80078125 0.046875 0.02421875
2 0.496875 0.48125 0.98359375 0.2359375
4 0.20390625 0.7328125 0.059375 0.0328125
0 0.95078125 0.82421875 0.0515625 0.05625
4 0.94453125 0.42109375 0.0578125 0.0359375
4 0.44375 0.15703125 0.06015625 0.03984375
4 0.9421875 0.68828125 0.05546875 0.03515625
4 0.496875 0.98046875 0.125 0.03828125
4 0.4421875 0.68515625 0.06953125 0.040625
4 0.69296875 0.684375 0.0625 0.0359375
4 0.94296875 0.159375 0.05625 0.03671875
0 0.45390625 0.82578125 0.05390625 0.0625
4 0.20078125 0.6828125 0.053125 0.04140625
4 0.80859375 0.47890625 0.3265625 0.034375
0 0.45078125 0.26796875 0.05859375 0.0625
0 0.19921875 0.85390625 0.06953125 0.0609375
0 0.93671875 0.53203125 0.07265625 0.0609375
0 0.8 0.0390625 0.0734375 0.07578125
0 0.65 0.03984375 0.06640625 0.075
0 0.72265625 0.03984375 0.06953125 0.07578125
0 0.6953125 0.825 0.06875 0.0640625
0 0.94375 0.03828125 0.07421875 0.0703125
0 0.87265625 0.0390625 0.06171875 0.07421875
0 0.940625 0.2671875 0.0703125 0.06328125
4 0.315625 0.21640625 0.315625 0.034375
4 0.87421875 0.7421875 0.190625 0.03125
4 0.91171875 0.771875 0.13359375 0.025
4 0.64140625 0.7390625 0.17578125 0.034375
4 0.66484375 0.7703125 0.13125 0.03125
4 0.384375 0.7390625 0.190625 0.03515625
4 0.42890625 0.77109375 0.10390625 0.02421875
4 0.13359375 0.76875 0.19921875 0.04140625
2 0.75078125 0.2171875 0.484375 0.23984375
2 0.25234375 0.2171875 0.47421875 0.2359375
2 0.6203125 0.75390625 0.23984375 0.2640625
2 0.37421875 0.7515625 0.23359375 0.26015625