4 0.68046875 0.2203125 0.309375 0.03984375
2 0.86953125 0.75625 0.23046875 0.28671875
4 0.33203125 0.76953125 0.1109375 0.0375
2 0.13046875 0.74375 0.24921875 0.26796875
4 0.1078125 0.73671875 0.15703125 0.0390625
4 0.8 0.6828125 0.0578125 0.03515625
4 0.55078125 0.68359375 0.06171875 0.03671875
4 0.1828125 0.21015625 0.315625 0.03359375
4 0.06015625 0.421875 0.059375 0.03671875
4 0.053125 0.684375 0.046875 0.034375
4 0.19765625 0.478125 0.340625 0.04765625
4 0.05625 0.15859375 0.05625 0.0390625
4 0.2984375 0.6859375 0.04921875 0.034375
4 0.5015625 0.95546875 0.134375 0.05703125
0 0.56015625 0.2671875 0.0734375 0.0609375
0 0.55390625 0.825 0.0703125 0.06484375
0 0.0578125 0.0390625 0.07578125 0.0703125
0 0.05859375 0.5296875 0.06796875 0.06015625
0 0.3046875 0.82421875 0.06953125 0.06328125
0 0.06015625 0.825 0.071875 0.0640625
0 0.12734375 0.0375 0.059375 0.07421875
0 0.80625 0.8234375 0.07734375 0.059375
0 0.05703125 0.2671875 0.06875 0.0609375
4 0.546875 0.1640625 0.04296875 0.05078125
4 0.11328125 0.77265625 0.1703125 0.0296875
4 0.37578125 0.73828125 0.196875 0.03515625
4 0.6046875 0.74140625 0.16796875 0.0359375
4 0.58828125 0.771875 0.14296875 0.025
4 0.86015625 0.740625 0.18515625 0.02734375
4 0.83359375 0.76953125 0.13671875 0.025
2 0.25 0.21640625 0.4796875 0.234375
2 0.7453125 0.21484375 0.484375 0.23984375
2 0.4984375 0.4796875 0.98125 0.24453125
2 0.378125 0.75546875 0.2390625 0.2671875
2 0.62421875 0.75234375 0.234375 0.2640625