4 0.31953125 0.2203125 0.309375 0.03984375
2 0.13046875 0.75625 0.23046875 0.28671875
4 0.66796875 0.76953125 0.1109375 0.0375
2 0.86953125 0.74375 0.24921875 0.26796875
4 0.8921875 0.73671875 0.15703125 0.0390625
4 0.2 0.6828125 0.0578125 0.03515625
4 0.44921875 0.68359375 0.06171875 0.03671875
4 0.8171875 0.21015625 0.315625 0.03359375
4 0.93984375 0.421875 0.059375 0.03671875
4 0.946875 0.684375 0.046875 0.034375
4 0.80234375 0.478125 0.340625 0.04765625
4 0.94375 0.15859375 0.05625 0.0390625
4 0.7015625 0.6859375 0.04921875 0.034375
4 0.4984375 0.95546875 0.134375 0.05703125
0 0.43984375 0.2671875 0.0734375 0.0609375
0 0.44609375 0.825 0.0703125 0.06484375
0 0.9421875 0.0390625 0.07578125 0.0703125
0 0.94140625 0.5296875 0.06796875 0.06015625
0 0.6953125 0.82421875 0.06953125 0.06328125
0 0.93984375 0.825 0.071875 0.0640625
0 0.87265625 0.0375 0.059375 0.07421875
0 0.19375 0.8234375 0.07734375 0.059375
0 0.94296875 0.2671875 0.06875 0.0609375
4 0.453125 0.1640625 0.04296875 0.05078125
4 0.88671875 0.77265625 0.1703125 0.0296875
4 0.62421875 0.73828125 0.196875 0.03515625
4 0.3953125 0.74140625 0.16796875 0.0359375
4 0.41171875 0.771875 0.14296875 0.025
4 0.13984375 0.740625 0.18515625 0.02734375
4 0.16640625 0.76953125 0.13671875 0.025
2 0.75 0.21640625 0.4796875 0.234375
2 0.2546875 0.21484375 0.484375 0.23984375
2 0.5015625 0.4796875 0.98125 0.24453125
2 0.621875 0.75546875 0.2390625 0.2671875
2 0.37578125 0.75234375 0.234375 0.2640625