2 0.865625 0.4890625 0.24296875 0.26328125
4 0.91484375 0.50625 0.1109375 0.03515625
2 0.7515625 0.21796875 0.4859375 0.23203125
4 0.2046875 0.425 0.046875 0.03828125
4 0.825 0.7671875 0.30234375 0.05078125
4 0.4484375 0.421875 0.05390625 0.03671875
4 0.82578125 0.21875 0.30546875 0.04609375
0 0.4515625 0.56484375 0.05390625 0.0640625
4 0.45078125 0.15859375 0.046875 0.0359375
4 0.31953125 0.21484375 0.30390625 0.0421875
0 0.19765625 0.56328125 0.075 0.059375
4 0.69296875 0.4203125 0.065625 0.03984375
4 0.95 0.16015625 0.04453125 0.034375
4 0.940625 0.7140625 0.06796875 0.03984375
4 0.94609375 0.4203125 0.05 0.03828125
0 0.9359375 0.56484375 0.07578125 0.0625
0 0.63515625 0.03984375 0.0765625 0.075
0 0.9390625 0.82421875 0.07421875 0.0625
0 0.44296875 0.26640625 0.0703125 0.0578125
4 0.4984375 0.95625 0.13671875 0.05234375
0 0.94375 0.03984375 0.07578125 0.06953125
0 0.78984375 0.0390625 0.07265625 0.0765625
0 0.86640625 0.03984375 0.0734375 0.07734375
0 0.71484375 0.03984375 0.0734375 0.078125
0 0.94453125 0.26796875 0.06484375 0.06015625
0 0.69296875 0.5640625 0.06953125 0.05859375
2 0.25390625 0.22109375 0.48359375 0.24453125
4 0.8796875 0.478125 0.190625 0.02734375
4 0.6421875 0.47734375 0.17109375 0.03359375
4 0.65859375 0.51015625 0.1359375 0.0390625
4 0.39296875 0.4796875 0.1640625 0.028125
4 0.40859375 0.50859375 0.13203125 0.02890625
4 0.1390625 0.478125 0.18046875 0.0375
4 0.16953125 0.509375 0.134375 0.03203125
2 0.625 0.4953125 0.234375 0.26484375
2 0.3765625 0.4921875 0.23671875 0.2625
2 0.13046875 0.49296875 0.23828125 0.2640625
2 0.5 0.77109375 0.984375 0.23359375