2 0.74765625 0.790625 0.48203125 0.2453125
2 0.6203125 0.22890625 0.228125 0.26875
2 0.13203125 0.23125 0.2296875 0.26484375
4 0.0625 0.73828125 0.06171875 0.0328125
4 0.55078125 0.73828125 0.05546875 0.03828125
4 0.553125 0.48203125 0.04765625 0.03671875
4 0.54921875 0.16640625 0.05703125 0.03515625
4 0.7953125 0.21484375 0.05546875 0.0296875
4 0.19453125 0.7890625 0.3453125 0.05078125
4 0.05625 0.47890625 0.05390625 0.03359375
0 0.55078125 0.85 0.05078125 0.06328125
4 0.6609375 0.7921875 0.29140625 0.05234375
4 0.184375 0.53828125 0.31171875 0.04609375
4 0.68046875 0.53671875 0.31484375 0.0453125
4 0.796875 0.16640625 0.05546875 0.0421875
4 0.50234375 0.98046875 0.125 0.0390625
4 0.0546875 0.16015625 0.0546875 0.03828125
4 0.303125 0.16171875 0.0546875 0.03671875
0 0.0578125 0.58671875 0.06953125 0.0609375
0 0.8 0.33359375 0.07109375 0.065625
0 0.0515625 0.3078125 0.059375 0.06484375
0 0.55546875 0.5859375 0.06640625 0.0609375
0 0.28359375 0.03828125 0.075 0.07265625
0 0.05859375 0.846875 0.0703125 0.0625
0 0.55390625 0.30546875 0.06953125 0.065625
0 0.13125 0.03984375 0.07421875 0.07578125
0 0.20703125 0.0390625 0.071875 0.075
0 0.359375 0.03984375 0.07265625 0.07421875
0 0.0546875 0.03828125 0.07109375 0.07265625
0 0.3046875 0.30546875 0.06640625 0.06328125
4 0.0984375 0.21640625 0.13984375 0.0375
4 0.1078125 0.25078125 0.16484375 0.025
4 0.37109375 0.2203125 0.1953125 0.03359375
4 0.33046875 0.25 0.11875 0.02890625
4 0.6171875 0.21875 0.19609375 0.0328125
4 0.57578125 0.246875 0.1109375 0.03203125
4 0.87421875 0.25 0.2171875 0.03671875
4 0.78046875 0.27734375 0.021875 0.02578125
2 0.375 0.23203125 0.2359375 0.26015625
2 0.86953125 0.24296875 0.2390625 0.30234375
2 0.25 0.53515625 0.48359375 0.23828125
2 0.74921875 0.53671875 0.48359375 0.2484375
2 0.2515625 0.79375 0.4875 0.24375