0 0.16328125 0.04296875 0.12109375 0.08515625
4 0.18203125 0.765625 0.33125 0.06796875
4 0.68203125 0.76953125 0.32890625 0.075
2 0.13046875 0.48203125 0.2453125 0.25703125
2 0.25 0.7703125 0.4921875 0.2453125
4 0.05390625 0.7109375 0.04765625 0.02890625
4 0.553125 0.7109375 0.0640625 0.0375
4 0.10546875 0.47734375 0.16640625 0.034375
4 0.30390625 0.42421875 0.06171875 0.03984375
4 0.05703125 0.4234375 0.059375 0.0328125
0 0.79921875 0.56796875 0.0625 0.06328125
4 0.19375 0.21484375 0.359375 0.0640625
4 0.79453125 0.42109375 0.05234375 0.0390625
4 0.05234375 0.16328125 0.04765625 0.03671875
4 0.5015625 0.95546875 0.13515625 0.05859375
0 0.0578125 0.271875 0.0671875 0.0640625
0 0.059375 0.565625 0.0703125 0.06015625
0 0.30625 0.56640625 0.06953125 0.06171875
0 0.54921875 0.8203125 0.06328125 0.06484375
0 0.05625 0.03828125 0.07578125 0.07109375
0 0.55546875 0.56484375 0.07421875 0.0625
0 0.05859375 0.8203125 0.07109375 0.06328125
0 0.19453125 0.040625 0.06328125 0.07578125
0 0.12890625 0.03984375 0.0640625 0.0765625
2 0.4953125 0.225 0.97578125 0.22734375
2 0.3765625 0.4921875 0.24140625 0.259375
4 0.35546875 0.48046875 0.16484375 0.02734375
4 0.34296875 0.5109375 0.1484375 0.03828125
4 0.1046875 0.51015625 0.16171875 0.02265625
4 0.59609375 0.484375 0.15390625 0.0359375
4 0.59453125 0.51328125 0.1640625 0.02265625
4 0.54921875 0.42890625 0.06171875 0.0359375
4 0.8515625 0.47578125 0.16015625 0.0359375
4 0.8515625 0.51015625 0.1640625 0.03125
2 0.6234375 0.4953125 0.23828125 0.2625
2 0.86875 0.49296875 0.23828125 0.26015625
2 0.74765625 0.77265625 0.4859375 0.240625