2 0.13046875 0.234375 0.228125 0.28359375
4 0.9421875 0.4796875 0.053125 0.03125
2 0.75078125 0.53984375 0.48671875 0.234375
2 0.86875 0.2234375 0.2390625 0.2453125
4 0.43515625 0.2171875 0.08828125 0.034375
4 0.3203125 0.5328125 0.3078125 0.0484375
4 0.8234375 0.53125 0.29453125 0.04296875
4 0.921875 0.246875 0.10703125 0.0359375
4 0.44375 0.47890625 0.06171875 0.03515625
0 0.2 0.30703125 0.0578125 0.0625
4 0.2046875 0.1609375 0.0515625 0.03671875
4 0.69609375 0.1625 0.0578125 0.03515625
4 0.946875 0.16484375 0.04609375 0.04140625
4 0.49765625 0.98125 0.128125 0.0375
4 0.8078125 0.79453125 0.3640625 0.065625
4 0.94375 0.7453125 0.0578125 0.03515625
0 0.6984375 0.30625 0.05703125 0.05859375
4 0.44921875 0.16328125 0.05546875 0.0359375
0 0.4515625 0.58984375 0.0578125 0.0671875
0 0.9359375 0.85 0.071875 0.06171875
0 0.45078125 0.33359375 0.0546875 0.06171875
0 0.94296875 0.0390625 0.075 0.07265625
0 0.94765625 0.58984375 0.0609375 0.0671875
0 0.94296875 0.30546875 0.06796875 0.06484375
0 0.86953125 0.03984375 0.06953125 0.075
4 0.8796875 0.21796875 0.184375 0.028125
4 0.63203125 0.21484375 0.1984375 0.03515625
4 0.66015625 0.25078125 0.125 0.03515625
4 0.40390625 0.25234375 0.15078125 0.034375
4 0.43359375 0.2828125 0.0890625 0.0234375
4 0.13515625 0.22109375 0.203125 0.0375
4 0.1734375 0.253125 0.134375 0.03984375
2 0.2484375 0.5390625 0.48046875 0.23515625
2 0.49921875 0.8015625 0.98046875 0.2328125
2 0.6234375 0.2296875 0.2359375 0.26171875
2 0.37734375 0.24765625 0.2359375 0.29609375