2 0.86953125 0.234375 0.228125 0.28359375
4 0.0578125 0.4796875 0.053125 0.03125
2 0.24921875 0.53984375 0.48671875 0.234375
2 0.13125 0.2234375 0.2390625 0.2453125
4 0.56484375 0.2171875 0.08828125 0.034375
4 0.6796875 0.5328125 0.3078125 0.0484375
4 0.1765625 0.53125 0.29453125 0.04296875
4 0.078125 0.246875 0.10703125 0.0359375
4 0.55625 0.47890625 0.06171875 0.03515625
0 0.8 0.30703125 0.0578125 0.0625
4 0.7953125 0.1609375 0.0515625 0.03671875
4 0.30390625 0.1625 0.0578125 0.03515625
4 0.053125 0.16484375 0.04609375 0.04140625
4 0.50234375 0.98125 0.128125 0.0375
4 0.1921875 0.79453125 0.3640625 0.065625
4 0.05625 0.7453125 0.0578125 0.03515625
0 0.3015625 0.30625 0.05703125 0.05859375
4 0.55078125 0.16328125 0.05546875 0.0359375
0 0.5484375 0.58984375 0.0578125 0.0671875
0 0.0640625 0.85 0.071875 0.06171875
0 0.54921875 0.33359375 0.0546875 0.06171875
0 0.05703125 0.0390625 0.075 0.07265625
0 0.05234375 0.58984375 0.0609375 0.0671875
0 0.05703125 0.30546875 0.06796875 0.06484375
0 0.13046875 0.03984375 0.06953125 0.075
4 0.1203125 0.21796875 0.184375 0.028125
4 0.36796875 0.21484375 0.1984375 0.03515625
4 0.33984375 0.25078125 0.125 0.03515625
4 0.59609375 0.25234375 0.15078125 0.034375
4 0.56640625 0.2828125 0.0890625 0.0234375
4 0.86484375 0.22109375 0.203125 0.0375
4 0.8265625 0.253125 0.134375 0.03984375
2 0.7515625 0.5390625 0.48046875 0.23515625
2 0.50078125 0.8015625 0.98046875 0.2328125
2 0.3765625 0.2296875 0.2359375 0.26171875
2 0.62265625 0.24765625 0.2359375 0.29609375