2 0.87109375 0.2328125 0.23359375 0.26875
2 0.7515625 0.54609375 0.4828125 0.2359375
4 0.70703125 0.28359375 0.03046875 0.02109375
2 0.1265625 0.2234375 0.24375 0.271875
4 0.81640625 0.53984375 0.3140625 0.0328125
3 0.79140625 0.03984375 0.0546875 0.078125
4 0.44453125 0.2796875 0.06640625 0.03046875
4 0.91640625 0.24609375 0.1078125 0.03515625
4 0.93984375 0.4828125 0.0546875 0.03125
4 0.4296875 0.215625 0.10078125 0.03515625
4 0.2 0.16015625 0.05859375 0.03984375
4 0.4453125 0.47734375 0.0609375 0.03828125
4 0.796875 0.796875 0.3546875 0.0421875
4 0.31328125 0.53515625 0.3265625 0.03515625
4 0.49921875 0.98125 0.1265625 0.03671875
4 0.69296875 0.2125 0.0609375 0.028125
0 0.209375 0.30546875 0.05234375 0.0640625
4 0.9421875 0.740625 0.0609375 0.0390625
4 0.69609375 0.1625 0.0546875 0.0375
4 0.94453125 0.1609375 0.0578125 0.03984375
4 0.453125 0.16484375 0.05234375 0.0390625
0 0.9390625 0.85078125 0.07265625 0.0609375
0 0.4421875 0.5859375 0.06796875 0.0578125
0 0.94921875 0.30703125 0.05859375 0.06484375
0 0.8609375 0.0390625 0.071875 0.071875
0 0.94296875 0.0390625 0.0765625 0.07265625
0 0.79140625 0.0390625 0.0546875 0.075
0 0.4453125 0.3328125 0.071875 0.059375
0 0.9421875 0.5875 0.0671875 0.05859375
0 0.73046875 0.03984375 0.06484375 0.0734375
0 0.69765625 0.33515625 0.0671875 0.06171875
4 0.8921875 0.21875 0.15859375 0.0328125
4 0.6234375 0.24609375 0.19453125 0.03359375
4 0.40546875 0.2484375 0.1453125 0.0328125
4 0.1546875 0.21796875 0.15703125 0.02734375
4 0.14921875 0.25234375 0.16171875 0.0375
2 0.62265625 0.24609375 0.23515625 0.29140625
2 0.378125 0.24609375 0.23046875 0.29453125
2 0.25234375 0.5359375 0.48203125 0.23984375
2 0.4984375 0.803125 0.978125 0.2375