2 0.12890625 0.2328125 0.23359375 0.26875
2 0.2484375 0.54609375 0.4828125 0.2359375
4 0.29296875 0.28359375 0.03046875 0.02109375
2 0.8734375 0.2234375 0.24375 0.271875
4 0.18359375 0.53984375 0.3140625 0.0328125
3 0.20859375 0.03984375 0.0546875 0.078125
4 0.55546875 0.2796875 0.06640625 0.03046875
4 0.08359375 0.24609375 0.1078125 0.03515625
4 0.06015625 0.4828125 0.0546875 0.03125
4 0.5703125 0.215625 0.10078125 0.03515625
4 0.8 0.16015625 0.05859375 0.03984375
4 0.5546875 0.47734375 0.0609375 0.03828125
4 0.203125 0.796875 0.3546875 0.0421875
4 0.68671875 0.53515625 0.3265625 0.03515625
4 0.50078125 0.98125 0.1265625 0.03671875
4 0.30703125 0.2125 0.0609375 0.028125
0 0.790625 0.30546875 0.05234375 0.0640625
4 0.0578125 0.740625 0.0609375 0.0390625
4 0.30390625 0.1625 0.0546875 0.0375
4 0.05546875 0.1609375 0.0578125 0.03984375
4 0.546875 0.16484375 0.05234375 0.0390625
0 0.0609375 0.85078125 0.07265625 0.0609375
0 0.5578125 0.5859375 0.06796875 0.0578125
0 0.05078125 0.30703125 0.05859375 0.06484375
0 0.1390625 0.0390625 0.071875 0.071875
0 0.05703125 0.0390625 0.0765625 0.07265625
0 0.20859375 0.0390625 0.0546875 0.075
0 0.5546875 0.3328125 0.071875 0.059375
0 0.0578125 0.5875 0.0671875 0.05859375
0 0.26953125 0.03984375 0.06484375 0.0734375
0 0.30234375 0.33515625 0.0671875 0.06171875
4 0.1078125 0.21875 0.15859375 0.0328125
4 0.3765625 0.24609375 0.19453125 0.03359375
4 0.59453125 0.2484375 0.1453125 0.0328125
4 0.8453125 0.21796875 0.15703125 0.02734375
4 0.85078125 0.25234375 0.16171875 0.0375
2 0.37734375 0.24609375 0.23515625 0.29140625
2 0.621875 0.24609375 0.23046875 0.29453125
2 0.74765625 0.5359375 0.48203125 0.23984375
2 0.5015625 0.803125 0.978125 0.2375