2 0.37734375 0.49140625 0.23125 0.2625
4 0.5484375 0.709375 0.04609375 0.04140625
2 0.2453125 0.7703125 0.490625 0.24453125
4 0.603125 0.47578125 0.15859375 0.0359375
4 0.54453125 0.428125 0.04765625 0.04296875
4 0.68359375 0.76796875 0.31328125 0.03828125
2 0.4984375 0.22578125 0.99609375 0.253125
4 0.18515625 0.76875 0.31484375 0.03359375
4 0.8 0.4234375 0.065625 0.0375
4 0.1859375 0.2203125 0.3109375 0.03359375
0 0.05234375 0.27109375 0.05625 0.0609375
0 0.8 0.5671875 0.0609375 0.0625
4 0.059375 0.71015625 0.06328125 0.04140625
4 0.30625 0.42421875 0.0671875 0.034375
4 0.059375 0.421875 0.059375 0.0390625
4 0.50234375 0.9546875 0.13515625 0.0578125
4 0.05859375 0.1625 0.0640625 0.0359375
0 0.30859375 0.56484375 0.0703125 0.0609375
0 0.55625 0.5640625 0.07421875 0.06171875
0 0.5515625 0.8203125 0.06640625 0.06484375
0 0.2640625 0.03984375 0.07734375 0.075
0 0.05234375 0.5671875 0.06015625 0.0640625
0 0.05625 0.03828125 0.07578125 0.0734375
0 0.1890625 0.03984375 0.0609375 0.0734375
0 0.128125 0.03828125 0.0609375 0.075
0 0.05625 0.82265625 0.0703125 0.0625
4 0.125 0.47890625 0.1953125 0.034375
4 0.0828125 0.5109375 0.11796875 0.03125
4 0.33359375 0.47734375 0.115625 0.0359375
4 0.36484375 0.515625 0.1765625 0.0328125
4 0.6015625 0.51328125 0.16875 0.03515625
4 0.82109375 0.4828125 0.10703125 0.0296875
4 0.86953125 0.51484375 0.20234375 0.034375
2 0.74609375 0.76953125 0.47890625 0.246875
2 0.12890625 0.49453125 0.2421875 0.25703125
2 0.6234375 0.49296875 0.23671875 0.26484375
2 0.8703125 0.49296875 0.23203125 0.2609375