2 0.865625 0.48984375 0.23125 0.2703125
2 0.134375 0.49453125 0.23671875 0.27421875
4 0.45234375 0.425 0.0515625 0.04140625
2 0.746875 0.7703125 0.49140625 0.25078125
4 0.82109375 0.7671875 0.31171875 0.05078125
2 0.25078125 0.7703125 0.4875 0.24375
4 0.31796875 0.76875 0.30859375 0.0484375
4 0.69921875 0.425 0.046875 0.0390625
4 0.4453125 0.709375 0.06171875 0.03671875
0 0.45078125 0.82109375 0.05078125 0.06171875
4 0.94140625 0.70625 0.0609375 0.04140625
4 0.20546875 0.425 0.05234375 0.040625
4 0.821875 0.2125 0.3203125 0.06953125
0 0.19765625 0.56484375 0.0703125 0.059375
4 0.94140625 0.42265625 0.0609375 0.03828125
0 0.45625 0.56796875 0.05 0.06171875
0 0.9359375 0.2703125 0.07578125 0.06484375
4 0.940625 0.16484375 0.06328125 0.0359375
4 0.4984375 0.95546875 0.1359375 0.05703125
0 0.69453125 0.56640625 0.06640625 0.06171875
0 0.94296875 0.0390625 0.07578125 0.0734375
0 0.9421875 0.56640625 0.07109375 0.06484375
0 0.94609375 0.82109375 0.0703125 0.06484375
0 0.87109375 0.040625 0.06640625 0.075
2 0.4921875 0.21953125 0.984375 0.23828125
4 0.9078125 0.48203125 0.12265625 0.03203125
4 0.89140625 0.5140625 0.16328125 0.0328125
4 0.63828125 0.478125 0.171875 0.03515625
4 0.66875 0.5125 0.121875 0.03125
4 0.3859375 0.47890625 0.18984375 0.02890625
4 0.41796875 0.5078125 0.1328125 0.0375
4 0.16796875 0.48125 0.12890625 0.02578125
4 0.14375 0.51484375 0.19140625 0.034375
2 0.621875 0.49375 0.23828125 0.26875
2 0.3765625 0.4875 0.23359375 0.2609375