2 0.259375 0.21171875 0.48671875 0.23203125
2 0.13046875 0.48984375 0.234375 0.26875
4 0.5390625 0.425 0.0390625 0.03984375
4 0.55546875 0.1578125 0.06015625 0.0375
4 0.0765625 0.50625 0.0984375 0.03515625
4 0.18828125 0.76875 0.31875 0.034375
4 0.796875 0.41953125 0.05234375 0.0390625
4 0.6765625 0.21953125 0.30625 0.05
0 0.5546875 0.5625 0.06953125 0.05703125
4 0.178125 0.21328125 0.3203125 0.06640625
4 0.29921875 0.42109375 0.05078125 0.03515625
0 0.79609375 0.56328125 0.059375 0.06171875
4 0.0578125 0.71171875 0.05234375 0.03203125
4 0.05703125 0.42421875 0.0578125 0.04375
0 0.05234375 0.825 0.06015625 0.06484375
4 0.053125 0.16015625 0.04765625 0.03515625
0 0.5515625 0.26875 0.06484375 0.06328125
0 0.30703125 0.56328125 0.0671875 0.06015625
4 0.5015625 0.95625 0.13671875 0.05234375
0 0.05234375 0.26796875 0.05859375 0.06015625
0 0.12421875 0.0375 0.0640625 0.07421875
0 0.1875 0.03984375 0.05859375 0.075
0 0.053125 0.0390625 0.06796875 0.071875
0 0.05859375 0.56484375 0.06796875 0.059375
0 0.2546875 0.03828125 0.0765625 0.075
4 0.1265625 0.4828125 0.19453125 0.0328125
4 0.28984375 0.475 0.0390625 0.02734375
4 0.38046875 0.51171875 0.21328125 0.0328125
4 0.61875 0.4828125 0.190625 0.03359375
4 0.5875 0.51484375 0.121875 0.02734375
4 0.84609375 0.47890625 0.15546875 0.01875
4 0.84765625 0.50703125 0.1609375 0.02734375
2 0.75 0.215625 0.48515625 0.24765625
2 0.37890625 0.49296875 0.234375 0.26484375
2 0.62578125 0.49296875 0.2359375 0.25703125
2 0.871875 0.490625 0.234375 0.25703125
2 0.5 0.77109375 0.98125 0.23828125