2 0.13046875 0.23515625 0.23203125 0.2765625
2 0.86875 0.23125 0.23671875 0.25
2 0.62421875 0.23515625 0.228125 0.27265625
2 0.37421875 0.23515625 0.23359375 0.271875
4 0.93203125 0.24609375 0.08046875 0.03125
4 0.1984375 0.16015625 0.06171875 0.04375
4 0.44453125 0.16015625 0.07265625 0.03828125
0 0.2078125 0.30859375 0.0546875 0.06171875
4 0.69765625 0.16171875 0.0546875 0.0421875
0 0.70078125 0.3078125 0.05859375 0.065625
0 0.94921875 0.3046875 0.059375 0.065625
0 0.81171875 0.0390625 0.06796875 0.071875
4 0.94375 0.1609375 0.05703125 0.0453125
0 0.73671875 0.04921875 0.07109375 0.07265625
4 0.49765625 0.43515625 0.13515625 0.06171875
0 0.94765625 0.04296875 0.0671875 0.071875
0 0.446875 0.30625 0.06796875 0.06484375
0 0.88203125 0.03984375 0.05859375 0.0734375
4 0.87421875 0.21953125 0.1953125 0.02421875
4 0.62421875 0.2203125 0.19609375 0.03515625
4 0.67265625 0.2515625 0.1109375 0.02890625
4 0.39609375 0.21796875 0.15625 0.02421875
4 0.38671875 0.25234375 0.17421875 0.03046875
4 0.16171875 0.2203125 0.140625 0.02578125
4 0.1453125 0.2515625 0.17109375 0.0328125