2 0.13203125 0.496875 0.240625 0.25546875
4 0.08203125 0.50859375 0.1015625 0.03359375
4 0.303125 0.42578125 0.0578125 0.034375
4 0.5546875 0.4234375 0.0671875 0.0375
4 0.1671875 0.77421875 0.27578125 0.04296875
4 0.18125 0.2171875 0.30546875 0.02734375
4 0.05703125 0.71328125 0.05390625 0.034375
0 0.8015625 0.56484375 0.071875 0.06171875
4 0.0578125 0.42265625 0.0546875 0.0375
0 0.5515625 0.5671875 0.065625 0.0671875
4 0.06015625 0.16328125 0.0625 0.0375
0 0.05078125 0.56875 0.059375 0.06484375
4 0.5015625 0.9578125 0.134375 0.0484375
0 0.05234375 0.828125 0.0609375 0.06484375
0 0.32578125 0.040625 0.0703125 0.0765625
0 0.1203125 0.0421875 0.07421875 0.075
0 0.0609375 0.27109375 0.0703125 0.06484375
0 0.0515625 0.04453125 0.06015625 0.07265625
0 0.19296875 0.04140625 0.0625 0.0765625
0 0.3078125 0.565625 0.0703125 0.06328125
0 0.25625 0.040625 0.059375 0.07734375
4 0.1171875 0.48046875 0.1765625 0.0328125
4 0.3734375 0.48125 0.2046875 0.02421875
4 0.3296875 0.51015625 0.11796875 0.0328125
4 0.60546875 0.47734375 0.16953125 0.0359375
4 0.5859375 0.51015625 0.134375 0.02421875
4 0.79140625 0.4359375 0.05234375 0.05390625
4 0.85703125 0.48046875 0.18984375 0.0328125
4 0.8265625 0.51796875 0.12578125 0.03125
2 0.50234375 0.2265625 0.97890625 0.23828125
2 0.3765625 0.4921875 0.240625 0.2546875
2 0.62265625 0.490625 0.23515625 0.25703125
2 0.8703125 0.4921875 0.23671875 0.25859375
2 0.503125 0.77890625 0.98046875 0.23515625