2 0.86796875 0.496875 0.240625 0.25546875
4 0.91796875 0.50859375 0.1015625 0.03359375
4 0.696875 0.42578125 0.0578125 0.034375
4 0.4453125 0.4234375 0.0671875 0.0375
4 0.8328125 0.77421875 0.27578125 0.04296875
4 0.81875 0.2171875 0.30546875 0.02734375
4 0.94296875 0.71328125 0.05390625 0.034375
0 0.1984375 0.56484375 0.071875 0.06171875
4 0.9421875 0.42265625 0.0546875 0.0375
0 0.4484375 0.5671875 0.065625 0.0671875
4 0.93984375 0.16328125 0.0625 0.0375
0 0.94921875 0.56875 0.059375 0.06484375
4 0.4984375 0.9578125 0.134375 0.0484375
0 0.94765625 0.828125 0.0609375 0.06484375
0 0.67421875 0.040625 0.0703125 0.0765625
0 0.8796875 0.0421875 0.07421875 0.075
0 0.9390625 0.27109375 0.0703125 0.06484375
0 0.9484375 0.04453125 0.06015625 0.07265625
0 0.80703125 0.04140625 0.0625 0.0765625
0 0.6921875 0.565625 0.0703125 0.06328125
0 0.74375 0.040625 0.059375 0.07734375
4 0.8828125 0.48046875 0.1765625 0.0328125
4 0.6265625 0.48125 0.2046875 0.02421875
4 0.6703125 0.51015625 0.11796875 0.0328125
4 0.39453125 0.47734375 0.16953125 0.0359375
4 0.4140625 0.51015625 0.134375 0.02421875
4 0.20859375 0.4359375 0.05234375 0.05390625
4 0.14296875 0.48046875 0.18984375 0.0328125
4 0.1734375 0.51796875 0.12578125 0.03125
2 0.49765625 0.2265625 0.97890625 0.23828125
2 0.6234375 0.4921875 0.240625 0.2546875
2 0.37734375 0.490625 0.23515625 0.25703125
2 0.1296875 0.4921875 0.23671875 0.25859375
2 0.496875 0.77890625 0.98046875 0.23515625