4 0.60703125 0.7359375 0.17578125 0.03046875
2 0.134375 0.75546875 0.23046875 0.275
2 0.503125 0.21796875 0.98671875 0.23828125
4 0.29765625 0.6890625 0.04765625 0.03671875
4 0.1015625 0.73828125 0.1484375 0.03203125
2 0.25078125 0.48046875 0.48515625 0.22265625
4 0.54765625 0.4171875 0.040625 0.0375
0 0.30078125 0.8265625 0.05 0.06171875
4 0.1828125 0.2171875 0.30859375 0.03671875
4 0.54609375 0.6828125 0.05234375 0.0421875
4 0.690625 0.47578125 0.32890625 0.0421875
4 0.7921875 0.68125 0.0484375 0.0359375
0 0.546875 0.5296875 0.053125 0.06171875
4 0.1828125 0.4796875 0.30625 0.03984375
4 0.05859375 0.6859375 0.06015625 0.03515625
4 0.0578125 0.41875 0.05703125 0.03671875
4 0.0578125 0.16171875 0.0640625 0.03671875
4 0.5015625 0.9546875 0.134375 0.0578125
0 0.8015625 0.8234375 0.07265625 0.06328125
0 0.05859375 0.03984375 0.07890625 0.07265625
0 0.55546875 0.8234375 0.07265625 0.06328125
0 0.059375 0.27109375 0.0703125 0.0609375
0 0.0546875 0.52890625 0.0640625 0.06171875
0 0.14453125 0.03984375 0.0828125 0.07734375
0 0.05625 0.825 0.0703125 0.06484375
2 0.7484375 0.47578125 0.47734375 0.2328125
4 0.1125 0.7734375 0.1671875 0.028125
4 0.3625 0.73984375 0.1796875 0.0296875
4 0.334375 0.765625 0.1234375 0.02890625
4 0.6015625 0.775 0.1609375 0.03125
4 0.85546875 0.73515625 0.17265625 0.03203125
4 0.8296875 0.77265625 0.1203125 0.02578125
4 0.3765625 0.74921875 0.23828125 0.26484375
4 0.6265625 0.75234375 0.2375 0.2640625
4 0.87109375 0.75234375 0.23359375 0.265625