4 0.16953125 0.76171875 0.28203125 0.0265625
4 0.6796875 0.50234375 0.30390625 0.04140625
2 0.1328125 0.22734375 0.2390625 0.2625
4 0.05859375 0.71484375 0.05546875 0.03203125
4 0.54921875 0.1625 0.053125 0.0359375
4 0.18125 0.50546875 0.30546875 0.03046875
0 0.80390625 0.30234375 0.07109375 0.05625
4 0.55546875 0.446875 0.06796875 0.0375
4 0.0546875 0.4484375 0.04921875 0.0328125
4 0.30390625 0.16328125 0.0625 0.0359375
4 0.7984375 0.16171875 0.059375 0.0375
0 0.05390625 0.8234375 0.06171875 0.06484375
4 0.053125 0.16484375 0.05 0.0390625
0 0.3078125 0.3046875 0.06875 0.0609375
0 0.06328125 0.55625 0.07578125 0.0625
0 0.55546875 0.30546875 0.0703125 0.059375
4 0.5015625 0.95625 0.13671875 0.05078125
0 0.55703125 0.5578125 0.07265625 0.06328125
0 0.128125 0.0390625 0.07734375 0.07578125
0 0.05625 0.30546875 0.0671875 0.0625
0 0.05234375 0.03984375 0.06640625 0.07265625
4 0.109375 0.22265625 0.1640625 0.02890625
4 0.09609375 0.2484375 0.140625 0.025
4 0.36015625 0.21796875 0.16875 0.028125
4 0.33671875 0.25 0.12109375 0.02578125
4 0.59921875 0.21953125 0.16484375 0.03515625
4 0.59765625 0.25 0.14921875 0.03984375
4 0.8640625 0.21953125 0.19296875 0.03203125
4 0.825 0.25390625 0.11640625 0.034375
2 0.3765625 0.23125 0.240625 0.27109375
2 0.6234375 0.2296875 0.23671875 0.26953125
2 0.86875 0.23828125 0.23671875 0.2671875
2 0.25234375 0.5046875 0.48125 0.2375
2 0.74765625 0.50390625 0.4796875 0.2359375
2 0.50234375 0.775 0.98125 0.2375