4 0.64453125 0.47734375 0.171875 0.03671875
2 0.12734375 0.49375 0.22578125 0.278125
4 0.3265625 0.7703125 0.29375 0.040625
2 0.865625 0.49140625 0.2296875 0.2703125
2 0.253125 0.76953125 0.48125 0.24296875
2 0.74765625 0.77578125 0.4828125 0.25078125
4 0.69453125 0.42265625 0.06171875 0.0359375
2 0.5015625 0.22890625 0.9765625 0.23671875
4 0.44296875 0.7109375 0.0671875 0.034375
4 0.44765625 0.4234375 0.0640625 0.03515625
4 0.81328125 0.7671875 0.31953125 0.04453125
4 0.203125 0.4265625 0.0578125 0.0421875
4 0.9390625 0.71015625 0.06484375 0.0359375
4 0.8171875 0.22109375 0.30625 0.0375
4 0.94375 0.1640625 0.0578125 0.03515625
4 0.93984375 0.425 0.059375 0.03515625
0 0.94609375 0.27109375 0.05859375 0.0625
0 0.1984375 0.56484375 0.07109375 0.0640625
0 0.44609375 0.56640625 0.06796875 0.06171875
4 0.49765625 0.95546875 0.13515625 0.05703125
0 0.69296875 0.565625 0.0671875 0.05859375
0 0.9390625 0.8203125 0.07265625 0.06171875
0 0.94296875 0.0390625 0.0765625 0.071875
0 0.94296875 0.56640625 0.06484375 0.06015625
0 0.44453125 0.821875 0.07109375 0.0625
0 0.871875 0.03828125 0.06015625 0.075
0 0.8046875 0.03984375 0.0734375 0.075
4 0.89375 0.4796875 0.15546875 0.0265625
4 0.88515625 0.5140625 0.17578125 0.02578125
4 0.6453125 0.51015625 0.159375 0.025
4 0.37734375 0.47890625 0.20078125 0.02890625
4 0.43359375 0.51484375 0.08828125 0.02578125
4 0.1453125 0.47890625 0.17578125 0.02421875
4 0.16171875 0.509375 0.13515625 0.03125
2 0.621875 0.49296875 0.23671875 0.25703125
2 0.37421875 0.49453125 0.23984375 0.25703125