4 0.35546875 0.47734375 0.171875 0.03671875
2 0.87265625 0.49375 0.22578125 0.278125
4 0.6734375 0.7703125 0.29375 0.040625
2 0.134375 0.49140625 0.2296875 0.2703125
2 0.746875 0.76953125 0.48125 0.24296875
2 0.25234375 0.77578125 0.4828125 0.25078125
4 0.30546875 0.42265625 0.06171875 0.0359375
2 0.4984375 0.22890625 0.9765625 0.23671875
4 0.55703125 0.7109375 0.0671875 0.034375
4 0.55234375 0.4234375 0.0640625 0.03515625
4 0.18671875 0.7671875 0.31953125 0.04453125
4 0.796875 0.4265625 0.0578125 0.0421875
4 0.0609375 0.71015625 0.06484375 0.0359375
4 0.1828125 0.22109375 0.30625 0.0375
4 0.05625 0.1640625 0.0578125 0.03515625
4 0.06015625 0.425 0.059375 0.03515625
0 0.05390625 0.27109375 0.05859375 0.0625
0 0.8015625 0.56484375 0.07109375 0.0640625
0 0.55390625 0.56640625 0.06796875 0.06171875
4 0.50234375 0.95546875 0.13515625 0.05703125
0 0.30703125 0.565625 0.0671875 0.05859375
0 0.0609375 0.8203125 0.07265625 0.06171875
0 0.05703125 0.0390625 0.0765625 0.071875
0 0.05703125 0.56640625 0.06484375 0.06015625
0 0.55546875 0.821875 0.07109375 0.0625
0 0.128125 0.03828125 0.06015625 0.075
0 0.1953125 0.03984375 0.0734375 0.075
4 0.10625 0.4796875 0.15546875 0.0265625
4 0.11484375 0.5140625 0.17578125 0.02578125
4 0.3546875 0.51015625 0.159375 0.025
4 0.62265625 0.47890625 0.20078125 0.02890625
4 0.56640625 0.51484375 0.08828125 0.02578125
4 0.8546875 0.47890625 0.17578125 0.02421875
4 0.83828125 0.509375 0.13515625 0.03125
2 0.378125 0.49296875 0.23671875 0.25703125
2 0.62578125 0.49453125 0.23984375 0.25703125