2 0.37734375 0.23359375 0.23203125 0.265625
2 0.75078125 0.771875 0.4953125 0.25
2 0.1296875 0.23515625 0.23046875 0.2828125
4 0.19765625 0.1625 0.06328125 0.0375
2 0.6203125 0.221875 0.23828125 0.246875
4 0.8140625 0.76484375 0.3140625 0.04375
4 0.65234375 0.21328125 0.15625 0.03515625
4 0.4515625 0.159375 0.0515625 0.0375
4 0.89609375 0.2171875 0.15546875 0.03515625
4 0.31640625 0.76953125 0.3125 0.03515625
4 0.82734375 0.51015625 0.28515625 0.03359375
0 0.453125 0.30546875 0.05703125 0.06328125
4 0.94140625 0.71015625 0.06328125 0.03671875
4 0.9390625 0.45234375 0.06796875 0.0421875
0 0.2 0.30625 0.059375 0.0640625
4 0.94375 0.1625 0.0578125 0.03828125
0 0.43984375 0.81953125 0.0734375 0.06171875
4 0.6984375 0.1609375 0.05234375 0.04453125
4 0.49765625 0.95546875 0.13515625 0.05859375
0 0.71015625 0.03984375 0.0765625 0.0734375
0 0.9515625 0.8203125 0.05859375 0.0609375
0 0.69609375 0.30546875 0.0625 0.06484375
0 0.7921875 0.03984375 0.07421875 0.075
0 0.628125 0.03984375 0.0765625 0.07578125
0 0.8703125 0.03984375 0.0734375 0.07265625
0 0.94609375 0.0390625 0.0703125 0.071875
0 0.94140625 0.3046875 0.06953125 0.06328125
0 0.940625 0.5640625 0.07109375 0.0609375
4 0.89765625 0.24921875 0.15390625 0.02734375
4 0.64609375 0.24921875 0.14921875 0.034375
4 0.3796875 0.221875 0.19765625 0.025
4 0.42265625 0.25234375 0.10859375 0.03046875
4 0.13671875 0.2203125 0.18671875 0.02890625
4 0.18046875 0.24765625 0.09921875 0.02890625
4 0.44921875 0.721875 0.0484375 0.04765625
2 0.86875 0.2328125 0.240625 0.2671875
2 0.49765625 0.50703125 0.98125 0.2265625
2 0.25234375 0.76875 0.4765625 0.24375