2 0.62265625 0.23359375 0.23203125 0.265625
2 0.24921875 0.771875 0.4953125 0.25
2 0.8703125 0.23515625 0.23046875 0.2828125
4 0.80234375 0.1625 0.06328125 0.0375
2 0.3796875 0.221875 0.23828125 0.246875
4 0.1859375 0.76484375 0.3140625 0.04375
4 0.34765625 0.21328125 0.15625 0.03515625
4 0.5484375 0.159375 0.0515625 0.0375
4 0.10390625 0.2171875 0.15546875 0.03515625
4 0.68359375 0.76953125 0.3125 0.03515625
4 0.17265625 0.51015625 0.28515625 0.03359375
0 0.546875 0.30546875 0.05703125 0.06328125
4 0.05859375 0.71015625 0.06328125 0.03671875
4 0.0609375 0.45234375 0.06796875 0.0421875
0 0.8 0.30625 0.059375 0.0640625
4 0.05625 0.1625 0.0578125 0.03828125
0 0.56015625 0.81953125 0.0734375 0.06171875
4 0.3015625 0.1609375 0.05234375 0.04453125
4 0.50234375 0.95546875 0.13515625 0.05859375
0 0.28984375 0.03984375 0.0765625 0.0734375
0 0.0484375 0.8203125 0.05859375 0.0609375
0 0.30390625 0.30546875 0.0625 0.06484375
0 0.2078125 0.03984375 0.07421875 0.075
0 0.371875 0.03984375 0.0765625 0.07578125
0 0.1296875 0.03984375 0.0734375 0.07265625
0 0.05390625 0.0390625 0.0703125 0.071875
0 0.05859375 0.3046875 0.06953125 0.06328125
0 0.059375 0.5640625 0.07109375 0.0609375
4 0.10234375 0.24921875 0.15390625 0.02734375
4 0.35390625 0.24921875 0.14921875 0.034375
4 0.6203125 0.221875 0.19765625 0.025
4 0.57734375 0.25234375 0.10859375 0.03046875
4 0.86328125 0.2203125 0.18671875 0.02890625
4 0.81953125 0.24765625 0.09921875 0.02890625
4 0.55078125 0.721875 0.0484375 0.04765625
2 0.13125 0.2328125 0.240625 0.2671875
2 0.50234375 0.50703125 0.98125 0.2265625
2 0.74765625 0.76875 0.4765625 0.24375