2 0.3765625 0.75390625 0.22890625 0.26953125
4 0.18828125 0.765625 0.09453125 0.0375
2 0.8703125 0.75859375 0.23828125 0.27578125
7 0.2 0.8203125 0.0578125 0.06171875
4 0.2015625 0.68359375 0.0640625 0.0421875
2 0.74765625 0.475 0.4859375 0.24765625
4 0.94765625 0.41796875 0.0484375 0.03515625
4 0.44921875 0.68046875 0.05078125 0.03515625
4 0.66953125 0.734375 0.11171875 0.03125
4 0.69453125 0.6828125 0.0671875 0.0390625
4 0.4453125 0.41953125 0.06171875 0.0375
4 0.3125 0.4765625 0.3203125 0.0453125
0 0.4515625 0.825 0.05546875 0.0640625
0 0.203125 0.8234375 0.059375 0.0609375
4 0.8203125 0.21875 0.30703125 0.046875
4 0.49765625 0.98046875 0.13046875 0.03828125
4 0.8296875 0.47734375 0.28359375 0.04140625
4 0.946875 0.16328125 0.05234375 0.0375
0 0.7015625 0.8546875 0.05859375 0.06484375
0 0.88828125 0.0421875 0.05859375 0.07734375
4 0.93828125 0.684375 0.06171875 0.0390625
0 0.44375 0.528125 0.0703125 0.059375
0 0.6625 0.03984375 0.06796875 0.075
0 0.81484375 0.03984375 0.07734375 0.078125
0 0.93671875 0.27109375 0.075 0.0640625
0 0.94296875 0.825 0.06796875 0.059375
0 0.95078125 0.03828125 0.06015625 0.07265625
0 0.940625 0.5265625 0.07109375 0.0609375
0 0.73515625 0.040625 0.0703125 0.0765625
2 0.5 0.225 0.978125 0.23828125
2 0.2546875 0.478125 0.48046875 0.23984375
4 0.87421875 0.7390625 0.19296875 0.03515625
4 0.92109375 0.76875 0.10078125 0.02421875
4 0.62734375 0.77265625 0.19296875 0.021875
4 0.71640625 0.8 0.0203125 0.021875
4 0.39921875 0.74140625 0.15390625 0.03359375
4 0.41640625 0.7703125 0.13203125 0.02734375
4 0.134375 0.7390625 0.19609375 0.0375
2 0.621875 0.765625 0.23671875 0.2921875
2 0.128125 0.75078125 0.234375 0.26171875