2 0.6234375 0.75390625 0.22890625 0.26953125
4 0.81171875 0.765625 0.09453125 0.0375
2 0.1296875 0.75859375 0.23828125 0.27578125
7 0.8 0.8203125 0.0578125 0.06171875
4 0.7984375 0.68359375 0.0640625 0.0421875
2 0.25234375 0.475 0.4859375 0.24765625
4 0.05234375 0.41796875 0.0484375 0.03515625
4 0.55078125 0.68046875 0.05078125 0.03515625
4 0.33046875 0.734375 0.11171875 0.03125
4 0.30546875 0.6828125 0.0671875 0.0390625
4 0.5546875 0.41953125 0.06171875 0.0375
4 0.6875 0.4765625 0.3203125 0.0453125
0 0.5484375 0.825 0.05546875 0.0640625
0 0.796875 0.8234375 0.059375 0.0609375
4 0.1796875 0.21875 0.30703125 0.046875
4 0.50234375 0.98046875 0.13046875 0.03828125
4 0.1703125 0.47734375 0.28359375 0.04140625
4 0.053125 0.16328125 0.05234375 0.0375
0 0.2984375 0.8546875 0.05859375 0.06484375
0 0.11171875 0.0421875 0.05859375 0.07734375
4 0.06171875 0.684375 0.06171875 0.0390625
0 0.55625 0.528125 0.0703125 0.059375
0 0.3375 0.03984375 0.06796875 0.075
0 0.18515625 0.03984375 0.07734375 0.078125
0 0.06328125 0.27109375 0.075 0.0640625
0 0.05703125 0.825 0.06796875 0.059375
0 0.04921875 0.03828125 0.06015625 0.07265625
0 0.059375 0.5265625 0.07109375 0.0609375
0 0.26484375 0.040625 0.0703125 0.0765625
2 0.5 0.225 0.978125 0.23828125
2 0.7453125 0.478125 0.48046875 0.23984375
4 0.12578125 0.7390625 0.19296875 0.03515625
4 0.07890625 0.76875 0.10078125 0.02421875
4 0.37265625 0.77265625 0.19296875 0.021875
4 0.28359375 0.8 0.0203125 0.021875
4 0.60078125 0.74140625 0.15390625 0.03359375
4 0.58359375 0.7703125 0.13203125 0.02734375
4 0.865625 0.7390625 0.19609375 0.0375
2 0.378125 0.765625 0.23671875 0.2921875
2 0.871875 0.75078125 0.234375 0.26171875