4 0.46484375 0.1046875 0.35859375 0.165625
4 0.41015625 0.271875 0.640625 0.1484375
4 0.46484375 0.37265625 0.42578125 0.1125
4 0.49609375 0.484375 0.16015625 0.075
4 0.81640625 0.678125 0.159375 0.0609375
4 0.80546875 0.74453125 0.15625 0.05546875
4 0.55546875 0.715625 0.15078125 0.06953125
4 0.56171875 0.778125 0.16953125 0.05703125
4 0.29765625 0.76015625 0.18515625 0.0625
4 0.29921875 0.821875 0.18359375 0.06953125
3 0.80859375 0.55390625 0.11796875 0.18046875
3 0.5796875 0.5953125 0.11796875 0.1625
3 0.32578125 0.634375 0.11484375 0.165625
4 0.81796875 0.8453125 0.15625 0.12890625
4 0.57578125 0.87890625 0.18125 0.11640625
4 0.32578125 0.9171875 0.18046875 0.14296875