2 0.378125 0.23203125 0.228125 0.2671875
2 0.86796875 0.23203125 0.23046875 0.26484375
2 0.128125 0.23125 0.23203125 0.27578125
2 0.253125 0.8328125 0.484375 0.259375
2 0.37890625 0.52890625 0.2328125 0.27421875
4 0.44921875 0.77109375 0.04765625 0.03359375
2 0.13203125 0.52734375 0.23515625 0.265625
4 0.44609375 0.16015625 0.065625 0.03515625
4 0.953125 0.7703125 0.0375 0.03125
4 0.20859375 0.1640625 0.0453125 0.0375
2 0.75078125 0.83359375 0.48515625 0.23671875
2 0.62578125 0.23671875 0.23203125 0.2734375
4 0.82734375 0.825 0.30234375 0.04765625
4 0.31796875 0.825 0.32265625 0.0453125
0 0.6921875 0.58984375 0.06875 0.0546875
4 0.2015625 0.45234375 0.05546875 0.03984375
4 0.45078125 0.45078125 0.05234375 0.0375
0 0.20078125 0.5921875 0.06640625 0.0640625
4 0.69453125 0.45078125 0.0671875 0.04296875
0 0.44609375 0.30390625 0.0703125 0.06328125
0 0.9484375 0.30625 0.059375 0.06328125
0 0.196875 0.30390625 0.07421875 0.06015625
4 0.94140625 0.5671875 0.05546875 0.0265625
4 0.696875 0.16171875 0.0515625 0.0359375
4 0.9421875 0.16484375 0.0578125 0.0359375
0 0.44453125 0.58984375 0.071875 0.05703125
0 0.93828125 0.621875 0.0703125 0.06015625
4 0.94296875 0.453125 0.06171875 0.04140625
0 0.69296875 0.3046875 0.07109375 0.06015625
0 0.44296875 0.87734375 0.07265625 0.06015625
0 0.9421875 0.0375 0.07734375 0.07421875
0 0.9375 0.8765625 0.071875 0.0609375
0 0.86875 0.03984375 0.06171875 0.075
4 0.8859375 0.22109375 0.1703125 0.028125
4 0.89375 0.25234375 0.15546875 0.03046875
4 0.6265625 0.2171875 0.20390625 0.03515625
4 0.68046875 0.25 0.09296875 0.0296875
4 0.38671875 0.21875 0.1875 0.0328125
4 0.421875 0.24921875 0.10859375 0.0265625
4 0.1515625 0.22109375 0.16015625 0.03125
4 0.16015625 0.2546875 0.1421875 0.0296875
4 0.9515625 0.50859375 0.034375 0.02578125
4 0.8640625 0.54140625 0.2140625 0.02578125
4 0.6609375 0.50625 0.1359375 0.02578125
4 0.62890625 0.53984375 0.1953125 0.034375
4 0.38828125 0.50859375 0.178125 0.0390625
4 0.41875 0.54140625 0.125 0.03203125
4 0.14921875 0.50625 0.165625 0.02890625
4 0.159375 0.54140625 0.1421875 0.0328125
2 0.8703125 0.5359375 0.23671875 0.28515625
2 0.62421875 0.521875 0.23359375 0.26484375