2 0.621875 0.23203125 0.228125 0.2671875
2 0.13203125 0.23203125 0.23046875 0.26484375
2 0.871875 0.23125 0.23203125 0.27578125
2 0.746875 0.8328125 0.484375 0.259375
2 0.62109375 0.52890625 0.2328125 0.27421875
4 0.55078125 0.77109375 0.04765625 0.03359375
2 0.86796875 0.52734375 0.23515625 0.265625
4 0.55390625 0.16015625 0.065625 0.03515625
4 0.046875 0.7703125 0.0375 0.03125
4 0.79140625 0.1640625 0.0453125 0.0375
2 0.24921875 0.83359375 0.48515625 0.23671875
2 0.37421875 0.23671875 0.23203125 0.2734375
4 0.17265625 0.825 0.30234375 0.04765625
4 0.68203125 0.825 0.32265625 0.0453125
0 0.3078125 0.58984375 0.06875 0.0546875
4 0.7984375 0.45234375 0.05546875 0.03984375
4 0.54921875 0.45078125 0.05234375 0.0375
0 0.79921875 0.5921875 0.06640625 0.0640625
4 0.30546875 0.45078125 0.0671875 0.04296875
0 0.55390625 0.30390625 0.0703125 0.06328125
0 0.0515625 0.30625 0.059375 0.06328125
0 0.803125 0.30390625 0.07421875 0.06015625
4 0.05859375 0.5671875 0.05546875 0.0265625
4 0.303125 0.16171875 0.0515625 0.0359375
4 0.0578125 0.16484375 0.0578125 0.0359375
0 0.55546875 0.58984375 0.071875 0.05703125
0 0.06171875 0.621875 0.0703125 0.06015625
4 0.05703125 0.453125 0.06171875 0.04140625
0 0.30703125 0.3046875 0.07109375 0.06015625
0 0.55703125 0.87734375 0.07265625 0.06015625
0 0.0578125 0.0375 0.07734375 0.07421875
0 0.0625 0.8765625 0.071875 0.0609375
0 0.13125 0.03984375 0.06171875 0.075
4 0.1140625 0.22109375 0.1703125 0.028125
4 0.10625 0.25234375 0.15546875 0.03046875
4 0.3734375 0.2171875 0.20390625 0.03515625
4 0.31953125 0.25 0.09296875 0.0296875
4 0.61328125 0.21875 0.1875 0.0328125
4 0.578125 0.24921875 0.10859375 0.0265625
4 0.8484375 0.22109375 0.16015625 0.03125
4 0.83984375 0.2546875 0.1421875 0.0296875
4 0.0484375 0.50859375 0.034375 0.02578125
4 0.1359375 0.54140625 0.2140625 0.02578125
4 0.3390625 0.50625 0.1359375 0.02578125
4 0.37109375 0.53984375 0.1953125 0.034375
4 0.61171875 0.50859375 0.178125 0.0390625
4 0.58125 0.54140625 0.125 0.03203125
4 0.85078125 0.50625 0.165625 0.02890625
4 0.840625 0.54140625 0.1421875 0.0328125
2 0.1296875 0.5359375 0.23671875 0.28515625
2 0.37578125 0.521875 0.23359375 0.26484375