4 0.6296875 0.1265625 0.6609375 0.11171875
4 0.69609375 0.33828125 0.25859375 0.11015625
4 0.23671875 0.30625 0.240625 0.12734375
4 0.2609375 0.50625 0.16796875 0.11484375
4 0.2125 0.7671875 0.2609375 0.11640625
4 0.6921875 0.5640625 0.2609375 0.11171875
4 0.66171875 0.83671875 0.246875 0.09765625
1 0.88125 0.33984375 0.04921875 0.11171875
1 0.88671875 0.5703125 0.065625 0.1421875
1 0.8875 0.86640625 0.0875 0.15390625
1 0.4328125 0.33046875 0.07109375 0.1015625
1 0.42890625 0.5296875 0.078125 0.1265625
1 0.428125 0.7671875 0.0875 0.17109375