3 0.79296875 0.03984375 0.06484375 0.07890625
2 0.37421875 0.22578125 0.2375 0.26484375
2 0.128125 0.23828125 0.23515625 0.275
2 0.75 0.7703125 0.484375 0.2453125
4 0.4484375 0.71015625 0.0515625 0.03359375
4 0.8265625 0.76953125 0.2890625 0.0359375
4 0.1828125 0.21484375 0.09921875 0.0328125
2 0.61875 0.23125 0.234375 0.2625
4 0.3203125 0.7703125 0.30703125 0.03359375
2 0.86796875 0.225 0.23984375 0.25234375
4 0.81171875 0.5078125 0.31640625 0.03359375
4 0.45078125 0.1640625 0.05234375 0.0375
4 0.94140625 0.7078125 0.0609375 0.0390625
4 0.2046875 0.1640625 0.05234375 0.0375
4 0.94609375 0.16015625 0.053125 0.04140625
0 0.20078125 0.30625 0.059375 0.0609375
4 0.6984375 0.1609375 0.05 0.0375
4 0.49765625 0.95546875 0.13515625 0.05859375
0 0.94296875 0.03984375 0.0765625 0.0703125
0 0.9359375 0.5625 0.065625 0.06015625
0 0.9421875 0.30546875 0.06953125 0.06171875
0 0.86640625 0.03984375 0.0703125 0.075
0 0.44140625 0.81953125 0.071875 0.06171875
0 0.6921875 0.3046875 0.06953125 0.06015625
0 0.9421875 0.8203125 0.0671875 0.0609375
0 0.4453125 0.3046875 0.06953125 0.06328125
0 0.7265625 0.03984375 0.06328125 0.0734375
0 0.79375 0.03984375 0.06484375 0.07578125
4 0.8796875 0.221875 0.1859375 0.025
4 0.9109375 0.25 0.11953125 0.034375
4 0.6390625 0.21875 0.16875 0.0328125
4 0.65859375 0.2515625 0.1359375 0.02890625
4 0.37890625 0.21484375 0.19296875 0.0328125
4 0.403125 0.25234375 0.153125 0.034375
4 0.12890625 0.25 0.20078125 0.0296875
4 0.94921875 0.44921875 0.0421875 0.0375
2 0.49921875 0.5109375 0.9828125 0.234375
2 0.2515625 0.76796875 0.48046875 0.2421875