3 0.20703125 0.03984375 0.06484375 0.07890625
2 0.62578125 0.22578125 0.2375 0.26484375
2 0.871875 0.23828125 0.23515625 0.275
2 0.25 0.7703125 0.484375 0.2453125
4 0.5515625 0.71015625 0.0515625 0.03359375
4 0.1734375 0.76953125 0.2890625 0.0359375
4 0.8171875 0.21484375 0.09921875 0.0328125
2 0.38125 0.23125 0.234375 0.2625
4 0.6796875 0.7703125 0.30703125 0.03359375
2 0.13203125 0.225 0.23984375 0.25234375
4 0.18828125 0.5078125 0.31640625 0.03359375
4 0.54921875 0.1640625 0.05234375 0.0375
4 0.05859375 0.7078125 0.0609375 0.0390625
4 0.7953125 0.1640625 0.05234375 0.0375
4 0.05390625 0.16015625 0.053125 0.04140625
0 0.79921875 0.30625 0.059375 0.0609375
4 0.3015625 0.1609375 0.05 0.0375
4 0.50234375 0.95546875 0.13515625 0.05859375
0 0.05703125 0.03984375 0.0765625 0.0703125
0 0.0640625 0.5625 0.065625 0.06015625
0 0.0578125 0.30546875 0.06953125 0.06171875
0 0.13359375 0.03984375 0.0703125 0.075
0 0.55859375 0.81953125 0.071875 0.06171875
0 0.3078125 0.3046875 0.06953125 0.06015625
0 0.0578125 0.8203125 0.0671875 0.0609375
0 0.5546875 0.3046875 0.06953125 0.06328125
0 0.2734375 0.03984375 0.06328125 0.0734375
0 0.20625 0.03984375 0.06484375 0.07578125
4 0.1203125 0.221875 0.1859375 0.025
4 0.0890625 0.25 0.11953125 0.034375
4 0.3609375 0.21875 0.16875 0.0328125
4 0.34140625 0.2515625 0.1359375 0.02890625
4 0.62109375 0.21484375 0.19296875 0.0328125
4 0.596875 0.25234375 0.153125 0.034375
4 0.87109375 0.25 0.20078125 0.0296875
4 0.05078125 0.44921875 0.0421875 0.0375
2 0.50078125 0.5109375 0.9828125 0.234375
2 0.7484375 0.76796875 0.48046875 0.2421875