2 0.625 0.490625 0.2265625 0.26171875
2 0.74765625 0.7984375 0.48671875 0.2453125
2 0.37578125 0.4890625 0.23046875 0.265625
4 0.55390625 0.42265625 0.0703125 0.040625
2 0.24921875 0.80546875 0.47890625 0.24765625
2 0.12890625 0.5109375 0.2296875 0.2890625
4 0.17734375 0.79921875 0.2984375 0.0421875
4 0.559375 0.73984375 0.06328125 0.03984375
4 0.3015625 0.42265625 0.05 0.0375
4 0.05390625 0.1640625 0.05078125 0.034375
4 0.06484375 0.54140625 0.07734375 0.03046875
4 0.6921875 0.80078125 0.3265625 0.0484375
4 0.78984375 0.4234375 0.04375 0.0328125
0 0.79765625 0.56796875 0.06015625 0.06328125
4 0.18359375 0.22109375 0.30546875 0.04140625
0 0.0515625 0.85234375 0.05 0.06484375
4 0.503125 0.98046875 0.12421875 0.0390625
0 0.5453125 0.56875 0.05546875 0.059375
4 0.05859375 0.7421875 0.065625 0.03359375
0 0.5609375 0.84765625 0.075 0.0625
4 0.059375 0.421875 0.06171875 0.0390625
0 0.05 0.59375 0.0546875 0.06171875
0 0.06328125 0.2734375 0.07734375 0.06484375
4 0.06328125 0.47265625 0.078125 0.03046875
0 0.30625 0.56640625 0.06484375 0.06484375
0 0.221875 0.04140625 0.065625 0.078125
0 0.05859375 0.03984375 0.07734375 0.071875
0 0.1421875 0.040625 0.0796875 0.07578125
0 0.30234375 0.040625 0.07421875 0.0765625
4 0.11171875 0.51015625 0.17578125 0.02890625
4 0.35625 0.47890625 0.15703125 0.0359375
4 0.3640625 0.5046875 0.16484375 0.0359375
4 0.59609375 0.47890625 0.15390625 0.034375
4 0.60078125 0.5109375 0.16015625 0.0265625
4 0.85078125 0.4828125 0.16640625 0.0390625
4 0.83671875 0.5078125 0.14140625 0.02421875
2 0.5015625 0.22265625 0.978125 0.2359375
2 0.87265625 0.49140625 0.23671875 0.2671875