2 0.48203125 0.1703125 0.87578125 0.29296875
2 0.71953125 0.41953125 0.37578125 0.23359375
2 0.30390625 0.44453125 0.3703125 0.23046875
2 0.321875 0.6875 0.39296875 0.23046875
2 0.74140625 0.6671875 0.36875 0.2265625
4 0.81171875 0.0671875 0.13125 0.040625
4 0.83046875 0.33125 0.09453125 0.034375
4 0.41015625 0.3609375 0.08359375 0.04453125
4 0.43046875 0.61015625 0.0984375 0.040625
4 0.83359375 0.584375 0.10703125 0.0390625
4 0.75 0.140625 0.23671875 0.046875
4 0.65078125 0.40078125 0.209375 0.04609375
4 0.2359375 0.42109375 0.1796875 0.03359375
4 0.25703125 0.67109375 0.18515625 0.0390625
4 0.67578125 0.65234375 0.18125 0.04296875
4 0.68359375 0.2203125 0.3703125 0.11796875
4 0.65546875 0.4609375 0.20390625 0.08046875
4 0.240625 0.4859375 0.178125 0.08046875
4 0.26796875 0.73671875 0.20546875 0.08203125
4 0.67109375 0.70703125 0.18671875 0.06953125
3 0.2765625 0.19765625 0.35 0.2265625
3 0.82421875 0.43359375 0.1109375 0.11953125
3 0.409375 0.46015625 0.1109375 0.11796875
3 0.4296875 0.70625 0.121875 0.1234375
3 0.83671875 0.684375 0.12578125 0.109375