2 0.51796875 0.1703125 0.87578125 0.29296875
2 0.28046875 0.41953125 0.37578125 0.23359375
2 0.69609375 0.44453125 0.3703125 0.23046875
2 0.678125 0.6875 0.39296875 0.23046875
2 0.25859375 0.6671875 0.36875 0.2265625
4 0.18828125 0.0671875 0.13125 0.040625
4 0.16953125 0.33125 0.09453125 0.034375
4 0.58984375 0.3609375 0.08359375 0.04453125
4 0.56953125 0.61015625 0.0984375 0.040625
4 0.16640625 0.584375 0.10703125 0.0390625
4 0.25 0.140625 0.23671875 0.046875
4 0.34921875 0.40078125 0.209375 0.04609375
4 0.7640625 0.42109375 0.1796875 0.03359375
4 0.74296875 0.67109375 0.18515625 0.0390625
4 0.32421875 0.65234375 0.18125 0.04296875
4 0.31640625 0.2203125 0.3703125 0.11796875
4 0.34453125 0.4609375 0.20390625 0.08046875
4 0.759375 0.4859375 0.178125 0.08046875
4 0.73203125 0.73671875 0.20546875 0.08203125
4 0.32890625 0.70703125 0.18671875 0.06953125
3 0.7234375 0.19765625 0.35 0.2265625
3 0.17578125 0.43359375 0.1109375 0.11953125
3 0.590625 0.46015625 0.1109375 0.11796875
3 0.5703125 0.70625 0.121875 0.1234375
3 0.16328125 0.684375 0.12578125 0.109375