2 0.4875 0.4 0.975 0.721875
4 0.81640625 0.096875 0.2625 0.08359375
4 0.878125 0.43515625 0.125 0.0515625
4 0.65390625 0.4453125 0.12734375 0.05703125
4 0.43203125 0.46640625 0.13203125 0.05
4 0.884375 0.5609375 0.1125 0.053125
4 0.6671875 0.58046875 0.121875 0.05859375
4 0.43125 0.596875 0.1125 0.0515625
4 0.88203125 0.496875 0.121875 0.06796875
4 0.66484375 0.5125 0.11875 0.08046875
4 0.43984375 0.534375 0.14296875 0.07890625
0 0.88828125 0.6359375 0.16328125 0.08046875
0 0.6671875 0.65234375 0.184375 0.07890625
0 0.44140625 0.66640625 0.19140625 0.08046875
7 0.309375 0.1234375 0.1875 0.05859375
0 0.15 0.134375 0.12265625 0.0640625
3 0.87890625 0.29453125 0.140625 0.2140625
3 0.6515625 0.30859375 0.13828125 0.21953125
3 0.42265625 0.321875 0.134375 0.2359375