2 0.5125 0.4 0.975 0.721875
4 0.18359375 0.096875 0.2625 0.08359375
4 0.121875 0.43515625 0.125 0.0515625
4 0.34609375 0.4453125 0.12734375 0.05703125
4 0.56796875 0.46640625 0.13203125 0.05
4 0.115625 0.5609375 0.1125 0.053125
4 0.3328125 0.58046875 0.121875 0.05859375
4 0.56875 0.596875 0.1125 0.0515625
4 0.11796875 0.496875 0.121875 0.06796875
4 0.33515625 0.5125 0.11875 0.08046875
4 0.56015625 0.534375 0.14296875 0.07890625
0 0.11171875 0.6359375 0.16328125 0.08046875
0 0.3328125 0.65234375 0.184375 0.07890625
0 0.55859375 0.66640625 0.19140625 0.08046875
7 0.690625 0.1234375 0.1875 0.05859375
0 0.85 0.134375 0.12265625 0.0640625
3 0.12109375 0.29453125 0.140625 0.2140625
3 0.3484375 0.30859375 0.13828125 0.21953125
3 0.57734375 0.321875 0.134375 0.2359375