2 0.253125 0.21953125 0.48203125 0.2421875
2 0.87265625 0.75 0.246875 0.2671875
4 0.91328125 0.765625 0.1140625 0.034375
2 0.7515625 0.21640625 0.49140625 0.228125
4 0.203125 0.6859375 0.05078125 0.0421875
4 0.940625 0.42109375 0.06171875 0.03515625
4 0.4515625 0.6859375 0.05703125 0.0328125
0 0.20546875 0.82734375 0.05859375 0.06171875
4 0.81953125 0.21015625 0.3265625 0.06484375
4 0.8296875 0.4703125 0.30703125 0.06171875
4 0.93984375 0.159375 0.05859375 0.03671875
4 0.6953125 0.6828125 0.0609375 0.04453125
4 0.946875 0.68359375 0.04765625 0.0375
0 0.446875 0.825 0.0703125 0.06484375
4 0.4984375 0.95546875 0.134375 0.05625
0 0.93984375 0.53046875 0.065625 0.06015625
0 0.44296875 0.2671875 0.0734375 0.06484375
0 0.9453125 0.0390625 0.07578125 0.07265625
0 0.85859375 0.0390625 0.0828125 0.07578125
0 0.94453125 0.825 0.06328125 0.059375
0 0.9421875 0.26796875 0.06953125 0.06171875
0 0.69296875 0.825 0.07265625 0.06484375
4 0.4578125 0.16640625 0.03671875 0.0515625
4 0.3328125 0.21484375 0.29140625 0.03984375
4 0.87265625 0.7375 0.203125 0.03828125
4 0.628125 0.7375 0.20078125 0.03828125
4 0.66484375 0.76953125 0.12578125 0.0328125
4 0.3734375 0.74140625 0.20546875 0.03359375
4 0.425 0.771875 0.11484375 0.03125
4 0.134375 0.73671875 0.19453125 0.0296875
4 0.17421875 0.771875 0.11328125 0.03203125
2 0.503125 0.484375 0.9796875 0.24453125
2 0.62421875 0.75078125 0.23203125 0.26171875
2 0.3765625 0.753125 0.234375 0.2625
2 0.13046875 0.7515625 0.234375 0.2671875