2 0.12734375 0.23203125 0.24140625 0.26875
4 0.321875 0.50390625 0.328125 0.0734375
2 0.37578125 0.23046875 0.23046875 0.2625
2 0.49609375 0.76875 0.98515625 0.23671875
4 0.8265625 0.7609375 0.325 0.06953125
4 0.4453125 0.4484375 0.06484375 0.04609375
4 0.94375 0.7125 0.04921875 0.0328125
4 0.921875 0.246875 0.1078125 0.03515625
4 0.209375 0.165625 0.03984375 0.03515625
4 0.6953125 0.165625 0.065625 0.03515625
4 0.44140625 0.1625 0.07109375 0.03359375
4 0.94140625 0.4453125 0.06484375 0.0375
4 0.821875 0.50546875 0.33359375 0.065625
0 0.20703125 0.3046875 0.05234375 0.05390625
0 0.4515625 0.5578125 0.06015625 0.06171875
0 0.45234375 0.30703125 0.0578125 0.0609375
0 0.95234375 0.559375 0.05859375 0.05859375
4 0.9453125 0.1625 0.053125 0.03515625
0 0.69609375 0.30625 0.06171875 0.06015625
0 0.94921875 0.825 0.0640625 0.06484375
4 0.4984375 0.95625 0.13671875 0.05078125
0 0.9390625 0.30546875 0.0765625 0.06171875
0 0.9421875 0.0390625 0.07578125 0.0703125
0 0.8640625 0.0390625 0.0734375 0.0765625
4 0.86484375 0.21796875 0.21171875 0.03515625
4 0.63046875 0.21953125 0.1875 0.03203125
4 0.66640625 0.25390625 0.1265625 0.0359375
4 0.38828125 0.221875 0.1765625 0.0328125
4 0.4109375 0.25390625 0.14140625 0.0265625
4 0.13125 0.22265625 0.20703125 0.04375
4 0.17734375 0.25390625 0.11015625 0.02734375
2 0.7453125 0.5046875 0.4859375 0.24609375
2 0.2484375 0.51171875 0.4859375 0.23984375
2 0.86796875 0.23125 0.2328125 0.25859375
2 0.62265625 0.2328125 0.22890625 0.25390625