2 0.2484375 0.4703125 0.49296875 0.23359375
2 0.2421875 0.22265625 0.484375 0.23203125
2 0.75 0.4828125 0.48359375 0.25546875
4 0.5484375 0.15703125 0.046875 0.04296875
4 0.67734375 0.2203125 0.31015625 0.046875
4 0.18359375 0.4734375 0.3203125 0.04921875
4 0.5546875 0.41953125 0.05859375 0.03828125
4 0.18359375 0.21328125 0.309375 0.05
4 0.05859375 0.41953125 0.06484375 0.03515625
4 0.0609375 0.15859375 0.06171875 0.03515625
4 0.50078125 0.66328125 0.13671875 0.059375
0 0.5515625 0.26953125 0.06015625 0.06328125
0 0.55390625 0.525 0.0671875 0.0625
0 0.28984375 0.03984375 0.07890625 0.07578125
0 0.05546875 0.03828125 0.07421875 0.07109375
0 0.05234375 0.26875 0.06015625 0.0609375
0 0.20703125 0.040625 0.078125 0.0796875
0 0.06015625 0.52734375 0.071875 0.06328125
0 0.13046875 0.040625 0.06484375 0.078125
2 0.74609375 0.21640625 0.48515625 0.24140625