2 0.24765625 0.21953125 0.4953125 0.2484375
2 0.37421875 0.49296875 0.23203125 0.26328125
2 0.12578125 0.48359375 0.2421875 0.2640625
4 0.196875 0.421875 0.0734375 0.04453125
4 0.4515625 0.16484375 0.04375 0.04140625
2 0.62265625 0.4921875 0.22890625 0.25859375
2 0.74765625 0.21796875 0.48515625 0.2390625
2 0.87421875 0.4875 0.228125 0.265625
4 0.81953125 0.76875 0.32890625 0.06796875
4 0.44765625 0.421875 0.04765625 0.0375
4 0.69375 0.42109375 0.06796875 0.0359375
4 0.325 0.21953125 0.29453125 0.0453125
0 0.4515625 0.26875 0.0578125 0.0640625
4 0.821875 0.21328125 0.32890625 0.06640625
0 0.19921875 0.56328125 0.065625 0.0625
4 0.94140625 0.71484375 0.05546875 0.03671875
0 0.7 0.56484375 0.0609375 0.0625
0 0.9484375 0.26796875 0.06015625 0.0640625
4 0.94140625 0.16015625 0.0609375 0.03359375
4 0.94375 0.42421875 0.0546875 0.04296875
0 0.44296875 0.56171875 0.07265625 0.05859375
4 0.4984375 0.95625 0.13671875 0.05234375
0 0.946875 0.825 0.065625 0.065625
0 0.94609375 0.03828125 0.0671875 0.07109375
0 0.87109375 0.0390625 0.075 0.07421875
0 0.94296875 0.56484375 0.07109375 0.06328125
2 0.4984375 0.7703125 0.9828125 0.234375
4 0.91796875 0.4796875 0.1140625 0.034375
4 0.88828125 0.51484375 0.1765625 0.03828125
4 0.640625 0.48046875 0.17109375 0.0296875
4 0.65546875 0.51171875 0.1328125 0.0328125
4 0.40390625 0.4796875 0.1453125 0.03125
4 0.3890625 0.509375 0.1796875 0.03046875
4 0.15234375 0.47890625 0.16796875 0.03125
4 0.1640625 0.51484375 0.15390625 0.02890625