2 0.75234375 0.21953125 0.4953125 0.2484375
2 0.62578125 0.49296875 0.23203125 0.26328125
2 0.87421875 0.48359375 0.2421875 0.2640625
4 0.803125 0.421875 0.0734375 0.04453125
4 0.5484375 0.16484375 0.04375 0.04140625
2 0.37734375 0.4921875 0.22890625 0.25859375
2 0.25234375 0.21796875 0.48515625 0.2390625
2 0.12578125 0.4875 0.228125 0.265625
4 0.18046875 0.76875 0.32890625 0.06796875
4 0.55234375 0.421875 0.04765625 0.0375
4 0.30625 0.42109375 0.06796875 0.0359375
4 0.675 0.21953125 0.29453125 0.0453125
0 0.5484375 0.26875 0.0578125 0.0640625
4 0.178125 0.21328125 0.32890625 0.06640625
0 0.80078125 0.56328125 0.065625 0.0625
4 0.05859375 0.71484375 0.05546875 0.03671875
0 0.3 0.56484375 0.0609375 0.0625
0 0.0515625 0.26796875 0.06015625 0.0640625
4 0.05859375 0.16015625 0.0609375 0.03359375
4 0.05625 0.42421875 0.0546875 0.04296875
0 0.55703125 0.56171875 0.07265625 0.05859375
4 0.5015625 0.95625 0.13671875 0.05234375
0 0.053125 0.825 0.065625 0.065625
0 0.05390625 0.03828125 0.0671875 0.07109375
0 0.12890625 0.0390625 0.075 0.07421875
0 0.05703125 0.56484375 0.07109375 0.06328125
2 0.5015625 0.7703125 0.9828125 0.234375
4 0.08203125 0.4796875 0.1140625 0.034375
4 0.11171875 0.51484375 0.1765625 0.03828125
4 0.359375 0.48046875 0.17109375 0.0296875
4 0.34453125 0.51171875 0.1328125 0.0328125
4 0.59609375 0.4796875 0.1453125 0.03125
4 0.6109375 0.509375 0.1796875 0.03046875
4 0.84765625 0.47890625 0.16796875 0.03125
4 0.8359375 0.51484375 0.15390625 0.02890625