2 0.61953125 0.49140625 0.2328125 0.2640625
2 0.86796875 0.49921875 0.234375 0.2578125
2 0.75078125 0.775 0.48671875 0.240625
4 0.8203125 0.77265625 0.30703125 0.05
2 0.4984375 0.22109375 0.9828125 0.2453125
4 0.32421875 0.771875 0.30859375 0.0421875
4 0.44609375 0.709375 0.06484375 0.040625
0 0.19921875 0.56640625 0.06953125 0.059375
4 0.45078125 0.421875 0.06171875 0.03984375
4 0.9421875 0.7109375 0.0546875 0.03359375
4 0.20078125 0.4203125 0.0609375 0.04453125
4 0.82421875 0.21328125 0.3046875 0.0484375
4 0.69453125 0.4234375 0.0625 0.0359375
4 0.9421875 0.1625 0.06328125 0.03828125
0 0.43984375 0.81953125 0.0734375 0.06171875
4 0.49765625 0.9546875 0.13515625 0.0578125
4 0.93984375 0.42421875 0.06328125 0.03515625
0 0.9375 0.2734375 0.07578125 0.0640625
0 0.44375 0.56484375 0.07109375 0.0609375
0 0.875 0.03984375 0.06953125 0.07578125
0 0.94140625 0.56484375 0.07109375 0.0609375
0 0.69140625 0.565625 0.0703125 0.0609375
0 0.79609375 0.040625 0.0765625 0.0765625
0 0.93984375 0.81953125 0.07265625 0.0640625
0 0.946875 0.0390625 0.06640625 0.07265625
4 0.8734375 0.4828125 0.1984375 0.0328125
4 0.9140625 0.515625 0.11953125 0.0328125
4 0.6546875 0.48046875 0.140625 0.03515625
4 0.6359375 0.5109375 0.18046875 0.02734375
4 0.38359375 0.48203125 0.190625 0.040625
4 0.41328125 0.51484375 0.121875 0.03125
4 0.13046875 0.4828125 0.2078125 0.03359375
4 0.18984375 0.515625 0.09296875 0.02734375
2 0.37734375 0.4890625 0.2359375 0.2625
2 0.13046875 0.49765625 0.23359375 0.2640625
2 0.25234375 0.7703125 0.4796875 0.23515625