2 0.38046875 0.49140625 0.2328125 0.2640625
2 0.13203125 0.49921875 0.234375 0.2578125
2 0.24921875 0.775 0.48671875 0.240625
4 0.1796875 0.77265625 0.30703125 0.05
2 0.5015625 0.22109375 0.9828125 0.2453125
4 0.67578125 0.771875 0.30859375 0.0421875
4 0.55390625 0.709375 0.06484375 0.040625
0 0.80078125 0.56640625 0.06953125 0.059375
4 0.54921875 0.421875 0.06171875 0.03984375
4 0.0578125 0.7109375 0.0546875 0.03359375
4 0.79921875 0.4203125 0.0609375 0.04453125
4 0.17578125 0.21328125 0.3046875 0.0484375
4 0.30546875 0.4234375 0.0625 0.0359375
4 0.0578125 0.1625 0.06328125 0.03828125
0 0.56015625 0.81953125 0.0734375 0.06171875
4 0.50234375 0.9546875 0.13515625 0.0578125
4 0.06015625 0.42421875 0.06328125 0.03515625
0 0.0625 0.2734375 0.07578125 0.0640625
0 0.55625 0.56484375 0.07109375 0.0609375
0 0.125 0.03984375 0.06953125 0.07578125
0 0.05859375 0.56484375 0.07109375 0.0609375
0 0.30859375 0.565625 0.0703125 0.0609375
0 0.20390625 0.040625 0.0765625 0.0765625
0 0.06015625 0.81953125 0.07265625 0.0640625
0 0.053125 0.0390625 0.06640625 0.07265625
4 0.1265625 0.4828125 0.1984375 0.0328125
4 0.0859375 0.515625 0.11953125 0.0328125
4 0.3453125 0.48046875 0.140625 0.03515625
4 0.3640625 0.5109375 0.18046875 0.02734375
4 0.61640625 0.48203125 0.190625 0.040625
4 0.58671875 0.51484375 0.121875 0.03125
4 0.86953125 0.4828125 0.2078125 0.03359375
4 0.81015625 0.515625 0.09296875 0.02734375
2 0.62265625 0.4890625 0.2359375 0.2625
2 0.86953125 0.49765625 0.23359375 0.2640625
2 0.74765625 0.7703125 0.4796875 0.23515625