2 0.13203125 0.234375 0.23359375 0.2875
2 0.375 0.23359375 0.2328125 0.2640625
2 0.62421875 0.23828125 0.2328125 0.26015625
2 0.50078125 0.51171875 0.98671875 0.2328125
4 0.81953125 0.76484375 0.31484375 0.06171875
4 0.44609375 0.71015625 0.06484375 0.0421875
2 0.86953125 0.234375 0.23671875 0.2671875
4 0.94296875 0.71015625 0.0515625 0.03671875
4 0.8171875 0.50703125 0.32421875 0.04375
4 0.3296875 0.76484375 0.30234375 0.0640625
4 0.44921875 0.16171875 0.05 0.03671875
4 0.93984375 0.45390625 0.06015625 0.0359375
0 0.20703125 0.3046875 0.053125 0.05859375
4 0.2078125 0.1640625 0.046875 0.03515625
0 0.4515625 0.30546875 0.05546875 0.06484375
4 0.94609375 0.16328125 0.05 0.0328125
4 0.6984375 0.16171875 0.05078125 0.03515625
4 0.49765625 0.95546875 0.13515625 0.05859375
0 0.94375 0.5640625 0.06484375 0.05625
0 0.93984375 0.81953125 0.071875 0.0625
0 0.69375 0.3046875 0.0640625 0.06328125
0 0.7921875 0.03984375 0.07265625 0.075
0 0.7171875 0.03984375 0.07109375 0.075
0 0.44375 0.8203125 0.07109375 0.06171875
0 0.86796875 0.03984375 0.07265625 0.075
0 0.9484375 0.3078125 0.059375 0.06328125
0 0.6421875 0.03984375 0.07421875 0.0734375
0 0.9453125 0.0390625 0.071875 0.06953125
4 0.87734375 0.2203125 0.18671875 0.0328125
4 0.9078125 0.25 0.12734375 0.025
4 0.640625 0.22421875 0.171875 0.03359375
4 0.65546875 0.25859375 0.15078125 0.03984375
4 0.39453125 0.21796875 0.1734375 0.0375
4 0.4046875 0.2546875 0.15859375 0.0375
4 0.16015625 0.2203125 0.14765625 0.0328125
4 0.1421875 0.2546875 0.184375 0.0296875
2 0.74765625 0.7734375 0.4796875 0.2484375
2 0.25 0.7734375 0.484375 0.2421875