2 0.75 0.21953125 0.48671875 0.24765625
2 0.73984375 0.475 0.4890625 0.2359375
2 0.25078125 0.47421875 0.478125 0.2296875
4 0.8046875 0.21875 0.3390625 0.04296875
4 0.32109375 0.4671875 0.33359375 0.078125
4 0.44765625 0.41953125 0.0515625 0.034375
4 0.44453125 0.15703125 0.06015625 0.03984375
4 0.32421875 0.2203125 0.29921875 0.0515625
4 0.825 0.46875 0.32421875 0.0625
4 0.94453125 0.41796875 0.0578125 0.03515625
4 0.94609375 0.1609375 0.04921875 0.0390625
4 0.49921875 0.6625 0.1375 0.06015625
0 0.94296875 0.0390625 0.075 0.0734375
0 0.44296875 0.26640625 0.07109375 0.0625
0 0.4453125 0.5265625 0.06640625 0.0640625
0 0.8703125 0.03828125 0.06796875 0.075
0 0.9484375 0.26953125 0.06015625 0.06171875
0 0.9453125 0.5265625 0.065625 0.06328125
2 0.25625 0.22265625 0.490625 0.24609375