2 0.49921875 0.503125 0.9984375 0.99296875
4 0.1984375 0.07578125 0.23359375 0.0515625
4 0.31015625 0.1515625 0.43515625 0.0625
4 0.28203125 0.2296875 0.24609375 0.05703125
4 0.28828125 0.3109375 0.2609375 0.05859375
4 0.2515625 0.40625 0.2109375 0.0609375
4 0.30078125 0.52578125 0.428125 0.05546875
4 0.34609375 0.60859375 0.2484375 0.05546875
4 0.41796875 0.66875 0.41640625 0.05546875
4 0.3515625 0.75625 0.24453125 0.0625
4 0.4484375 0.821875 0.44453125 0.053125
4 0.32109375 0.91484375 0.20546875 0.05
4 0.4890625 0.97109375 0.49296875 0.0578125
5 0.15546875 0.61328125 0.06328125 0.03671875
5 0.15625 0.77421875 0.071875 0.03984375
5 0.14609375 0.925 0.05546875 0.03203125
7 0.56328125 0.23203125 0.259375 0.0515625
7 0.5703125 0.3140625 0.278125 0.04921875
7 0.54453125 0.409375 0.2 0.053125