2 0.50078125 0.503125 0.9984375 0.99296875
4 0.8015625 0.07578125 0.23359375 0.0515625
4 0.68984375 0.1515625 0.43515625 0.0625
4 0.71796875 0.2296875 0.24609375 0.05703125
4 0.71171875 0.3109375 0.2609375 0.05859375
4 0.7484375 0.40625 0.2109375 0.0609375
4 0.69921875 0.52578125 0.428125 0.05546875
4 0.65390625 0.60859375 0.2484375 0.05546875
4 0.58203125 0.66875 0.41640625 0.05546875
4 0.6484375 0.75625 0.24453125 0.0625
4 0.5515625 0.821875 0.44453125 0.053125
4 0.67890625 0.91484375 0.20546875 0.05
4 0.5109375 0.97109375 0.49296875 0.0578125
5 0.84453125 0.61328125 0.06328125 0.03671875
5 0.84375 0.77421875 0.071875 0.03984375
5 0.85390625 0.925 0.05546875 0.03203125
7 0.43671875 0.23203125 0.259375 0.0515625
7 0.4296875 0.3140625 0.278125 0.04921875
7 0.45546875 0.409375 0.2 0.053125