2 0.13046875 0.22578125 0.234375 0.2546875
2 0.24765625 0.50625 0.49453125 0.24140625
3 0.13203125 0.03984375 0.065625 0.078125
2 0.87265625 0.23203125 0.22421875 0.28046875
2 0.625 0.23125 0.2328125 0.26171875
4 0.184375 0.76640625 0.31875 0.0484375
4 0.2953125 0.1703125 0.03671875 0.04140625
4 0.55859375 0.4453125 0.06953125 0.0390625
4 0.79609375 0.1640625 0.05546875 0.03125
4 0.67421875 0.5 0.2890625 0.046875
4 0.54765625 0.16484375 0.04921875 0.0390625
4 0.08125 0.24609375 0.10703125 0.03515625
0 0.79296875 0.30859375 0.0515625 0.059375
4 0.18515625 0.509375 0.3109375 0.040625
4 0.0609375 0.7140625 0.06875 0.03359375
4 0.05859375 0.4515625 0.0640625 0.0375
0 0.55234375 0.30546875 0.06875 0.06484375
4 0.0625 0.1640625 0.06484375 0.03515625
0 0.55859375 0.55703125 0.071875 0.06484375
0 0.3078125 0.3046875 0.06953125 0.059375
0 0.053125 0.30703125 0.0609375 0.0625
0 0.0578125 0.03828125 0.07890625 0.0734375
4 0.5015625 0.95625 0.13671875 0.05078125
0 0.05703125 0.825 0.06953125 0.06484375
0 0.0546875 0.55859375 0.0703125 0.0578125
0 0.13203125 0.0390625 0.06640625 0.07578125
4 0.12890625 0.21953125 0.19921875 0.025
4 0.3484375 0.2171875 0.14609375 0.02734375
4 0.35078125 0.24921875 0.153125 0.02734375
4 0.58515625 0.21953125 0.13046875 0.025
4 0.61171875 0.25 0.1796875 0.034375
4 0.85 0.21640625 0.159375 0.02890625
4 0.83828125 0.24765625 0.1390625 0.02890625
2 0.37421875 0.228125 0.23671875 0.259375
2 0.74765625 0.5078125 0.48046875 0.24140625
2 0.50078125 0.77578125 0.97734375 0.2390625