2 0.13203125 0.4984375 0.23515625 0.27265625
2 0.86953125 0.4921875 0.23203125 0.265625
4 0.9140625 0.50546875 0.11328125 0.0375
4 0.45078125 0.42734375 0.059375 0.03671875
4 0.81875 0.2171875 0.3078125 0.028125
4 0.20078125 0.421875 0.0625 0.0421875
4 0.9453125 0.4234375 0.04765625 0.04453125
4 0.70390625 0.4265625 0.04140625 0.03515625
4 0.93984375 0.16015625 0.05859375 0.03828125
0 0.20078125 0.56796875 0.0609375 0.06484375
4 0.4984375 0.6984375 0.1375 0.05546875
0 0.93984375 0.26875 0.06796875 0.0625
0 0.6953125 0.56640625 0.06328125 0.06171875
0 0.94296875 0.565625 0.065625 0.0640625
0 0.44453125 0.565625 0.071875 0.06484375
0 0.8046875 0.03984375 0.05703125 0.07578125
0 0.871875 0.04140625 0.0671875 0.078125
0 0.7421875 0.040625 0.059375 0.075
0 0.9453125 0.0390625 0.0734375 0.071875
4 0.871875 0.475 0.19609375 0.03125
4 0.6234375 0.47578125 0.2015625 0.0328125
4 0.675 0.51328125 0.1046875 0.03046875
4 0.384375 0.47890625 0.184375 0.03828125
4 0.41328125 0.5125 0.1375 0.02890625
4 0.1359375 0.47734375 0.18671875 0.03203125
4 0.16328125 0.5078125 0.13671875 0.034375
2 0.4984375 0.2203125 0.98046875 0.2296875
2 0.62265625 0.4890625 0.23828125 0.265625
2 0.3734375 0.4921875 0.23984375 0.2546875