2 0.87109375 0.50703125 0.234375 0.30234375
2 0.24765625 0.8015625 0.484375 0.23515625
2 0.13125 0.490625 0.2296875 0.27109375
2 0.37734375 0.4984375 0.23515625 0.2640625
4 0.7984375 0.540625 0.05625 0.02578125
4 0.68359375 0.796875 0.309375 0.0234375
4 0.18515625 0.79453125 0.3140625 0.04375
2 0.49765625 0.221875 0.98671875 0.253125
4 0.05 0.74375 0.040625 0.03515625
4 0.1765625 0.21953125 0.29609375 0.03515625
4 0.796875 0.47265625 0.0578125 0.0265625
4 0.54609375 0.42265625 0.05078125 0.03828125
4 0.50234375 0.98046875 0.1296875 0.03828125
4 0.5578125 0.74296875 0.05703125 0.03984375
0 0.30078125 0.56796875 0.05078125 0.06171875
4 0.05234375 0.16328125 0.04921875 0.03828125
4 0.3015625 0.4234375 0.04921875 0.03515625
0 0.55078125 0.56640625 0.05859375 0.06484375
4 0.06015625 0.425 0.059375 0.03359375
4 0.79453125 0.4265625 0.0546875 0.0421875
0 0.559375 0.8484375 0.07265625 0.06015625
0 0.18671875 0.03984375 0.06484375 0.07578125
0 0.80078125 0.59375 0.0703125 0.06015625
0 0.065625 0.271875 0.0796875 0.0640625
0 0.33828125 0.040625 0.07578125 0.075
0 0.05234375 0.56796875 0.06171875 0.0671875
0 0.0609375 0.85 0.071875 0.0609375
0 0.2578125 0.03984375 0.07265625 0.07734375
0 0.0515625 0.03984375 0.065625 0.071875
0 0.11796875 0.04140625 0.06640625 0.075
4 0.12109375 0.48046875 0.18359375 0.03515625
4 0.084375 0.51015625 0.11484375 0.0296875
4 0.36953125 0.48046875 0.18671875 0.0328125
4 0.34453125 0.5125 0.13828125 0.02890625
4 0.6234375 0.48203125 0.20078125 0.03125
4 0.5765625 0.51328125 0.11015625 0.0328125
4 0.8625 0.5109375 0.18515625 0.0265625
2 0.62265625 0.49140625 0.23515625 0.26796875
2 0.746875 0.79609375 0.484375 0.2484375