2 0.12890625 0.50703125 0.234375 0.30234375
2 0.75234375 0.8015625 0.484375 0.23515625
2 0.86875 0.490625 0.2296875 0.27109375
2 0.62265625 0.4984375 0.23515625 0.2640625
4 0.2015625 0.540625 0.05625 0.02578125
4 0.31640625 0.796875 0.309375 0.0234375
4 0.81484375 0.79453125 0.3140625 0.04375
2 0.50234375 0.221875 0.98671875 0.253125
4 0.95 0.74375 0.040625 0.03515625
4 0.8234375 0.21953125 0.29609375 0.03515625
4 0.203125 0.47265625 0.0578125 0.0265625
4 0.45390625 0.42265625 0.05078125 0.03828125
4 0.49765625 0.98046875 0.1296875 0.03828125
4 0.4421875 0.74296875 0.05703125 0.03984375
0 0.69921875 0.56796875 0.05078125 0.06171875
4 0.94765625 0.16328125 0.04921875 0.03828125
4 0.6984375 0.4234375 0.04921875 0.03515625
0 0.44921875 0.56640625 0.05859375 0.06484375
4 0.93984375 0.425 0.059375 0.03359375
4 0.20546875 0.4265625 0.0546875 0.0421875
0 0.440625 0.8484375 0.07265625 0.06015625
0 0.81328125 0.03984375 0.06484375 0.07578125
0 0.19921875 0.59375 0.0703125 0.06015625
0 0.934375 0.271875 0.0796875 0.0640625
0 0.66171875 0.040625 0.07578125 0.075
0 0.94765625 0.56796875 0.06171875 0.0671875
0 0.9390625 0.85 0.071875 0.0609375
0 0.7421875 0.03984375 0.07265625 0.07734375
0 0.9484375 0.03984375 0.065625 0.071875
0 0.88203125 0.04140625 0.06640625 0.075
4 0.87890625 0.48046875 0.18359375 0.03515625
4 0.915625 0.51015625 0.11484375 0.0296875
4 0.63046875 0.48046875 0.18671875 0.0328125
4 0.65546875 0.5125 0.13828125 0.02890625
4 0.3765625 0.48203125 0.20078125 0.03125
4 0.4234375 0.51328125 0.11015625 0.0328125
4 0.1375 0.5109375 0.18515625 0.0265625
2 0.37734375 0.49140625 0.23515625 0.26796875
2 0.253125 0.79609375 0.484375 0.2484375