3 0.94375 0.040625 0.07578125 0.0796875
2 0.74765625 0.5359375 0.48125 0.2390625
2 0.87109375 0.23046875 0.23046875 0.26171875
2 0.62890625 0.2296875 0.2390625 0.25859375
2 0.1328125 0.234375 0.23984375 0.2765625
4 0.82734375 0.79765625 0.290625 0.0328125
4 0.9421875 0.48046875 0.05703125 0.03359375
4 0.81640625 0.53828125 0.30703125 0.0484375
4 0.6984375 0.1609375 0.05078125 0.0359375
4 0.9453125 0.74765625 0.0515625 0.03828125
4 0.4453125 0.1625 0.06171875 0.04765625
4 0.446875 0.47890625 0.06015625 0.03828125
4 0.2046875 0.1640625 0.05234375 0.04140625
4 0.49765625 0.98125 0.128125 0.0375
4 0.3140625 0.53515625 0.3265625 0.0453125
4 0.946875 0.1609375 0.046875 0.03671875
0 0.1953125 0.3046875 0.07890625 0.0625
0 0.94921875 0.590625 0.0609375 0.06484375
0 0.94453125 0.0375 0.07578125 0.0734375
0 0.9359375 0.85078125 0.07421875 0.0640625
0 0.865625 0.03671875 0.075 0.07265625
0 0.93984375 0.3046875 0.0734375 0.065625
0 0.44375 0.5875 0.06953125 0.06171875
0 0.6953125 0.30546875 0.06875 0.0640625
0 0.44765625 0.334375 0.06953125 0.06484375
4 0.91875 0.2203125 0.109375 0.02421875
4 0.87265625 0.25 0.20546875 0.03671875
4 0.63515625 0.21875 0.18046875 0.025
4 0.659375 0.25 0.13203125 0.02578125
4 0.4203125 0.21875 0.11328125 0.0296875
4 0.3859375 0.24921875 0.18671875 0.028125
4 0.46484375 0.278125 0.0359375 0.03125
4 0.14296875 0.21640625 0.178125 0.02890625
4 0.1578125 0.2484375 0.14609375 0.0296875
2 0.3796875 0.24921875 0.2296875 0.29609375
2 0.25234375 0.5390625 0.48046875 0.24140625
2 0.5 0.80390625 0.97734375 0.2359375