2 0.13203125 0.50625 0.2375 0.29375
4 0.9140625 0.5046875 0.11171875 0.0359375
2 0.74609375 0.2171875 0.48203125 0.2359375
4 0.18828125 0.4734375 0.084375 0.0328125
4 0.44609375 0.15703125 0.05546875 0.0375
4 0.44453125 0.4203125 0.06875 0.0375
4 0.821875 0.80078125 0.309375 0.0453125
4 0.82265625 0.21484375 0.30078125 0.0359375
4 0.31484375 0.21640625 0.325 0.0453125
4 0.69296875 0.4203125 0.0640625 0.03828125
4 0.94296875 0.74296875 0.05546875 0.03359375
4 0.4984375 0.98125 0.12734375 0.03671875
0 0.4515625 0.565625 0.0609375 0.06484375
4 0.20390625 0.42421875 0.05546875 0.04140625
4 0.9453125 0.42421875 0.0546875 0.03515625
4 0.94453125 0.15859375 0.05390625 0.0375
0 0.2 0.59296875 0.07109375 0.06015625
0 0.946875 0.853125 0.0625 0.06484375
0 0.94765625 0.03984375 0.065625 0.0734375
0 0.8015625 0.0390625 0.0765625 0.0765625
0 0.446875 0.26875 0.06328125 0.0640625
0 0.87890625 0.03984375 0.06953125 0.07578125
0 0.94453125 0.56484375 0.06796875 0.06484375
0 0.94453125 0.26796875 0.06640625 0.0609375
0 0.69296875 0.5640625 0.0703125 0.06015625
4 0.87265625 0.4796875 0.203125 0.03671875
4 0.62890625 0.47734375 0.18671875 0.03203125
4 0.6640625 0.50546875 0.125 0.025
4 0.378125 0.4796875 0.19609375 0.0296875
4 0.42578125 0.51015625 0.1078125 0.0296875
4 0.1609375 0.5109375 0.1421875 0.03125
4 0.196875 0.54140625 0.06953125 0.021875
2 0.2515625 0.21640625 0.47734375 0.234375
2 0.87109375 0.4890625 0.234375 0.26171875
2 0.6234375 0.49140625 0.2375 0.25625
2 0.37734375 0.4921875 0.23515625 0.259375
2 0.5015625 0.79921875 0.97734375 0.240625