2 0.86796875 0.50625 0.2375 0.29375
4 0.0859375 0.5046875 0.11171875 0.0359375
2 0.25390625 0.2171875 0.48203125 0.2359375
4 0.81171875 0.4734375 0.084375 0.0328125
4 0.55390625 0.15703125 0.05546875 0.0375
4 0.55546875 0.4203125 0.06875 0.0375
4 0.178125 0.80078125 0.309375 0.0453125
4 0.17734375 0.21484375 0.30078125 0.0359375
4 0.68515625 0.21640625 0.325 0.0453125
4 0.30703125 0.4203125 0.0640625 0.03828125
4 0.05703125 0.74296875 0.05546875 0.03359375
4 0.5015625 0.98125 0.12734375 0.03671875
0 0.5484375 0.565625 0.0609375 0.06484375
4 0.79609375 0.42421875 0.05546875 0.04140625
4 0.0546875 0.42421875 0.0546875 0.03515625
4 0.05546875 0.15859375 0.05390625 0.0375
0 0.8 0.59296875 0.07109375 0.06015625
0 0.053125 0.853125 0.0625 0.06484375
0 0.05234375 0.03984375 0.065625 0.0734375
0 0.1984375 0.0390625 0.0765625 0.0765625
0 0.553125 0.26875 0.06328125 0.0640625
0 0.12109375 0.03984375 0.06953125 0.07578125
0 0.05546875 0.56484375 0.06796875 0.06484375
0 0.05546875 0.26796875 0.06640625 0.0609375
0 0.30703125 0.5640625 0.0703125 0.06015625
4 0.12734375 0.4796875 0.203125 0.03671875
4 0.37109375 0.47734375 0.18671875 0.03203125
4 0.3359375 0.50546875 0.125 0.025
4 0.621875 0.4796875 0.19609375 0.0296875
4 0.57421875 0.51015625 0.1078125 0.0296875
4 0.8390625 0.5109375 0.1421875 0.03125
4 0.803125 0.54140625 0.06953125 0.021875
2 0.7484375 0.21640625 0.47734375 0.234375
2 0.12890625 0.4890625 0.234375 0.26171875
2 0.3765625 0.49140625 0.2375 0.25625
2 0.62265625 0.4921875 0.23515625 0.259375
2 0.4984375 0.79921875 0.97734375 0.240625