2 0.50703125 0.49921875 0.9859375 0.97734375
4 0.28046875 0.04140625 0.25703125 0.053125
4 0.36328125 0.11640625 0.40703125 0.053125
4 0.328125 0.2046875 0.278125 0.05625
4 0.3265625 0.278125 0.26484375 0.0546875
4 0.3046875 0.37421875 0.23125 0.0453125
4 0.334375 0.484375 0.3984375 0.06015625
4 0.35390625 0.590625 0.20703125 0.04921875
4 0.43515625 0.6453125 0.39296875 0.0578125
4 0.36640625 0.7234375 0.259375 0.05859375
4 0.4234375 0.78828125 0.36875 0.065625
4 0.34296875 0.86640625 0.2 0.04921875
4 0.4296875 0.940625 0.38515625 0.06796875
5 0.20859375 0.58984375 0.06875 0.05234375
5 0.2046875 0.73125 0.05390625 0.05234375
5 0.203125 0.87421875 0.0609375 0.0390625
7 0.67421875 0.2046875 0.36640625 0.06796875
7 0.68046875 0.2875 0.36484375 0.065625
7 0.675 0.37734375 0.36484375 0.0625