4 0.56953125 0.7703125 0.10390625 0.03671875
2 0.87109375 0.7703125 0.23671875 0.29765625
4 0.80546875 0.73359375 0.071875 0.028125
4 0.55625 0.15859375 0.06015625 0.0421875
4 0.67421875 0.215625 0.29375 0.0375
4 0.5515625 0.684375 0.05234375 0.04609375
4 0.06328125 0.73515625 0.0734375 0.02734375
4 0.79140625 0.8 0.0484375 0.028125
2 0.2515625 0.2171875 0.4890625 0.23515625
4 0.790625 0.6828125 0.04140625 0.03125
4 0.05625 0.4203125 0.05859375 0.0359375
4 0.3015625 0.68515625 0.046875 0.03515625
0 0.5453125 0.825 0.04765625 0.059375
4 0.0578125 0.68203125 0.05859375 0.0359375
4 0.175 0.4765625 0.29375 0.040625
4 0.175 0.21875 0.2921875 0.03359375
4 0.503125 0.98125 0.12578125 0.0375
0 0.7953125 0.853125 0.0546875 0.05546875
4 0.05859375 0.1578125 0.05859375 0.0359375
0 0.0546875 0.27265625 0.05546875 0.0625
0 0.1140625 0.040625 0.06484375 0.0734375
0 0.30546875 0.825 0.0671875 0.0609375
0 0.1890625 0.03984375 0.06953125 0.075
0 0.05 0.03828125 0.06328125 0.07265625
0 0.06171875 0.5296875 0.07265625 0.06171875
0 0.05234375 0.8265625 0.059375 0.06015625
0 0.328125 0.0390625 0.07421875 0.07578125
0 0.55859375 0.26640625 0.0734375 0.06640625
0 0.25703125 0.03984375 0.05859375 0.07734375
4 0.1328125 0.771875 0.21796875 0.03203125
4 0.37734375 0.73828125 0.2015625 0.02578125
4 0.33828125 0.771875 0.12734375 0.03046875
4 0.61640625 0.74296875 0.18046875 0.0296875
4 0.8671875 0.771875 0.20625 0.03046875
2 0.74921875 0.21484375 0.47890625 0.24765625
2 0.49765625 0.478125 0.978125 0.23125
2 0.13046875 0.7546875 0.23671875 0.2625
2 0.37421875 0.75078125 0.2359375 0.25859375
2 0.621875 0.75234375 0.234375 0.265625