4 0.43046875 0.7703125 0.10390625 0.03671875
2 0.12890625 0.7703125 0.23671875 0.29765625
4 0.19453125 0.73359375 0.071875 0.028125
4 0.44375 0.15859375 0.06015625 0.0421875
4 0.32578125 0.215625 0.29375 0.0375
4 0.4484375 0.684375 0.05234375 0.04609375
4 0.93671875 0.73515625 0.0734375 0.02734375
4 0.20859375 0.8 0.0484375 0.028125
2 0.7484375 0.2171875 0.4890625 0.23515625
4 0.209375 0.6828125 0.04140625 0.03125
4 0.94375 0.4203125 0.05859375 0.0359375
4 0.6984375 0.68515625 0.046875 0.03515625
0 0.4546875 0.825 0.04765625 0.059375
4 0.9421875 0.68203125 0.05859375 0.0359375
4 0.825 0.4765625 0.29375 0.040625
4 0.825 0.21875 0.2921875 0.03359375
4 0.496875 0.98125 0.12578125 0.0375
0 0.2046875 0.853125 0.0546875 0.05546875
4 0.94140625 0.1578125 0.05859375 0.0359375
0 0.9453125 0.27265625 0.05546875 0.0625
0 0.8859375 0.040625 0.06484375 0.0734375
0 0.69453125 0.825 0.0671875 0.0609375
0 0.8109375 0.03984375 0.06953125 0.075
0 0.95 0.03828125 0.06328125 0.07265625
0 0.93828125 0.5296875 0.07265625 0.06171875
0 0.94765625 0.8265625 0.059375 0.06015625
0 0.671875 0.0390625 0.07421875 0.07578125
0 0.44140625 0.26640625 0.0734375 0.06640625
0 0.74296875 0.03984375 0.05859375 0.07734375
4 0.8671875 0.771875 0.21796875 0.03203125
4 0.62265625 0.73828125 0.2015625 0.02578125
4 0.66171875 0.771875 0.12734375 0.03046875
4 0.38359375 0.74296875 0.18046875 0.0296875
4 0.1328125 0.771875 0.20625 0.03046875
2 0.25078125 0.21484375 0.47890625 0.24765625
2 0.50234375 0.478125 0.978125 0.23125
2 0.86953125 0.7546875 0.23671875 0.2625
2 0.62578125 0.75078125 0.2359375 0.25859375
2 0.378125 0.75234375 0.234375 0.265625