4 0.10390625 0.2484375 0.159375 0.02265625
4 0.18125 0.5390625 0.30390625 0.028125
2 0.86953125 0.25078125 0.234375 0.2953125
4 0.54765625 0.16328125 0.05390625 0.034375
4 0.8109375 0.2140625 0.08671875 0.0328125
0 0.2953125 0.3078125 0.04296875 0.05859375
0 0.54921875 0.3046875 0.05625 0.06484375
4 0.0578125 0.48359375 0.05234375 0.034375
0 0.0625 0.5921875 0.071875 0.0640625
4 0.30546875 0.16484375 0.0578125 0.03359375
4 0.79765625 0.165625 0.05546875 0.04453125
4 0.5015625 0.728125 0.13125 0.05078125
4 0.0515625 0.1640625 0.04609375 0.03515625
0 0.06328125 0.3046875 0.0796875 0.06640625
0 0.12109375 0.040625 0.06484375 0.075
0 0.79921875 0.334375 0.0671875 0.06328125
0 0.28046875 0.0390625 0.07578125 0.0734375
0 0.2 0.0375 0.07734375 0.071875
0 0.36171875 0.0375 0.07578125 0.07421875
0 0.05234375 0.03828125 0.06640625 0.071875
4 0.10859375 0.21796875 0.16015625 0.028125
4 0.33984375 0.215625 0.134375 0.02265625
4 0.35546875 0.25 0.16484375 0.0359375
4 0.61796875 0.2203125 0.184375 0.02890625
4 0.5859375 0.2484375 0.125 0.02734375
4 0.86171875 0.24921875 0.18359375 0.034375
4 0.78203125 0.2828125 0.03671875 0.03359375
2 0.1296875 0.2328125 0.2390625 0.2640625
2 0.37578125 0.2296875 0.2359375 0.2546875
2 0.625 0.23203125 0.23359375 0.26484375
2 0.5015625 0.54609375 0.97578125 0.2390625