2 0.48828125 0.48984375 0.96171875 0.95703125
4 0.78828125 0.04921875 0.26640625 0.0890625
4 0.83203125 0.178125 0.1140625 0.06953125
4 0.78046875 0.27265625 0.24140625 0.06953125
4 0.7796875 0.35703125 0.2546875 0.06953125
4 0.3453125 0.30234375 0.11640625 0.06171875
4 0.3578125 0.39609375 0.12265625 0.07421875
4 0.1015625 0.31640625 0.1234375 0.07109375
4 0.10625 0.415625 0.15390625 0.0828125
4 0.7640625 0.50546875 0.30703125 0.0875
4 0.82421875 0.61875 0.134375 0.06953125
4 0.6734375 0.74921875 0.3015625 0.0765625
4 0.68125 0.8421875 0.30859375 0.084375
5 0.87109375 0.73046875 0.0453125 0.06328125
5 0.87734375 0.84453125 0.04296875 0.04765625
4 0.27890625 0.65 0.25859375 0.05546875
4 0.0875 0.65625 0.075 0.05546875
4 0.08671875 0.56796875 0.0765625 0.05703125
4 0.29609375 0.7640625 0.19296875 0.07421875
4 0.30078125 0.8640625 0.21328125 0.078125
4 0.1046875 0.76953125 0.09765625 0.0765625
4 0.11875 0.865625 0.07265625 0.078125