4 0.5109375 0.0609375 0.91875 0.08984375
4 0.31953125 0.19453125 0.390625 0.0609375
4 0.26015625 0.2984375 0.25390625 0.075
4 0.34609375 0.43046875 0.43671875 0.071875
4 0.321875 0.52734375 0.58125 0.071875
4 0.234375 0.61640625 0.44609375 0.0640625
7 0.46171875 0.7046875 0.88359375 0.1015625
6 0.17109375 0.86953125 0.290625 0.0609375
6 0.490625 0.87109375 0.2296875 0.0640625
4 0.79921875 0.79609375 0.15390625 0.05078125
4 0.2484375 0.7953125 0.46640625 0.0640625
5 0.084375 0.20546875 0.07578125 0.0609375
5 0.0765625 0.30859375 0.06484375 0.05234375
5 0.06640625 0.4234375 0.059375 0.0734375
0 0.48125 0.953125 0.3703125 0.09296875
7 0.81484375 0.865625 0.21875 0.0734375