4 0.959375 0.28359375 0.021875 0.0234375
2 0.3765625 0.2296875 0.234375 0.26328125
2 0.621875 0.2296875 0.23515625 0.2671875
2 0.87265625 0.246875 0.23515625 0.30234375
4 0.81796875 0.54140625 0.30234375 0.03125
2 0.12890625 0.2359375 0.2390625 0.2875
4 0.32734375 0.79921875 0.2890625 0.04921875
4 0.92734375 0.2125 0.0921875 0.0328125
4 0.44765625 0.1640625 0.0578125 0.03515625
4 0.80546875 0.8 0.33515625 0.03203125
4 0.44609375 0.7421875 0.05625 0.034375
0 0.44921875 0.8515625 0.05 0.0640625
4 0.19375 0.16328125 0.06484375 0.04453125
4 0.6953125 0.1625 0.05390625 0.0390625
0 0.19921875 0.3078125 0.06171875 0.0609375
4 0.94375 0.73984375 0.05703125 0.04140625
4 0.94765625 0.4859375 0.04609375 0.03671875
4 0.49765625 0.98046875 0.1296875 0.03828125
4 0.9453125 0.1625 0.05234375 0.03671875
0 0.8859375 0.03671875 0.0609375 0.07265625
0 0.93828125 0.58984375 0.071875 0.06015625
0 0.44453125 0.30546875 0.071875 0.0640625
0 0.815625 0.0390625 0.07265625 0.075
0 0.9390625 0.85078125 0.07265625 0.0578125
0 0.7328125 0.0390625 0.0796875 0.0734375
0 0.95 0.03828125 0.06171875 0.0734375
0 0.95 0.33515625 0.06015625 0.06796875
0 0.6921875 0.3046875 0.06875 0.0625
4 0.86875 0.2484375 0.215625 0.03515625
4 0.63046875 0.2171875 0.18359375 0.0359375
4 0.67265625 0.24609375 0.1046875 0.02890625
4 0.3921875 0.21640625 0.175 0.03125
4 0.4125 0.2515625 0.13828125 0.040625
4 0.17265625 0.21875 0.11484375 0.0328125
4 0.13359375 0.25234375 0.19140625 0.03515625
2 0.5 0.5421875 0.9828125 0.2375
2 0.7484375 0.803125 0.48359375 0.23984375
2 0.2515625 0.80234375 0.4796875 0.23828125