4 0.4421875 0.76640625 0.06328125 0.02890625
2 0.62578125 0.75234375 0.23046875 0.26328125
4 0.2015625 0.68203125 0.06171875 0.0328125
4 0.89609375 0.7359375 0.14765625 0.0390625
2 0.50078125 0.21171875 0.98203125 0.25546875
4 0.45234375 0.68125 0.0515625 0.03515625
4 0.68515625 0.76875 0.071875 0.03359375
4 0.1890625 0.76875 0.0796875 0.034375
0 0.1984375 0.82578125 0.06328125 0.06015625
4 0.4453125 0.41640625 0.06015625 0.040625
0 0.4484375 0.8265625 0.05546875 0.06171875
4 0.32421875 0.4796875 0.3078125 0.03984375
4 0.8203125 0.21640625 0.31015625 0.0625
4 0.94453125 0.41796875 0.0515625 0.03515625
4 0.94453125 0.1609375 0.0546875 0.03671875
0 0.95078125 0.8265625 0.05546875 0.06171875
4 0.81640625 0.48203125 0.31484375 0.0421875
4 0.9453125 0.68515625 0.053125 0.0390625
0 0.93671875 0.27109375 0.071875 0.06328125
0 0.6921875 0.82421875 0.071875 0.05859375
0 0.9484375 0.52890625 0.0609375 0.06015625
4 0.4984375 0.95546875 0.134375 0.05703125
0 0.8671875 0.03828125 0.07421875 0.075
0 0.78125 0.03984375 0.0828125 0.078125
0 0.44296875 0.528125 0.06875 0.0609375
0 0.9453125 0.03984375 0.0734375 0.071875
4 0.61953125 0.73671875 0.21015625 0.03515625
4 0.7 0.68984375 0.04296875 0.05078125
4 0.3796875 0.73671875 0.196875 0.03984375
4 0.13203125 0.73671875 0.20078125 0.0328125
4 0.89375 0.77421875 0.1578125 0.03671875
2 0.75 0.4796875 0.48125 0.23984375
2 0.2515625 0.4828125 0.47734375 0.25
2 0.87109375 0.75078125 0.23359375 0.25546875
2 0.37890625 0.7515625 0.23671875 0.26328125
2 0.1296875 0.75546875 0.2375 0.2625