4 0.5578125 0.76640625 0.06328125 0.02890625
2 0.37421875 0.75234375 0.23046875 0.26328125
4 0.7984375 0.68203125 0.06171875 0.0328125
4 0.10390625 0.7359375 0.14765625 0.0390625
2 0.49921875 0.21171875 0.98203125 0.25546875
4 0.54765625 0.68125 0.0515625 0.03515625
4 0.31484375 0.76875 0.071875 0.03359375
4 0.8109375 0.76875 0.0796875 0.034375
0 0.8015625 0.82578125 0.06328125 0.06015625
4 0.5546875 0.41640625 0.06015625 0.040625
0 0.5515625 0.8265625 0.05546875 0.06171875
4 0.67578125 0.4796875 0.3078125 0.03984375
4 0.1796875 0.21640625 0.31015625 0.0625
4 0.05546875 0.41796875 0.0515625 0.03515625
4 0.05546875 0.1609375 0.0546875 0.03671875
0 0.04921875 0.8265625 0.05546875 0.06171875
4 0.18359375 0.48203125 0.31484375 0.0421875
4 0.0546875 0.68515625 0.053125 0.0390625
0 0.06328125 0.27109375 0.071875 0.06328125
0 0.3078125 0.82421875 0.071875 0.05859375
0 0.0515625 0.52890625 0.0609375 0.06015625
4 0.5015625 0.95546875 0.134375 0.05703125
0 0.1328125 0.03828125 0.07421875 0.075
0 0.21875 0.03984375 0.0828125 0.078125
0 0.55703125 0.528125 0.06875 0.0609375
0 0.0546875 0.03984375 0.0734375 0.071875
4 0.38046875 0.73671875 0.21015625 0.03515625
4 0.3 0.68984375 0.04296875 0.05078125
4 0.6203125 0.73671875 0.196875 0.03984375
4 0.86796875 0.73671875 0.20078125 0.0328125
4 0.10625 0.77421875 0.1578125 0.03671875
2 0.25 0.4796875 0.48125 0.23984375
2 0.7484375 0.4828125 0.47734375 0.25
2 0.12890625 0.75078125 0.23359375 0.25546875
2 0.62109375 0.7515625 0.23671875 0.26328125
2 0.8703125 0.75546875 0.2375 0.2625