2 0.74921875 0.4828125 0.478125 0.24609375
2 0.13125 0.7578125 0.23671875 0.284375
4 0.89296875 0.73671875 0.15390625 0.025
2 0.503125 0.21328125 0.9921875 0.26171875
4 0.6921875 0.68046875 0.06484375 0.0375
0 0.7 0.82734375 0.05078125 0.05859375
4 0.2 0.68359375 0.06328125 0.0421875
4 0.328125 0.47890625 0.290625 0.04375
4 0.44453125 0.4171875 0.0671875 0.0375
4 0.83046875 0.21953125 0.28671875 0.03515625
4 0.93984375 0.41875 0.05859375 0.03515625
4 0.45 0.68203125 0.0609375 0.03828125
4 0.94296875 0.68359375 0.06015625 0.0359375
4 0.8109375 0.47890625 0.3296875 0.040625
4 0.94765625 0.16328125 0.04921875 0.040625
4 0.4984375 0.95546875 0.134375 0.05859375
0 0.1984375 0.825 0.07109375 0.05859375
0 0.940625 0.27109375 0.0671875 0.0609375
0 0.71171875 0.0390625 0.0703125 0.0765625
0 0.94140625 0.825 0.07109375 0.06171875
0 0.7921875 0.040625 0.07734375 0.07734375
0 0.4453125 0.52890625 0.06640625 0.0625
0 0.63359375 0.040625 0.07890625 0.0765625
0 0.87109375 0.03984375 0.07421875 0.075
0 0.44453125 0.8234375 0.071875 0.06328125
0 0.940625 0.52734375 0.071875 0.06328125
0 0.946875 0.03984375 0.06796875 0.0703125
4 0.8984375 0.7703125 0.14609375 0.03125
4 0.6515625 0.7375 0.146875 0.028125
4 0.6484375 0.7703125 0.1578125 0.03125
4 0.378125 0.7375 0.20234375 0.0359375
4 0.4296875 0.76796875 0.09921875 0.03046875
4 0.14609375 0.7375 0.17265625 0.03125
4 0.16015625 0.76796875 0.14140625 0.03046875
2 0.2515625 0.4765625 0.4765625 0.24140625
2 0.8703125 0.75234375 0.23515625 0.265625
2 0.62421875 0.753125 0.2359375 0.26484375
2 0.37578125 0.753125 0.234375 0.2625