2 0.25078125 0.4828125 0.478125 0.24609375
2 0.86875 0.7578125 0.23671875 0.284375
4 0.10703125 0.73671875 0.15390625 0.025
2 0.496875 0.21328125 0.9921875 0.26171875
4 0.3078125 0.68046875 0.06484375 0.0375
0 0.3 0.82734375 0.05078125 0.05859375
4 0.8 0.68359375 0.06328125 0.0421875
4 0.671875 0.47890625 0.290625 0.04375
4 0.55546875 0.4171875 0.0671875 0.0375
4 0.16953125 0.21953125 0.28671875 0.03515625
4 0.06015625 0.41875 0.05859375 0.03515625
4 0.55 0.68203125 0.0609375 0.03828125
4 0.05703125 0.68359375 0.06015625 0.0359375
4 0.1890625 0.47890625 0.3296875 0.040625
4 0.05234375 0.16328125 0.04921875 0.040625
4 0.5015625 0.95546875 0.134375 0.05859375
0 0.8015625 0.825 0.07109375 0.05859375
0 0.059375 0.27109375 0.0671875 0.0609375
0 0.28828125 0.0390625 0.0703125 0.0765625
0 0.05859375 0.825 0.07109375 0.06171875
0 0.2078125 0.040625 0.07734375 0.07734375
0 0.5546875 0.52890625 0.06640625 0.0625
0 0.36640625 0.040625 0.07890625 0.0765625
0 0.12890625 0.03984375 0.07421875 0.075
0 0.55546875 0.8234375 0.071875 0.06328125
0 0.059375 0.52734375 0.071875 0.06328125
0 0.053125 0.03984375 0.06796875 0.0703125
4 0.1015625 0.7703125 0.14609375 0.03125
4 0.3484375 0.7375 0.146875 0.028125
4 0.3515625 0.7703125 0.1578125 0.03125
4 0.621875 0.7375 0.20234375 0.0359375
4 0.5703125 0.76796875 0.09921875 0.03046875
4 0.85390625 0.7375 0.17265625 0.03125
4 0.83984375 0.76796875 0.14140625 0.03046875
2 0.7484375 0.4765625 0.4765625 0.24140625
2 0.1296875 0.75234375 0.23515625 0.265625
2 0.37578125 0.753125 0.2359375 0.26484375
2 0.62421875 0.753125 0.234375 0.2625