2 0.62109375 0.7546875 0.2296875 0.2625
2 0.12734375 0.7484375 0.2390625 0.2703125
4 0.90859375 0.775 0.12578125 0.0359375
2 0.7453125 0.4828125 0.49140625 0.240625
4 0.3234375 0.47890625 0.3015625 0.0359375
4 0.4515625 0.68125 0.053125 0.0359375
0 0.4515625 0.52890625 0.05859375 0.0625
4 0.69609375 0.6828125 0.0578125 0.03515625
4 0.44453125 0.41875 0.0625 0.03984375
4 0.81328125 0.21953125 0.31328125 0.040625
0 0.4515625 0.82578125 0.06015625 0.065625
4 0.9453125 0.68515625 0.053125 0.0359375
4 0.94296875 0.1625 0.059375 0.03515625
0 0.20546875 0.8265625 0.0578125 0.06171875
4 0.9453125 0.41953125 0.05390625 0.0359375
0 0.946875 0.27265625 0.06015625 0.06328125
4 0.81796875 0.47890625 0.3078125 0.04765625
4 0.4984375 0.95546875 0.134375 0.05703125
0 0.940625 0.03984375 0.078125 0.075
0 0.69296875 0.82421875 0.0703125 0.0609375
0 0.940625 0.52890625 0.07265625 0.06328125
0 0.809375 0.040625 0.05625 0.075
0 0.9421875 0.825 0.07109375 0.065625
0 0.86640625 0.04296875 0.0515625 0.075
0 0.74453125 0.03984375 0.071875 0.075
4 0.88515625 0.740625 0.178125 0.04140625
4 0.62421875 0.73828125 0.19765625 0.03515625
4 0.66953125 0.7734375 0.1140625 0.03515625
4 0.3734375 0.74296875 0.20546875 0.03515625
4 0.42421875 0.77265625 0.10390625 0.02890625
4 0.15234375 0.734375 0.1609375 0.03515625
4 0.16171875 0.76640625 0.146875 0.04140625
2 0.5 0.22421875 0.984375 0.23125
2 0.24921875 0.4765625 0.484375 0.23828125
2 0.87109375 0.75 0.23203125 0.2609375
2 0.375 0.75546875 0.23125 0.2671875