2 0.1328125 0.75546875 0.234375 0.27265625
4 0.0859375 0.734375 0.10625 0.0296875
4 0.68046875 0.215625 0.3109375 0.0484375
2 0.87109375 0.753125 0.240625 0.26953125
2 0.25078125 0.21875 0.4796875 0.23359375
4 0.6046875 0.73828125 0.16171875 0.0328125
4 0.5578125 0.15546875 0.06484375 0.03984375
4 0.18828125 0.47421875 0.31640625 0.03515625
4 0.05703125 0.684375 0.053125 0.03828125
4 0.79453125 0.68203125 0.053125 0.03828125
4 0.546875 0.6828125 0.0453125 0.03984375
4 0.18203125 0.2171875 0.309375 0.03671875
4 0.30234375 0.68203125 0.053125 0.0359375
4 0.0609375 0.16484375 0.06328125 0.0390625
4 0.06171875 0.425 0.06328125 0.03515625
0 0.80078125 0.825 0.06171875 0.0609375
0 0.55234375 0.825 0.059375 0.065625
4 0.5015625 0.95546875 0.13515625 0.05703125
0 0.1359375 0.0390625 0.08046875 0.075
0 0.0546875 0.53046875 0.0578125 0.05703125
0 0.5578125 0.26640625 0.07109375 0.06171875
0 0.30078125 0.82578125 0.06171875 0.06484375
0 0.05234375 0.82578125 0.0640625 0.06484375
0 0.05546875 0.03984375 0.07421875 0.07109375
0 0.06015625 0.265625 0.06875 0.0625
4 0.115625 0.77265625 0.17265625 0.03984375
4 0.3515625 0.73828125 0.15546875 0.0296875
4 0.3375 0.771875 0.1234375 0.0375
4 0.86015625 0.7375 0.1859375 0.028125
4 0.83203125 0.771875 0.1296875 0.03203125
4 0.60859375 0.76796875 0.1734375 0.03515625
2 0.7484375 0.21640625 0.48125 0.23828125
2 0.49765625 0.48203125 0.9796875 0.23515625
2 0.378125 0.75078125 0.2375 0.26484375
2 0.6234375 0.7546875 0.2328125 0.265625