2 0.8671875 0.7546875 0.2296875 0.2828125
2 0.13046875 0.74921875 0.240625 0.27578125
2 0.6203125 0.75078125 0.228125 0.26484375
4 0.43828125 0.734375 0.07421875 0.0328125
2 0.37578125 0.75 0.2421875 0.27109375
4 0.44609375 0.41875 0.05546875 0.0421875
4 0.32578125 0.4765625 0.29609375 0.05234375
4 0.20234375 0.6796875 0.05390625 0.040625
4 0.79453125 0.21640625 0.359375 0.06640625
4 0.69375 0.6828125 0.06015625 0.0375
0 0.7 0.825 0.0609375 0.06484375
4 0.4515625 0.68828125 0.046875 0.03671875
0 0.203125 0.82578125 0.0609375 0.05859375
0 0.44921875 0.8265625 0.0578125 0.06484375
4 0.825 0.47578125 0.28515625 0.04296875
4 0.94453125 0.1625 0.05390625 0.03828125
4 0.9453125 0.68125 0.05703125 0.0421875
4 0.9421875 0.41875 0.0578125 0.03515625
4 0.4984375 0.95546875 0.13515625 0.05703125
0 0.67578125 0.03984375 0.06015625 0.075
0 0.44140625 0.52734375 0.07109375 0.0609375
0 0.7390625 0.040625 0.059375 0.075
0 0.940625 0.52734375 0.06953125 0.06015625
0 0.9421875 0.27109375 0.06796875 0.0609375
0 0.80703125 0.040625 0.0703125 0.075
0 0.9453125 0.03984375 0.07109375 0.0703125
0 0.875 0.0390625 0.06328125 0.075
0 0.94453125 0.825 0.06875 0.0640625
4 0.88203125 0.7375 0.18359375 0.03828125
4 0.91796875 0.76796875 0.1078125 0.02734375
4 0.66875 0.7390625 0.1171875 0.0375
4 0.63203125 0.7703125 0.18359375 0.03515625
4 0.3703125 0.7734375 0.2140625 0.04140625
4 0.16875 0.7390625 0.13046875 0.028125
4 0.14609375 0.77109375 0.18125 0.04140625
2 0.5 0.225 0.98515625 0.23046875
2 0.7484375 0.47890625 0.4828125 0.23828125
2 0.2546875 0.47890625 0.47734375 0.24375