2 0.1328125 0.7546875 0.2296875 0.2828125
2 0.86953125 0.74921875 0.240625 0.27578125
2 0.3796875 0.75078125 0.228125 0.26484375
4 0.56171875 0.734375 0.07421875 0.0328125
2 0.62421875 0.75 0.2421875 0.27109375
4 0.55390625 0.41875 0.05546875 0.0421875
4 0.67421875 0.4765625 0.29609375 0.05234375
4 0.79765625 0.6796875 0.05390625 0.040625
4 0.20546875 0.21640625 0.359375 0.06640625
4 0.30625 0.6828125 0.06015625 0.0375
0 0.3 0.825 0.0609375 0.06484375
4 0.5484375 0.68828125 0.046875 0.03671875
0 0.796875 0.82578125 0.0609375 0.05859375
0 0.55078125 0.8265625 0.0578125 0.06484375
4 0.175 0.47578125 0.28515625 0.04296875
4 0.05546875 0.1625 0.05390625 0.03828125
4 0.0546875 0.68125 0.05703125 0.0421875
4 0.0578125 0.41875 0.0578125 0.03515625
4 0.5015625 0.95546875 0.13515625 0.05703125
0 0.32421875 0.03984375 0.06015625 0.075
0 0.55859375 0.52734375 0.07109375 0.0609375
0 0.2609375 0.040625 0.059375 0.075
0 0.059375 0.52734375 0.06953125 0.06015625
0 0.0578125 0.27109375 0.06796875 0.0609375
0 0.19296875 0.040625 0.0703125 0.075
0 0.0546875 0.03984375 0.07109375 0.0703125
0 0.125 0.0390625 0.06328125 0.075
0 0.05546875 0.825 0.06875 0.0640625
4 0.11796875 0.7375 0.18359375 0.03828125
4 0.08203125 0.76796875 0.1078125 0.02734375
4 0.33125 0.7390625 0.1171875 0.0375
4 0.36796875 0.7703125 0.18359375 0.03515625
4 0.6296875 0.7734375 0.2140625 0.04140625
4 0.83125 0.7390625 0.13046875 0.028125
4 0.85390625 0.77109375 0.18125 0.04140625
2 0.5 0.225 0.98515625 0.23046875
2 0.2515625 0.47890625 0.4828125 0.23828125
2 0.7453125 0.47890625 0.47734375 0.24375