2 0.496875 0.4984375 0.99296875 0.98359375
4 0.78203125 0.05703125 0.284375 0.09453125
4 0.803125 0.1890625 0.21640625 0.06640625
4 0.38828125 0.19375 0.18359375 0.0625
4 0.8390625 0.3859375 0.109375 0.0609375
4 0.42734375 0.384375 0.12578125 0.05859375
4 0.83046875 0.58125 0.11484375 0.0625
4 0.4375 0.571875 0.08984375 0.0515625
4 0.85 0.7515625 0.07265625 0.046875
4 0.40859375 0.7359375 0.14375 0.046875
7 0.7203125 0.2765625 0.38203125 0.1
7 0.26171875 0.265625 0.45546875 0.084375
7 0.7171875 0.46640625 0.365625 0.0859375
7 0.2640625 0.45546875 0.46796875 0.08046875
6 0.709375 0.64140625 0.35234375 0.075
6 0.2671875 0.63125 0.440625 0.0734375
6 0.70546875 0.809375 0.37421875 0.0640625
7 0.38671875 0.79296875 0.209375 0.06953125
0 0.6859375 0.93828125 0.40546875 0.10390625
0 0.25859375 0.91953125 0.409375 0.096875