2 0.503125 0.4984375 0.99296875 0.98359375
4 0.21796875 0.05703125 0.284375 0.09453125
4 0.196875 0.1890625 0.21640625 0.06640625
4 0.61171875 0.19375 0.18359375 0.0625
4 0.1609375 0.3859375 0.109375 0.0609375
4 0.57265625 0.384375 0.12578125 0.05859375
4 0.16953125 0.58125 0.11484375 0.0625
4 0.5625 0.571875 0.08984375 0.0515625
4 0.15 0.7515625 0.07265625 0.046875
4 0.59140625 0.7359375 0.14375 0.046875
7 0.2796875 0.2765625 0.38203125 0.1
7 0.73828125 0.265625 0.45546875 0.084375
7 0.2828125 0.46640625 0.365625 0.0859375
7 0.7359375 0.45546875 0.46796875 0.08046875
6 0.290625 0.64140625 0.35234375 0.075
6 0.7328125 0.63125 0.440625 0.0734375
6 0.29453125 0.809375 0.37421875 0.0640625
7 0.61328125 0.79296875 0.209375 0.06953125
0 0.3140625 0.93828125 0.40546875 0.10390625
0 0.74140625 0.91953125 0.409375 0.096875