2 0.37890625 0.753125 0.24375 0.259375
2 0.246875 0.47421875 0.484375 0.23046875
2 0.865625 0.7546875 0.2296875 0.2765625
4 0.4484375 0.41875 0.0546875 0.040625
4 0.69765625 0.6828125 0.05546875 0.03828125
4 0.44609375 0.684375 0.0703125 0.04375
4 0.20234375 0.6796875 0.0578125 0.040625
0 0.44921875 0.5296875 0.05390625 0.05859375
0 0.94765625 0.27109375 0.05703125 0.06171875
4 0.9453125 0.684375 0.05546875 0.034375
4 0.8171875 0.21640625 0.31640625 0.0359375
4 0.3109375 0.47578125 0.321875 0.03671875
4 0.94453125 0.41796875 0.0546875 0.03828125
0 0.20078125 0.825 0.059375 0.06171875
4 0.81796875 0.4765625 0.303125 0.03515625
0 0.4484375 0.8265625 0.05859375 0.06484375
4 0.4984375 0.9546875 0.134375 0.0578125
4 0.93828125 0.1609375 0.06640625 0.0390625
0 0.9421875 0.03828125 0.078125 0.0734375
0 0.86640625 0.03984375 0.071875 0.07734375
0 0.69375 0.82421875 0.06953125 0.06171875
0 0.9484375 0.82578125 0.06328125 0.06328125
0 0.94375 0.52890625 0.06875 0.0640625
0 0.7953125 0.03984375 0.06328125 0.07578125
4 0.90703125 0.73671875 0.1328125 0.03515625
4 0.8796875 0.771875 0.1859375 0.03203125
4 0.62421875 0.74296875 0.2078125 0.0296875
4 0.67578125 0.76640625 0.103125 0.02734375
4 0.3984375 0.74140625 0.165625 0.03359375
4 0.4046875 0.77421875 0.15546875 0.0328125
4 0.13203125 0.73984375 0.20078125 0.0328125
4 0.1828125 0.7703125 0.10078125 0.034375
2 0.49765625 0.22421875 0.98125 0.23359375
2 0.75 0.475 0.4765625 0.234375
2 0.62421875 0.74921875 0.22890625 0.259375
2 0.13125 0.753125 0.23125 0.26484375