2 0.378125 0.22890625 0.24140625 0.26171875
4 0.09453125 0.240625 0.1265625 0.03515625
3 0.13515625 0.03984375 0.0765625 0.0765625
2 0.2546875 0.5109375 0.4890625 0.2515625
2 0.8734375 0.2296875 0.22734375 0.28203125
4 0.19140625 0.7640625 0.32890625 0.03984375
2 0.13046875 0.23046875 0.24140625 0.2640625
4 0.5484375 0.44609375 0.046875 0.040625
4 0.55234375 0.70703125 0.059375 0.0375
4 0.79609375 0.16171875 0.0578125 0.03515625
4 0.68515625 0.765625 0.3203125 0.04375
4 0.5515625 0.1625 0.06328125 0.04140625
4 0.68203125 0.50625 0.3203125 0.04765625
4 0.18515625 0.5 0.3140625 0.04375
0 0.8 0.30625 0.06015625 0.06015625
0 0.5515625 0.81796875 0.053125 0.059375
4 0.059375 0.70703125 0.059375 0.04296875
0 0.546875 0.30546875 0.05859375 0.065625
4 0.0609375 0.44921875 0.06484375 0.03515625
0 0.55703125 0.55546875 0.071875 0.059375
4 0.50234375 0.953125 0.134375 0.05703125
4 0.05546875 0.1609375 0.05234375 0.03671875
0 0.05703125 0.55546875 0.06640625 0.059375
0 0.0578125 0.03828125 0.07734375 0.0703125
0 0.06015625 0.30390625 0.06953125 0.05859375
0 0.30703125 0.3046875 0.06796875 0.06015625
4 0.29921875 0.1640625 0.046875 0.03671875
0 0.059375 0.8171875 0.07109375 0.06171875
0 0.13515625 0.03828125 0.0734375 0.075
4 0.1234375 0.21875 0.18984375 0.0296875
4 0.34609375 0.21640625 0.13984375 0.034375
4 0.346875 0.24921875 0.1484375 0.03828125
4 0.596875 0.21875 0.15234375 0.0296875
4 0.596875 0.253125 0.15703125 0.0359375
4 0.8375 0.21796875 0.14140625 0.028125
4 0.86171875 0.25 0.18828125 0.03984375
2 0.62421875 0.2328125 0.23671875 0.2640625
2 0.75 0.509375 0.48125 0.2375
2 0.2515625 0.76640625 0.47578125 0.2375
2 0.75 0.76796875 0.48671875 0.23984375