2 0.1328125 0.746875 0.23671875 0.25234375
2 0.38046875 0.753125 0.22890625 0.265625
2 0.87109375 0.75234375 0.2296875 0.28203125
2 0.2515625 0.47578125 0.48671875 0.24375
4 0.5515625 0.68515625 0.0546875 0.0421875
4 0.559375 0.41796875 0.06484375 0.040625
4 0.190625 0.21875 0.31640625 0.0390625
4 0.67421875 0.4796875 0.3015625 0.04453125
4 0.30703125 0.6828125 0.06796875 0.04140625
4 0.18828125 0.478125 0.32109375 0.0421875
4 0.79609375 0.6828125 0.05234375 0.0390625
0 0.79921875 0.82578125 0.06171875 0.06015625
0 0.5484375 0.82578125 0.05546875 0.065625
4 0.059375 0.16484375 0.05703125 0.0390625
4 0.06328125 0.684375 0.071875 0.03671875
4 0.5015625 0.95546875 0.13515625 0.05703125
0 0.55546875 0.52734375 0.06953125 0.06328125
0 0.05390625 0.52890625 0.06171875 0.06171875
4 0.05859375 0.4203125 0.0546875 0.034375
0 0.30625 0.82421875 0.06875 0.06015625
0 0.26953125 0.03984375 0.06796875 0.07734375
0 0.0609375 0.2703125 0.07109375 0.06328125
0 0.19296875 0.04140625 0.0734375 0.075
0 0.05234375 0.03984375 0.06640625 0.0734375
0 0.35390625 0.03828125 0.08046875 0.075
0 0.06015625 0.82421875 0.0734375 0.065625
0 0.11796875 0.04140625 0.06015625 0.075
4 0.128125 0.740625 0.20390625 0.0375
4 0.0859375 0.7734375 0.125 0.03515625
4 0.340625 0.73515625 0.1296875 0.0359375
4 0.3703125 0.771875 0.1890625 0.0375
4 0.6203125 0.73984375 0.19609375 0.02578125
4 0.57421875 0.765625 0.115625 0.0328125
4 0.8328125 0.7390625 0.1296875 0.03125
4 0.86640625 0.771875 0.2015625 0.03046875
2 0.49765625 0.22578125 0.984375 0.23515625
2 0.74453125 0.475 0.48125 0.23828125
2 0.62578125 0.74921875 0.23828125 0.259375