4 0.45 0.1578125 0.046875 0.04375
2 0.1296875 0.7515625 0.2296875 0.28671875
2 0.621875 0.74765625 0.2375 0.27265625
4 0.890625 0.740625 0.16328125 0.025
4 0.41640625 0.76796875 0.11640625 0.0390625
2 0.75 0.21484375 0.48359375 0.23125
2 0.25078125 0.215625 0.47890625 0.24765625
4 0.4484375 0.68203125 0.05859375 0.03828125
4 0.94140625 0.42421875 0.059375 0.03359375
4 0.94609375 0.16015625 0.05234375 0.03671875
4 0.20078125 0.68046875 0.0609375 0.03984375
4 0.821875 0.21171875 0.315625 0.06015625
4 0.8234375 0.47578125 0.3 0.04453125
4 0.94140625 0.684375 0.0625 0.0375
4 0.70390625 0.68359375 0.0453125 0.0375
0 0.94453125 0.53046875 0.06328125 0.059375
4 0.4984375 0.95546875 0.13515625 0.0578125
0 0.19609375 0.82265625 0.07421875 0.05859375
0 0.44921875 0.26875 0.059375 0.06328125
0 0.95234375 0.0390625 0.0515625 0.071875
0 0.44609375 0.82421875 0.071875 0.0609375
0 0.9390625 0.26640625 0.07421875 0.06171875
0 0.89296875 0.03984375 0.05859375 0.075
0 0.940625 0.82421875 0.071875 0.06015625
0 0.82890625 0.03984375 0.06796875 0.07578125
0 0.69375 0.825 0.071875 0.06328125
4 0.31171875 0.21953125 0.32265625 0.040625
4 0.65859375 0.73671875 0.1328125 0.02734375
4 0.64609375 0.77109375 0.1609375 0.02890625
4 0.384375 0.7359375 0.18984375 0.0359375
4 0.17265625 0.73515625 0.11796875 0.03125
4 0.13125 0.77109375 0.1984375 0.03125
4 0.9 0.77109375 0.1390625 0.03125
2 0.5 0.4796875 0.978125 0.2328125
2 0.8703125 0.753125 0.234375 0.26953125
2 0.3765625 0.74921875 0.23671875 0.265625