4 0.55 0.1578125 0.046875 0.04375
2 0.8703125 0.7515625 0.2296875 0.28671875
2 0.378125 0.74765625 0.2375 0.27265625
4 0.109375 0.740625 0.16328125 0.025
4 0.58359375 0.76796875 0.11640625 0.0390625
2 0.25 0.21484375 0.48359375 0.23125
2 0.74921875 0.215625 0.47890625 0.24765625
4 0.5515625 0.68203125 0.05859375 0.03828125
4 0.05859375 0.42421875 0.059375 0.03359375
4 0.05390625 0.16015625 0.05234375 0.03671875
4 0.79921875 0.68046875 0.0609375 0.03984375
4 0.178125 0.21171875 0.315625 0.06015625
4 0.1765625 0.47578125 0.3 0.04453125
4 0.05859375 0.684375 0.0625 0.0375
4 0.29609375 0.68359375 0.0453125 0.0375
0 0.05546875 0.53046875 0.06328125 0.059375
4 0.5015625 0.95546875 0.13515625 0.0578125
0 0.80390625 0.82265625 0.07421875 0.05859375
0 0.55078125 0.26875 0.059375 0.06328125
0 0.04765625 0.0390625 0.0515625 0.071875
0 0.55390625 0.82421875 0.071875 0.0609375
0 0.0609375 0.26640625 0.07421875 0.06171875
0 0.10703125 0.03984375 0.05859375 0.075
0 0.059375 0.82421875 0.071875 0.06015625
0 0.17109375 0.03984375 0.06796875 0.07578125
0 0.30625 0.825 0.071875 0.06328125
4 0.68828125 0.21953125 0.32265625 0.040625
4 0.34140625 0.73671875 0.1328125 0.02734375
4 0.35390625 0.77109375 0.1609375 0.02890625
4 0.615625 0.7359375 0.18984375 0.0359375
4 0.82734375 0.73515625 0.11796875 0.03125
4 0.86875 0.77109375 0.1984375 0.03125
4 0.1 0.77109375 0.1390625 0.03125
2 0.5 0.4796875 0.978125 0.2328125
2 0.1296875 0.753125 0.234375 0.26953125
2 0.6234375 0.74921875 0.23671875 0.265625