4 0.4703125 0.06640625 0.8171875 0.10546875
4 0.48671875 0.17734375 0.85234375 0.08828125
0 0.30234375 0.2578125 0.45546875 0.09765625
1 0.0828125 0.35546875 0.0859375 0.06171875
1 0.078125 0.46171875 0.0796875 0.06953125
1 0.38984375 0.3625 0.078125 0.06640625
1 0.3921875 0.47109375 0.0796875 0.05078125
4 0.1984375 0.35234375 0.14609375 0.05234375
4 0.2078125 0.4515625 0.15546875 0.06171875
4 0.5125 0.3625 0.13359375 0.05703125
4 0.5203125 0.46484375 0.14609375 0.05078125
4 0.51796875 0.5921875 0.96328125 0.08046875
4 0.37265625 0.66640625 0.43203125 0.06171875
1 0.10625 0.66328125 0.06640625 0.06171875
1 0.1046875 0.77578125 0.0984375 0.07421875
1 0.09609375 0.90390625 0.096875 0.06015625
1 0.4484375 0.790625 0.06796875 0.06328125
1 0.44453125 0.90859375 0.0796875 0.05703125
1 0.74609375 0.78984375 0.05390625 0.06171875
1 0.75859375 0.909375 0.05390625 0.05859375
4 0.90390625 0.9078125 0.17265625 0.07109375
4 0.87421875 0.784375 0.15546875 0.06953125
4 0.57890625 0.784375 0.16640625 0.06015625
4 0.59375 0.896875 0.18125 0.05546875
4 0.23828125 0.771875 0.15234375 0.06328125
4 0.246875 0.9 0.16640625 0.06796875