4 0.5296875 0.06640625 0.8171875 0.10546875
4 0.51328125 0.17734375 0.85234375 0.08828125
0 0.69765625 0.2578125 0.45546875 0.09765625
1 0.9171875 0.35546875 0.0859375 0.06171875
1 0.921875 0.46171875 0.0796875 0.06953125
1 0.61015625 0.3625 0.078125 0.06640625
1 0.6078125 0.47109375 0.0796875 0.05078125
4 0.8015625 0.35234375 0.14609375 0.05234375
4 0.7921875 0.4515625 0.15546875 0.06171875
4 0.4875 0.3625 0.13359375 0.05703125
4 0.4796875 0.46484375 0.14609375 0.05078125
4 0.48203125 0.5921875 0.96328125 0.08046875
4 0.62734375 0.66640625 0.43203125 0.06171875
1 0.89375 0.66328125 0.06640625 0.06171875
1 0.8953125 0.77578125 0.0984375 0.07421875
1 0.90390625 0.90390625 0.096875 0.06015625
1 0.5515625 0.790625 0.06796875 0.06328125
1 0.55546875 0.90859375 0.0796875 0.05703125
1 0.25390625 0.78984375 0.05390625 0.06171875
1 0.24140625 0.909375 0.05390625 0.05859375
4 0.09609375 0.9078125 0.17265625 0.07109375
4 0.12578125 0.784375 0.15546875 0.06953125
4 0.42109375 0.784375 0.16640625 0.06015625
4 0.40625 0.896875 0.18125 0.05546875
4 0.76171875 0.771875 0.15234375 0.06328125
4 0.753125 0.9 0.16640625 0.06796875