4 0.55390625 0.16015625 0.053125 0.03515625
2 0.25546875 0.2203125 0.48359375 0.2453125
4 0.190625 0.21796875 0.321875 0.0453125
4 0.06015625 0.15859375 0.053125 0.03515625
0 0.54765625 0.26953125 0.05703125 0.06484375
4 0.5015625 0.40390625 0.1328125 0.06015625
0 0.1296875 0.0390625 0.071875 0.0765625
0 0.0546875 0.0390625 0.0734375 0.07109375
0 0.20546875 0.03984375 0.0734375 0.07578125
0 0.05703125 0.26796875 0.06796875 0.065625
4 0.67109375 0.21796875 0.30390625 0.0453125
2 0.74609375 0.21875 0.4796875 0.24375