2 0.86640625 0.75390625 0.228125 0.26640625
2 0.74609375 0.47578125 0.48125 0.2421875
2 0.12734375 0.76796875 0.2390625 0.29453125
4 0.70078125 0.68515625 0.04609375 0.034375
4 0.45234375 0.684375 0.04921875 0.0375
4 0.44375 0.4171875 0.0640625 0.04140625
4 0.3265625 0.4796875 0.29765625 0.0453125
4 0.19296875 0.734375 0.0734375 0.03203125
4 0.9421875 0.41796875 0.06484375 0.03671875
4 0.8140625 0.22265625 0.31484375 0.03125
4 0.496875 0.98125 0.12421875 0.0375
4 0.2015625 0.68515625 0.05703125 0.04296875
4 0.9453125 0.6859375 0.04609375 0.04765625
4 0.81796875 0.48046875 0.3046875 0.0375
0 0.94921875 0.8265625 0.059375 0.0640625
4 0.94765625 0.1625 0.05078125 0.0375
0 0.44765625 0.8265625 0.0671875 0.0640625
0 0.20078125 0.853125 0.0671875 0.065625
0 0.69296875 0.825 0.06953125 0.0578125
0 0.9421875 0.0390625 0.07890625 0.07109375
0 0.85859375 0.03984375 0.07890625 0.07578125
0 0.4421875 0.52734375 0.071875 0.0625
0 0.9421875 0.27109375 0.06640625 0.0609375
0 0.93828125 0.528125 0.07265625 0.0609375
4 0.90234375 0.73671875 0.13828125 0.0328125
4 0.8890625 0.76796875 0.17265625 0.0328125
4 0.6234375 0.73828125 0.2125 0.03515625
4 0.6796875 0.77265625 0.096875 0.02890625
4 0.3875 0.7375 0.190625 0.03125
4 0.41640625 0.76875 0.13203125 0.02890625
4 0.13046875 0.76953125 0.1953125 0.0296875
4 0.221875 0.7984375 0.025 0.02890625
2 0.50078125 0.22734375 0.978125 0.23984375
2 0.2515625 0.4765625 0.48125 0.2421875
2 0.62421875 0.74921875 0.23984375 0.259375
2 0.3765625 0.753125 0.23828125 0.2671875