0 0.76328125 0.04296875 0.12265625 0.08359375
2 0.37421875 0.49140625 0.2296875 0.26484375
4 0.1859375 0.50859375 0.0984375 0.03984375
4 0.803125 0.21640625 0.36015625 0.06796875
2 0.75 0.2203125 0.48515625 0.234375
4 0.93125 0.51015625 0.09296875 0.03515625
4 0.3125 0.2125 0.32734375 0.0453125
4 0.2015625 0.4203125 0.05703125 0.03828125
4 0.8296875 0.76875 0.27734375 0.0375
4 0.4515625 0.4203125 0.05390625 0.04375
4 0.44140625 0.15703125 0.06484375 0.0375
0 0.4515625 0.56484375 0.0515625 0.06328125
4 0.94375 0.16015625 0.05390625 0.03671875
4 0.9421875 0.71171875 0.05546875 0.034375
0 0.20703125 0.5640625 0.053125 0.059375
4 0.69765625 0.41875 0.05234375 0.03828125
4 0.94296875 0.4234375 0.06015625 0.0359375
0 0.95078125 0.82421875 0.059375 0.0671875
0 0.95 0.5671875 0.059375 0.0640625
0 0.4515625 0.26953125 0.06015625 0.0640625
0 0.66484375 0.03984375 0.06953125 0.075
0 0.9421875 0.03828125 0.0765625 0.07421875
4 0.4984375 0.95625 0.13671875 0.05234375
0 0.86171875 0.03984375 0.0671875 0.0734375
0 0.94453125 0.26640625 0.0625 0.05859375
0 0.73203125 0.04140625 0.05859375 0.07578125
0 0.69453125 0.5640625 0.06953125 0.0625
0 0.79609375 0.0390625 0.0625 0.07578125
4 0.8765625 0.478125 0.203125 0.0328125
4 0.63046875 0.47578125 0.1921875 0.0328125
4 0.6671875 0.509375 0.1203125 0.02734375
4 0.4171875 0.478125 0.12578125 0.02734375
4 0.3890625 0.5109375 0.1765625 0.0375
4 0.13671875 0.4765625 0.20078125 0.03515625
2 0.24921875 0.21796875 0.478125 0.24453125
2 0.87109375 0.49375 0.240625 0.26328125
2 0.62578125 0.4921875 0.23828125 0.265625
2 0.12890625 0.490625 0.23671875 0.2625
2 0.5015625 0.775 0.97890625 0.24140625