2 0.86953125 0.75546875 0.240625 0.28359375
2 0.7484375 0.221875 0.484375 0.26328125
4 0.6703125 0.215625 0.29453125 0.0484375
4 0.7984375 0.684375 0.059375 0.03671875
2 0.13046875 0.75234375 0.24140625 0.2671875
4 0.0828125 0.7640625 0.1109375 0.03828125
2 0.2515625 0.22109375 0.48671875 0.22734375
4 0.5484375 0.159375 0.04453125 0.0359375
4 0.54921875 0.68203125 0.04609375 0.04140625
4 0.05546875 0.16328125 0.059375 0.04140625
4 0.05390625 0.4203125 0.0546875 0.03671875
4 0.30234375 0.68515625 0.05546875 0.03671875
4 0.17734375 0.47109375 0.32578125 0.06015625
4 0.17578125 0.21015625 0.3171875 0.0640625
4 0.05703125 0.68125 0.059375 0.04140625
0 0.79453125 0.82578125 0.05546875 0.0546875
0 0.55546875 0.82421875 0.07265625 0.059375
0 0.3 0.82421875 0.0609375 0.06484375
4 0.5015625 0.95546875 0.13515625 0.05703125
0 0.05078125 0.26875 0.05859375 0.0625
0 0.0609375 0.53125 0.07109375 0.06015625
0 0.54921875 0.26875 0.06015625 0.06484375
0 0.27421875 0.0390625 0.0671875 0.0765625
0 0.35078125 0.040625 0.0796875 0.075
0 0.05546875 0.0390625 0.075 0.06875
0 0.13203125 0.03984375 0.0734375 0.075
0 0.059375 0.825 0.07421875 0.0640625
0 0.2046875 0.0390625 0.065625 0.07578125
2 0.4984375 0.4828125 0.9828125 0.240625
4 0.12421875 0.73984375 0.1875 0.0328125
4 0.36484375 0.7390625 0.18515625 0.0375
4 0.3234375 0.77265625 0.10546875 0.02578125
4 0.61640625 0.74140625 0.18984375 0.03359375
4 0.584375 0.77421875 0.13359375 0.0265625
4 0.86875 0.740625 0.20390625 0.02734375
4 0.8140625 0.7703125 0.09921875 0.03125
2 0.37734375 0.75234375 0.23828125 0.265625
2 0.62265625 0.753125 0.2359375 0.2625