2 0.253125 0.21796875 0.48671875 0.24609375
2 0.75390625 0.21796875 0.49140625 0.24453125
4 0.446875 0.1578125 0.06171875 0.03828125
4 0.8203125 0.21484375 0.29765625 0.04375
4 0.9515625 0.15859375 0.03984375 0.034375
4 0.4984375 0.4046875 0.1328125 0.059375
0 0.8125 0.0390625 0.06484375 0.075
0 0.88203125 0.040625 0.07109375 0.075
0 0.44609375 0.2671875 0.06640625 0.06484375
0 0.74765625 0.03828125 0.0609375 0.075
0 0.94921875 0.0390625 0.06328125 0.071875
0 0.9390625 0.2671875 0.0765625 0.065625
4 0.3140625 0.21796875 0.3234375 0.0453125