2 0.746875 0.21796875 0.48671875 0.24609375
2 0.24609375 0.21796875 0.49140625 0.24453125
4 0.553125 0.1578125 0.06171875 0.03828125
4 0.1796875 0.21484375 0.29765625 0.04375
4 0.0484375 0.15859375 0.03984375 0.034375
4 0.5015625 0.4046875 0.1328125 0.059375
0 0.1875 0.0390625 0.06484375 0.075
0 0.11796875 0.040625 0.07109375 0.075
0 0.55390625 0.2671875 0.06640625 0.06484375
0 0.25234375 0.03828125 0.0609375 0.075
0 0.05078125 0.0390625 0.06328125 0.071875
0 0.0609375 0.2671875 0.0765625 0.065625
4 0.6859375 0.21796875 0.3234375 0.0453125