2 0.13046875 0.50625 0.2390625 0.28828125
4 0.17890625 0.80234375 0.3109375 0.0375
4 0.06953125 0.475 0.08046875 0.0265625
4 0.553125 0.4234375 0.0671875 0.0390625
0 0.80078125 0.565625 0.07109375 0.06171875
4 0.57109375 0.47578125 0.1015625 0.03515625
4 0.7921875 0.42578125 0.0484375 0.03984375
4 0.30625 0.42265625 0.06328125 0.03671875
4 0.0578125 0.54296875 0.05703125 0.025
0 0.05 0.271875 0.05703125 0.06171875
4 0.1859375 0.21640625 0.31015625 0.03828125
4 0.05546875 0.74375 0.0578125 0.040625
4 0.0578125 0.1625 0.06328125 0.04140625
0 0.553125 0.59296875 0.06796875 0.0625
4 0.50078125 0.98125 0.12734375 0.0375
4 0.06328125 0.42421875 0.06484375 0.03671875
0 0.13515625 0.03984375 0.07578125 0.07734375
0 0.05703125 0.03984375 0.0765625 0.07421875
0 0.3078125 0.5640625 0.06953125 0.05859375
0 0.059375 0.85390625 0.07109375 0.06484375
0 0.20859375 0.03984375 0.06171875 0.075
0 0.05625 0.59375 0.065625 0.06015625
4 0.1203125 0.509375 0.1859375 0.0375
4 0.36328125 0.4828125 0.184375 0.03359375
4 0.34609375 0.5140625 0.1453125 0.03359375
4 0.5921875 0.51484375 0.13984375 0.0375
4 0.56328125 0.54140625 0.08671875 0.03359375
4 0.86171875 0.48125 0.1875 0.0359375
4 0.84296875 0.5125 0.14921875 0.03125
2 0.49765625 0.2234375 0.97890625 0.23984375
2 0.37578125 0.49375 0.24140625 0.26171875
2 0.6234375 0.509375 0.23515625 0.29375
2 0.8703125 0.4953125 0.2359375 0.26953125
2 0.49921875 0.8078125 0.97890625 0.2421875