2 0.86953125 0.50625 0.2390625 0.28828125
4 0.82109375 0.80234375 0.3109375 0.0375
4 0.93046875 0.475 0.08046875 0.0265625
4 0.446875 0.4234375 0.0671875 0.0390625
0 0.19921875 0.565625 0.07109375 0.06171875
4 0.42890625 0.47578125 0.1015625 0.03515625
4 0.2078125 0.42578125 0.0484375 0.03984375
4 0.69375 0.42265625 0.06328125 0.03671875
4 0.9421875 0.54296875 0.05703125 0.025
0 0.95 0.271875 0.05703125 0.06171875
4 0.8140625 0.21640625 0.31015625 0.03828125
4 0.94453125 0.74375 0.0578125 0.040625
4 0.9421875 0.1625 0.06328125 0.04140625
0 0.446875 0.59296875 0.06796875 0.0625
4 0.49921875 0.98125 0.12734375 0.0375
4 0.93671875 0.42421875 0.06484375 0.03671875
0 0.86484375 0.03984375 0.07578125 0.07734375
0 0.94296875 0.03984375 0.0765625 0.07421875
0 0.6921875 0.5640625 0.06953125 0.05859375
0 0.940625 0.85390625 0.07109375 0.06484375
0 0.79140625 0.03984375 0.06171875 0.075
0 0.94375 0.59375 0.065625 0.06015625
4 0.8796875 0.509375 0.1859375 0.0375
4 0.63671875 0.4828125 0.184375 0.03359375
4 0.65390625 0.5140625 0.1453125 0.03359375
4 0.4078125 0.51484375 0.13984375 0.0375
4 0.43671875 0.54140625 0.08671875 0.03359375
4 0.13828125 0.48125 0.1875 0.0359375
4 0.15703125 0.5125 0.14921875 0.03125
2 0.50234375 0.2234375 0.97890625 0.23984375
2 0.62421875 0.49375 0.24140625 0.26171875
2 0.3765625 0.509375 0.23515625 0.29375
2 0.1296875 0.4953125 0.2359375 0.26953125
2 0.50078125 0.8078125 0.97890625 0.2421875