2 0.12890625 0.49296875 0.22734375 0.26640625
2 0.37578125 0.48515625 0.23984375 0.2546875
4 0.44921875 0.42421875 0.06953125 0.03515625
2 0.87109375 0.49609375 0.23203125 0.26796875
2 0.746875 0.7703125 0.49375 0.2328125
4 0.828125 0.76484375 0.29453125 0.040625
4 0.32578125 0.7671875 0.30390625 0.034375
4 0.453125 0.70859375 0.04296875 0.03828125
0 0.45390625 0.56953125 0.0546875 0.05859375
2 0.49921875 0.2140625 0.99765625 0.2515625
4 0.209375 0.425 0.04453125 0.03125
4 0.94375 0.709375 0.0515625 0.03515625
0 0.19921875 0.565625 0.06640625 0.06015625
4 0.82421875 0.21953125 0.29609375 0.03203125
4 0.94453125 0.1640625 0.05859375 0.034375
4 0.69453125 0.42109375 0.0640625 0.0375
4 0.94453125 0.42109375 0.05 0.03671875
0 0.94609375 0.27109375 0.0609375 0.06171875
4 0.49765625 0.95546875 0.13515625 0.05703125
0 0.946875 0.5671875 0.06015625 0.06328125
0 0.87734375 0.03984375 0.078125 0.07734375
0 0.44140625 0.81953125 0.071875 0.0609375
0 0.9484375 0.03984375 0.0640625 0.071875
0 0.69453125 0.56640625 0.06953125 0.06328125
0 0.94609375 0.82265625 0.06640625 0.0640625
4 0.87890625 0.48046875 0.18671875 0.0375
4 0.91328125 0.51328125 0.12109375 0.02734375
4 0.6265625 0.48125 0.19921875 0.0390625
4 0.6546875 0.5109375 0.1328125 0.04453125
4 0.37421875 0.4796875 0.21796875 0.0328125
4 0.45546875 0.5109375 0.06171875 0.02421875
4 0.15234375 0.4796875 0.165625 0.0359375
4 0.1640625 0.51484375 0.1453125 0.03125
2 0.2515625 0.77109375 0.47734375 0.24140625
2 0.625 0.49375 0.23515625 0.2625