2 0.12734375 0.228125 0.22890625 0.27734375
2 0.62578125 0.2375 0.23515625 0.25
2 0.753125 0.5390625 0.49296875 0.24609375
0 0.8671875 0.234375 0.23046875 0.2578125
4 0.45078125 0.478125 0.05078125 0.03515625
4 0.9484375 0.47890625 0.05078125 0.0328125
4 0.8203125 0.796875 0.3109375 0.03203125
4 0.43515625 0.2125 0.09765625 0.034375
4 0.21171875 0.16640625 0.0375 0.03671875
4 0.81953125 0.5375 0.30703125 0.04765625
4 0.6953125 0.16328125 0.05859375 0.03203125
4 0.31875 0.534375 0.31484375 0.03671875
4 0.44453125 0.1640625 0.06328125 0.0453125
0 0.1953125 0.30234375 0.071875 0.06015625
0 0.70234375 0.30703125 0.046875 0.0578125
4 0.94609375 0.74453125 0.05234375 0.040625
4 0.49765625 0.98125 0.128125 0.0375
0 0.4484375 0.58828125 0.0609375 0.06484375
0 0.44921875 0.334375 0.05546875 0.06015625
4 0.9453125 0.16171875 0.05234375 0.04375
0 0.93984375 0.58671875 0.071875 0.06328125
0 0.80234375 0.03984375 0.05703125 0.0734375
0 0.9390625 0.85234375 0.07265625 0.06171875
0 0.73515625 0.03984375 0.0734375 0.07109375
0 0.8734375 0.0375 0.07578125 0.07421875
0 0.65390625 0.040625 0.08203125 0.075
0 0.94921875 0.0390625 0.06484375 0.0734375
0 0.9421875 0.3046875 0.0671875 0.0640625
4 0.903125 0.21875 0.1453125 0.02890625
4 0.88984375 0.253125 0.16875 0.03515625
4 0.64609375 0.22265625 0.1578125 0.02578125
4 0.65703125 0.25 0.13828125 0.0328125
4 0.39765625 0.2484375 0.165625 0.0328125
4 0.4578125 0.28125 0.05078125 0.028125
4 0.14765625 0.215625 0.1796875 0.03046875
4 0.15859375 0.25234375 0.146875 0.03046875
4 0.375 0.24609375 0.240625 0.2953125
2 0.253125 0.53671875 0.478125 0.23203125
2 0.5 0.803125 0.98046875 0.2375