2 0.50234375 0.49921875 0.97578125 0.984375
4 0.21328125 0.06171875 0.271875 0.07890625
4 0.19296875 0.196875 0.196875 0.053125
4 0.60546875 0.19453125 0.18671875 0.053125
4 0.16015625 0.38671875 0.11796875 0.05390625
4 0.57265625 0.37890625 0.12109375 0.046875
4 0.16640625 0.58515625 0.11484375 0.0375
4 0.55546875 0.565625 0.08515625 0.046875
4 0.14765625 0.75625 0.0625 0.040625
4 0.5890625 0.7359375 0.14296875 0.0390625
0 0.31484375 0.94453125 0.40703125 0.096875
0 0.740625 0.915625 0.40625 0.096875
6 0.296875 0.81171875 0.3625 0.0875
6 0.28671875 0.6484375 0.359375 0.0890625
6 0.72578125 0.6265625 0.434375 0.08046875
7 0.6140625 0.79453125 0.19453125 0.071875
7 0.28046875 0.2796875 0.35390625 0.084375
7 0.73359375 0.26953125 0.44921875 0.0890625
7 0.2796875 0.46796875 0.35703125 0.0890625
7 0.73515625 0.4515625 0.45 0.0859375