2 0.1328125 0.48984375 0.23828125 0.2578125
0 0.771875 0.0421875 0.15078125 0.08203125
2 0.8734375 0.4890625 0.2359375 0.265625
2 0.75 0.2171875 0.48828125 0.23671875
4 0.81640625 0.771875 0.31953125 0.0453125
4 0.44453125 0.16015625 0.0609375 0.03984375
4 0.20078125 0.41953125 0.059375 0.040625
4 0.31796875 0.21796875 0.31484375 0.04765625
4 0.82265625 0.2203125 0.29609375 0.03671875
4 0.94375 0.7109375 0.05078125 0.03046875
4 0.69609375 0.42109375 0.06171875 0.04453125
4 0.44453125 0.42109375 0.0703125 0.03984375
0 0.95 0.5640625 0.05390625 0.059375
0 0.9359375 0.8234375 0.075 0.065625
0 0.19921875 0.5625 0.07578125 0.06328125
4 0.93984375 0.42109375 0.06328125 0.0375
0 0.44609375 0.26875 0.065625 0.06171875
4 0.93984375 0.15859375 0.0609375 0.03515625
0 0.44375 0.5625 0.0703125 0.0578125
0 0.69140625 0.56328125 0.071875 0.059375
4 0.4984375 0.95625 0.13671875 0.05234375
0 0.73203125 0.040625 0.0703125 0.075
0 0.87890625 0.03984375 0.0671875 0.075
0 0.94765625 0.03828125 0.06484375 0.07265625
0 0.9421875 0.26640625 0.06875 0.0625
0 0.8078125 0.03984375 0.06796875 0.075
0 0.66015625 0.03984375 0.06953125 0.07265625
4 0.89609375 0.4765625 0.159375 0.03515625
4 0.89453125 0.5078125 0.1625 0.03125
4 0.6734375 0.47890625 0.10625 0.02890625
4 0.63125 0.51171875 0.19609375 0.0359375
4 0.40859375 0.4796875 0.14140625 0.0359375
4 0.3921875 0.5125 0.1703125 0.02890625
4 0.15 0.4796875 0.16640625 0.03125
4 0.15859375 0.51015625 0.15078125 0.0296875
2 0.2515625 0.21796875 0.484375 0.2453125
2 0.6234375 0.49140625 0.2359375 0.26796875
2 0.37890625 0.4953125 0.2359375 0.2625
2 0.50546875 0.7703125 0.98828125 0.23515625