2 0.8671875 0.48984375 0.23828125 0.2578125
0 0.228125 0.0421875 0.15078125 0.08203125
2 0.1265625 0.4890625 0.2359375 0.265625
2 0.25 0.2171875 0.48828125 0.23671875
4 0.18359375 0.771875 0.31953125 0.0453125
4 0.55546875 0.16015625 0.0609375 0.03984375
4 0.79921875 0.41953125 0.059375 0.040625
4 0.68203125 0.21796875 0.31484375 0.04765625
4 0.17734375 0.2203125 0.29609375 0.03671875
4 0.05625 0.7109375 0.05078125 0.03046875
4 0.30390625 0.42109375 0.06171875 0.04453125
4 0.55546875 0.42109375 0.0703125 0.03984375
0 0.05 0.5640625 0.05390625 0.059375
0 0.0640625 0.8234375 0.075 0.065625
0 0.80078125 0.5625 0.07578125 0.06328125
4 0.06015625 0.42109375 0.06328125 0.0375
0 0.55390625 0.26875 0.065625 0.06171875
4 0.06015625 0.15859375 0.0609375 0.03515625
0 0.55625 0.5625 0.0703125 0.0578125
0 0.30859375 0.56328125 0.071875 0.059375
4 0.5015625 0.95625 0.13671875 0.05234375
0 0.26796875 0.040625 0.0703125 0.075
0 0.12109375 0.03984375 0.0671875 0.075
0 0.05234375 0.03828125 0.06484375 0.07265625
0 0.0578125 0.26640625 0.06875 0.0625
0 0.1921875 0.03984375 0.06796875 0.075
0 0.33984375 0.03984375 0.06953125 0.07265625
4 0.10390625 0.4765625 0.159375 0.03515625
4 0.10546875 0.5078125 0.1625 0.03125
4 0.3265625 0.47890625 0.10625 0.02890625
4 0.36875 0.51171875 0.19609375 0.0359375
4 0.59140625 0.4796875 0.14140625 0.0359375
4 0.6078125 0.5125 0.1703125 0.02890625
4 0.85 0.4796875 0.16640625 0.03125
4 0.84140625 0.51015625 0.15078125 0.0296875
2 0.7484375 0.21796875 0.484375 0.2453125
2 0.3765625 0.49140625 0.2359375 0.26796875
2 0.62109375 0.4953125 0.2359375 0.2625
2 0.49453125 0.7703125 0.98828125 0.23515625