2 0.50625 0.5 0.9875 0.9640625
4 0.5 0.09765625 0.39140625 0.14609375
4 0.56796875 0.253125 0.64296875 0.08203125
4 0.525 0.36484375 0.42890625 0.06796875
4 0.5125 0.47109375 0.16640625 0.06640625
4 0.20546875 0.725 0.15859375 0.04453125
4 0.215625 0.78671875 0.17265625 0.05390625
4 0.4609375 0.72578125 0.15078125 0.0484375
4 0.46640625 0.7828125 0.175 0.05390625
4 0.72109375 0.725 0.19453125 0.04453125
4 0.728125 0.784375 0.19609375 0.0609375
4 0.21328125 0.8875 0.17578125 0.1140625
4 0.46328125 0.88046875 0.190625 0.121875
4 0.7265625 0.88671875 0.196875 0.12890625
3 0.19375 0.6046875 0.13359375 0.17890625
3 0.425 0.60546875 0.12890625 0.175
3 0.68671875 0.60859375 0.125 0.16953125