2 0.49765625 0.47265625 0.9953125 0.8796875
4 0.51953125 0.11328125 0.9390625 0.1265625
6 0.76484375 0.21640625 0.45546875 0.08359375
4 0.79296875 0.35 0.340625 0.05
4 0.31796875 0.353125 0.390625 0.046875
4 0.79296875 0.415625 0.35546875 0.0609375
4 0.31171875 0.4140625 0.39453125 0.06953125
6 0.79140625 0.4875 0.3984375 0.0640625
6 0.31328125 0.48984375 0.41484375 0.07109375
4 0.39140625 0.64921875 0.38359375 0.1375
6 0.40625 0.753125 0.41328125 0.05546875
3 0.81953125 0.68203125 0.34296875 0.2109375