2 0.49453125 0.49921875 0.9890625 0.9578125
4 0.63515625 0.128125 0.64375 0.0984375
1 0.8765625 0.3453125 0.05390625 0.103125
4 0.69453125 0.3453125 0.2453125 0.103125
1 0.43046875 0.3328125 0.06640625 0.1046875
4 0.2328125 0.32265625 0.24375 0.08984375
1 0.88515625 0.5625 0.08046875 0.14765625
4 0.6921875 0.5640625 0.25546875 0.0953125
1 0.4265625 0.5375 0.08359375 0.12265625
4 0.2578125 0.51484375 0.1625 0.08828125
1 0.8859375 0.86171875 0.08046875 0.1328125
4 0.6640625 0.84296875 0.26015625 0.0984375
1 0.41796875 0.76484375 0.09296875 0.1390625
4 0.21171875 0.7765625 0.2421875 0.12265625