2 0.50546875 0.49921875 0.9890625 0.9578125
4 0.36484375 0.128125 0.64375 0.0984375
1 0.1234375 0.3453125 0.05390625 0.103125
4 0.30546875 0.3453125 0.2453125 0.103125
1 0.56953125 0.3328125 0.06640625 0.1046875
4 0.7671875 0.32265625 0.24375 0.08984375
1 0.11484375 0.5625 0.08046875 0.14765625
4 0.3078125 0.5640625 0.25546875 0.0953125
1 0.5734375 0.5375 0.08359375 0.12265625
4 0.7421875 0.51484375 0.1625 0.08828125
1 0.1140625 0.86171875 0.08046875 0.1328125
4 0.3359375 0.84296875 0.26015625 0.0984375
1 0.58203125 0.76484375 0.09296875 0.1390625
4 0.78828125 0.7765625 0.2421875 0.12265625