4 0.86328125 0.02734375 0.09375 0.05390625
4 0.86953125 0.13515625 0.09453125 0.04609375
4 0.68203125 0.22578125 0.23046875 0.04296875
4 0.72109375 0.28359375 0.14609375 0.05
4 0.68203125 0.403125 0.215625 0.0484375
4 0.721875 0.4609375 0.12890625 0.0359375
4 0.40859375 0.15078125 0.06328125 0.034375
4 0.1609375 0.1671875 0.08046875 0.04296875
4 0.14453125 0.26015625 0.12890625 0.0625
4 0.1484375 0.44140625 0.11953125 0.0609375
4 0.1578125 0.596875 0.14296875 0.05703125
4 0.165625 0.721875 0.12734375 0.05703125
4 0.16171875 0.828125 0.12890625 0.05390625
4 0.41484375 0.60390625 0.11640625 0.04453125
4 0.4046875 0.728125 0.11953125 0.053125
4 0.8390625 0.60546875 0.14453125 0.05
4 0.76796875 0.728125 0.29765625 0.05859375
4 0.85390625 0.84296875 0.09375 0.053125
3 0.85625 0.2609375 0.09375 0.121875
3 0.84609375 0.44453125 0.08125 0.11953125
0 0.71640625 0.9453125 0.41484375 0.0984375
0 0.28984375 0.95234375 0.4046875 0.0953125