2 0.49765625 0.5 0.97265625 1
4 0.7546875 0.03125 0.284375 0.059375
4 0.80078125 0.1484375 0.2078125 0.04921875
4 0.35078125 0.14375 0.21796875 0.05625
4 0.85390625 0.3296875 0.1109375 0.0515625
4 0.39453125 0.34296875 0.13359375 0.04609375
4 0.83515625 0.5296875 0.15703125 0.04140625
4 0.409375 0.51875 0.103125 0.04609375
4 0.875 0.6921875 0.0875 0.0515625
4 0.38203125 0.7046875 0.15859375 0.04765625
0 0.72265625 0.89921875 0.40859375 0.0875
0 0.2796875 0.9015625 0.41171875 0.109375
6 0.73984375 0.76640625 0.3796875 0.06953125
7 0.3234375 0.76328125 0.2890625 0.06328125
7 0.734375 0.42578125 0.36875 0.078125
7 0.26171875 0.421875 0.40546875 0.0828125
7 0.7265625 0.2375 0.365625 0.08125
7 0.2578125 0.234375 0.41328125 0.08125
6 0.740625 0.60390625 0.3625 0.06796875
6 0.26953125 0.60390625 0.3921875 0.07421875