2 0.50234375 0.5 0.97265625 1
4 0.2453125 0.03125 0.284375 0.059375
4 0.19921875 0.1484375 0.2078125 0.04921875
4 0.64921875 0.14375 0.21796875 0.05625
4 0.14609375 0.3296875 0.1109375 0.0515625
4 0.60546875 0.34296875 0.13359375 0.04609375
4 0.16484375 0.5296875 0.15703125 0.04140625
4 0.590625 0.51875 0.103125 0.04609375
4 0.125 0.6921875 0.0875 0.0515625
4 0.61796875 0.7046875 0.15859375 0.04765625
0 0.27734375 0.89921875 0.40859375 0.0875
0 0.7203125 0.9015625 0.41171875 0.109375
6 0.26015625 0.76640625 0.3796875 0.06953125
7 0.6765625 0.76328125 0.2890625 0.06328125
7 0.265625 0.42578125 0.36875 0.078125
7 0.73828125 0.421875 0.40546875 0.0828125
7 0.2734375 0.2375 0.365625 0.08125
7 0.7421875 0.234375 0.41328125 0.08125
6 0.259375 0.60390625 0.3625 0.06796875
6 0.73046875 0.60390625 0.3921875 0.07421875