2 0.50546875 0.49765625 0.97578125 0.9625
4 0.50703125 0.1609375 0.87109375 0.146875
4 0.184375 0.403125 0.246875 0.109375
4 0.209375 0.66484375 0.30078125 0.15390625
4 0.49609375 0.64765625 0.1625 0.10390625
4 0.7953125 0.65 0.16953125 0.1140625
4 0.2515625 0.8765625 0.4515625 0.14140625
4 0.5859375 0.87578125 0.1609375 0.14296875
4 0.84765625 0.88671875 0.159375 0.11796875
7 0.5484375 0.421875 0.35859375 0.1484375
1 0.646875 0.63984375 0.0875 0.12109375
1 0.934375 0.64765625 0.06328125 0.12109375
1 0.7125 0.88515625 0.06171875 0.12109375
1 0.9625 0.87578125 0.0546875 0.1265625