2 0.49921875 0.2203125 0.97890625 0.2390625
4 0.90625 0.76796875 0.11796875 0.034375
4 0.44921875 0.42109375 0.0484375 0.0375
2 0.24765625 0.47265625 0.4859375 0.23671875
2 0.378125 0.7546875 0.240625 0.259375
2 0.86796875 0.7546875 0.24375 0.26484375
4 0.4484375 0.68515625 0.06640625 0.03515625
4 0.321875 0.47578125 0.30390625 0.0421875
4 0.94140625 0.4203125 0.0625 0.03515625
4 0.81328125 0.21796875 0.32109375 0.028125
0 0.2078125 0.82578125 0.0515625 0.06484375
0 0.45234375 0.825 0.053125 0.06484375
4 0.69296875 0.68203125 0.06796875 0.0390625
4 0.81953125 0.4828125 0.3109375 0.04375
0 0.45078125 0.5296875 0.059375 0.0625
0 0.95078125 0.5296875 0.05703125 0.06015625
4 0.94609375 0.68203125 0.05234375 0.034375
4 0.94453125 0.1609375 0.05390625 0.0375
4 0.49765625 0.9546875 0.13515625 0.0578125
0 0.6953125 0.825 0.06484375 0.06015625
0 0.9375 0.27109375 0.071875 0.0625
0 0.94375 0.0390625 0.0765625 0.07109375
0 0.93984375 0.825 0.0703125 0.06015625
0 0.8703125 0.04140625 0.06875 0.0765625
4 0.88046875 0.73671875 0.1890625 0.025
4 0.625 0.73828125 0.20859375 0.0359375
4 0.66640625 0.77421875 0.12109375 0.03671875
4 0.41171875 0.7390625 0.13515625 0.04453125
4 0.39296875 0.775 0.1734375 0.034375
4 0.13828125 0.740625 0.1828125 0.03203125
4 0.16953125 0.77265625 0.1296875 0.0390625
4 0.20859375 0.6828125 0.04765625 0.0390625
2 0.7515625 0.47578125 0.4859375 0.24296875
2 0.6265625 0.7546875 0.2359375 0.2640625
2 0.1296875 0.7515625 0.2359375 0.2703125