2 0.50078125 0.2203125 0.97890625 0.2390625
4 0.09375 0.76796875 0.11796875 0.034375
4 0.55078125 0.42109375 0.0484375 0.0375
2 0.75234375 0.47265625 0.4859375 0.23671875
2 0.621875 0.7546875 0.240625 0.259375
2 0.13203125 0.7546875 0.24375 0.26484375
4 0.5515625 0.68515625 0.06640625 0.03515625
4 0.678125 0.47578125 0.30390625 0.0421875
4 0.05859375 0.4203125 0.0625 0.03515625
4 0.18671875 0.21796875 0.32109375 0.028125
0 0.7921875 0.82578125 0.0515625 0.06484375
0 0.54765625 0.825 0.053125 0.06484375
4 0.30703125 0.68203125 0.06796875 0.0390625
4 0.18046875 0.4828125 0.3109375 0.04375
0 0.54921875 0.5296875 0.059375 0.0625
0 0.04921875 0.5296875 0.05703125 0.06015625
4 0.05390625 0.68203125 0.05234375 0.034375
4 0.05546875 0.1609375 0.05390625 0.0375
4 0.50234375 0.9546875 0.13515625 0.0578125
0 0.3046875 0.825 0.06484375 0.06015625
0 0.0625 0.27109375 0.071875 0.0625
0 0.05625 0.0390625 0.0765625 0.07109375
0 0.06015625 0.825 0.0703125 0.06015625
0 0.1296875 0.04140625 0.06875 0.0765625
4 0.11953125 0.73671875 0.1890625 0.025
4 0.375 0.73828125 0.20859375 0.0359375
4 0.33359375 0.77421875 0.12109375 0.03671875
4 0.58828125 0.7390625 0.13515625 0.04453125
4 0.60703125 0.775 0.1734375 0.034375
4 0.86171875 0.740625 0.1828125 0.03203125
4 0.83046875 0.77265625 0.1296875 0.0390625
4 0.79140625 0.6828125 0.04765625 0.0390625
2 0.2484375 0.47578125 0.4859375 0.24296875
2 0.3734375 0.7546875 0.2359375 0.2640625
2 0.8703125 0.7515625 0.2359375 0.2703125