4 0.68515625 0.2171875 0.321875 0.04296875
4 0.68515625 0.4765625 0.31640625 0.053125
4 0.55 0.15859375 0.04453125 0.040625
2 0.25234375 0.4765625 0.48046875 0.24921875
2 0.24765625 0.21953125 0.4859375 0.23125
4 0.1828125 0.47890625 0.30390625 0.04609375
4 0.196875 0.2171875 0.3296875 0.046875
4 0.56015625 0.415625 0.065625 0.04453125
4 0.0578125 0.41953125 0.0578125 0.03359375
4 0.0578125 0.16015625 0.0625 0.034375
4 0.50078125 0.6625 0.13671875 0.06015625
0 0.0484375 0.0390625 0.06015625 0.07109375
0 0.26015625 0.03984375 0.0734375 0.078125
0 0.56015625 0.2671875 0.0734375 0.0640625
0 0.1203125 0.040625 0.07578125 0.075
0 0.05078125 0.26875 0.0578125 0.06171875
0 0.55234375 0.52890625 0.0640625 0.06484375
0 0.18828125 0.03984375 0.06015625 0.075
0 0.32734375 0.0390625 0.06015625 0.075
0 0.06015625 0.52734375 0.07265625 0.06484375
2 0.75 0.2171875 0.484375 0.2359375
2 0.7484375 0.4796875 0.48125 0.2453125