4 0.31484375 0.2171875 0.321875 0.04296875
4 0.31484375 0.4765625 0.31640625 0.053125
4 0.45 0.15859375 0.04453125 0.040625
2 0.74765625 0.4765625 0.48046875 0.24921875
2 0.75234375 0.21953125 0.4859375 0.23125
4 0.8171875 0.47890625 0.30390625 0.04609375
4 0.803125 0.2171875 0.3296875 0.046875
4 0.43984375 0.415625 0.065625 0.04453125
4 0.9421875 0.41953125 0.0578125 0.03359375
4 0.9421875 0.16015625 0.0625 0.034375
4 0.49921875 0.6625 0.13671875 0.06015625
0 0.9515625 0.0390625 0.06015625 0.07109375
0 0.73984375 0.03984375 0.0734375 0.078125
0 0.43984375 0.2671875 0.0734375 0.0640625
0 0.8796875 0.040625 0.07578125 0.075
0 0.94921875 0.26875 0.0578125 0.06171875
0 0.44765625 0.52890625 0.0640625 0.06484375
0 0.81171875 0.03984375 0.06015625 0.075
0 0.67265625 0.0390625 0.06015625 0.075
0 0.93984375 0.52734375 0.07265625 0.06484375
2 0.25 0.2171875 0.484375 0.2359375
2 0.2515625 0.4796875 0.48125 0.2453125