2 0.7484375 0.2203125 0.48515625 0.24296875
4 0.5484375 0.1578125 0.04765625 0.03515625
2 0.25 0.2171875 0.48671875 0.23671875
4 0.66640625 0.21484375 0.2859375 0.04375
4 0.17890625 0.21484375 0.29765625 0.0453125
4 0.0546875 0.15859375 0.05078125 0.03515625
4 0.5015625 0.40390625 0.13203125 0.05859375
0 0.1359375 0.0390625 0.0703125 0.07578125
0 0.05703125 0.040625 0.0765625 0.07109375
0 0.55703125 0.26640625 0.0703125 0.06484375
0 0.21796875 0.03984375 0.08046875 0.07734375
0 0.0609375 0.26640625 0.0734375 0.06171875