2 0.2515625 0.2203125 0.48515625 0.24296875
4 0.4515625 0.1578125 0.04765625 0.03515625
2 0.75 0.2171875 0.48671875 0.23671875
4 0.33359375 0.21484375 0.2859375 0.04375
4 0.82109375 0.21484375 0.29765625 0.0453125
4 0.9453125 0.15859375 0.05078125 0.03515625
4 0.4984375 0.40390625 0.13203125 0.05859375
0 0.8640625 0.0390625 0.0703125 0.07578125
0 0.94296875 0.040625 0.0765625 0.07109375
0 0.44296875 0.26640625 0.0703125 0.06484375
0 0.78203125 0.03984375 0.08046875 0.07734375
0 0.9390625 0.26640625 0.0734375 0.06171875