2 0.2546875 0.77578125 0.4953125 0.26796875
4 0.1828125 0.76796875 0.30078125 0.05234375
2 0.5 0.50546875 0.984375 0.2328125
2 0.125 0.22890625 0.2453125 0.27421875
2 0.87109375 0.23984375 0.240625 0.2828125
2 0.62421875 0.23671875 0.2328125 0.27109375
4 0.5515625 0.7109375 0.05546875 0.0375
4 0.8015625 0.16015625 0.06328125 0.03828125
2 0.38203125 0.22890625 0.2328125 0.26484375
4 0.19140625 0.50390625 0.3265625 0.04140625
4 0.06328125 0.24609375 0.0796875 0.03203125
4 0.059375 0.459375 0.0546875 0.03359375
4 0.30703125 0.1625 0.0640625 0.03515625
0 0.79921875 0.30703125 0.06015625 0.0625
4 0.06015625 0.709375 0.06015625 0.040625
4 0.5484375 0.16171875 0.0578125 0.03828125
0 0.546875 0.30625 0.0578125 0.0609375
0 0.05 0.30703125 0.0578125 0.06171875
0 0.0609375 0.5625 0.06875 0.06015625
4 0.50234375 0.95546875 0.13515625 0.05859375
0 0.21953125 0.04140625 0.08125 0.07421875
0 0.13515625 0.0390625 0.07265625 0.075
0 0.05703125 0.03984375 0.078125 0.0703125
0 0.05703125 0.82109375 0.06953125 0.06171875
0 0.5546875 0.82109375 0.07109375 0.0640625
0 0.30625 0.3046875 0.06484375 0.0640625
4 0.128125 0.21875 0.20234375 0.025
4 0.04765625 0.1703125 0.04375 0.04609375
4 0.359375 0.2203125 0.1734375 0.02890625
4 0.34296875 0.25078125 0.1421875 0.03046875
4 0.6171875 0.21953125 0.18515625 0.02734375
4 0.58203125 0.24765625 0.12421875 0.03359375
4 0.8421875 0.22109375 0.1484375 0.03515625
4 0.84296875 0.25234375 0.1546875 0.03046875
4 0.68515625 0.771875 0.321875 0.04140625
2 0.74921875 0.7703125 0.47890625 0.25234375