4 0.81484375 0.7703125 0.32109375 0.0453125
2 0.7484375 0.5078125 0.49375 0.2515625
2 0.6234375 0.22578125 0.2359375 0.26796875
2 0.13125 0.228125 0.23515625 0.284375
4 0.44453125 0.4515625 0.06484375 0.04375
4 0.9421875 0.44921875 0.05703125 0.03203125
2 0.86875 0.221875 0.2421875 0.25546875
4 0.32265625 0.51015625 0.30546875 0.04609375
4 0.44765625 0.16328125 0.065625 0.0359375
0 0.209375 0.30703125 0.0515625 0.065625
4 0.8140625 0.50078125 0.31484375 0.0515625
0 0.95078125 0.825 0.05859375 0.0640625
4 0.20390625 0.16015625 0.05625 0.03671875
4 0.9421875 0.71328125 0.06328125 0.0359375
0 0.69609375 0.3046875 0.0609375 0.0609375
4 0.69296875 0.1640625 0.0578125 0.04765625
0 0.93828125 0.55703125 0.07265625 0.0625
0 0.8609375 0.03984375 0.07734375 0.0734375
4 0.94921875 0.165625 0.04296875 0.0328125
4 0.4984375 0.95625 0.13671875 0.05078125
0 0.44453125 0.559375 0.0703125 0.06328125
0 0.94296875 0.03828125 0.0765625 0.0734375
0 0.44765625 0.30390625 0.071875 0.06484375
0 0.94140625 0.30546875 0.06953125 0.06171875
4 0.890625 0.21953125 0.16953125 0.03515625
4 0.903125 0.25 0.1390625 0.0296875
4 0.66875 0.22109375 0.11328125 0.0375
4 0.6375 0.25234375 0.178125 0.03515625
4 0.38359375 0.22109375 0.19921875 0.02734375
4 0.42734375 0.246875 0.11484375 0.025
4 0.17109375 0.21640625 0.1171875 0.0296875
4 0.13359375 0.25078125 0.18984375 0.03984375
2 0.2515625 0.50546875 0.475 0.2453125
2 0.37890625 0.23359375 0.23671875 0.26953125
2 0.50234375 0.77578125 0.9859375 0.2234375