2 0.24921875 0.76953125 0.4890625 0.25390625
2 0.13359375 0.2328125 0.2328125 0.2625
2 0.87265625 0.228125 0.2265625 0.27890625
2 0.621875 0.24296875 0.2296875 0.26484375
4 0.1890625 0.76484375 0.31953125 0.0421875
4 0.6953125 0.765625 0.3328125 0.04375
2 0.38046875 0.2296875 0.234375 0.26484375
4 0.553125 0.71015625 0.06328125 0.0375
4 0.8 0.1625 0.05703125 0.0390625
4 0.55234375 0.16171875 0.06953125 0.0390625
4 0.18984375 0.509375 0.31796875 0.0328125
4 0.05390625 0.7109375 0.046875 0.03828125
4 0.05859375 0.45546875 0.05546875 0.03125
0 0.55078125 0.30625 0.05625 0.06484375
0 0.79375 0.30625 0.0546875 0.05703125
4 0.30546875 0.165625 0.06015625 0.0390625
4 0.50234375 0.95546875 0.13515625 0.05859375
0 0.55625 0.81953125 0.0703125 0.0609375
0 0.04921875 0.82109375 0.06171875 0.0625
4 0.05859375 0.16328125 0.06015625 0.04375
0 0.059375 0.56328125 0.0671875 0.05859375
0 0.05859375 0.03828125 0.07734375 0.07421875
0 0.13984375 0.03984375 0.08125 0.0734375
0 0.30859375 0.30390625 0.06953125 0.059375
0 0.05703125 0.30546875 0.06953125 0.06171875
4 0.10546875 0.2171875 0.16328125 0.03671875
4 0.09453125 0.253125 0.14453125 0.0296875
4 0.33828125 0.21875 0.12578125 0.0328125
4 0.36640625 0.2515625 0.18046875 0.03359375
4 0.621875 0.2203125 0.1984375 0.0359375
4 0.56796875 0.25234375 0.0953125 0.0203125
4 0.85625 0.2171875 0.178125 0.0359375
4 0.84609375 0.25 0.15703125 0.02890625
4 0.49921875 0.5109375 0.97890625 0.24453125
2 0.74921875 0.76953125 0.48046875 0.24296875