2 0.75078125 0.76953125 0.4890625 0.25390625
2 0.86640625 0.2328125 0.2328125 0.2625
2 0.12734375 0.228125 0.2265625 0.27890625
2 0.378125 0.24296875 0.2296875 0.26484375
4 0.8109375 0.76484375 0.31953125 0.0421875
4 0.3046875 0.765625 0.3328125 0.04375
2 0.61953125 0.2296875 0.234375 0.26484375
4 0.446875 0.71015625 0.06328125 0.0375
4 0.2 0.1625 0.05703125 0.0390625
4 0.44765625 0.16171875 0.06953125 0.0390625
4 0.81015625 0.509375 0.31796875 0.0328125
4 0.94609375 0.7109375 0.046875 0.03828125
4 0.94140625 0.45546875 0.05546875 0.03125
0 0.44921875 0.30625 0.05625 0.06484375
0 0.20625 0.30625 0.0546875 0.05703125
4 0.69453125 0.165625 0.06015625 0.0390625
4 0.49765625 0.95546875 0.13515625 0.05859375
0 0.44375 0.81953125 0.0703125 0.0609375
0 0.95078125 0.82109375 0.06171875 0.0625
4 0.94140625 0.16328125 0.06015625 0.04375
0 0.940625 0.56328125 0.0671875 0.05859375
0 0.94140625 0.03828125 0.07734375 0.07421875
0 0.86015625 0.03984375 0.08125 0.0734375
0 0.69140625 0.30390625 0.06953125 0.059375
0 0.94296875 0.30546875 0.06953125 0.06171875
4 0.89453125 0.2171875 0.16328125 0.03671875
4 0.90546875 0.253125 0.14453125 0.0296875
4 0.66171875 0.21875 0.12578125 0.0328125
4 0.63359375 0.2515625 0.18046875 0.03359375
4 0.378125 0.2203125 0.1984375 0.0359375
4 0.43203125 0.25234375 0.0953125 0.0203125
4 0.14375 0.2171875 0.178125 0.0359375
4 0.15390625 0.25 0.15703125 0.02890625
4 0.50078125 0.5109375 0.97890625 0.24453125
2 0.25078125 0.76953125 0.48046875 0.24296875