2 0.6234375 0.23671875 0.24765625 0.2671875
2 0.37734375 0.2296875 0.2296875 0.271875
4 0.7015625 0.16484375 0.04921875 0.02890625
2 0.1296875 0.22890625 0.2265625 0.284375
4 0.203125 0.16875 0.05546875 0.0421875
4 0.4515625 0.1625 0.05625 0.03359375
2 0.87109375 0.24375 0.240625 0.3
4 0.93984375 0.21640625 0.0625 0.0328125
0 0.20234375 0.30703125 0.0609375 0.0609375
0 0.446875 0.30546875 0.065625 0.06484375
4 0.94453125 0.1640625 0.05078125 0.0453125
4 0.4984375 0.46796875 0.134375 0.06171875
0 0.6921875 0.3046875 0.0703125 0.0640625
0 0.9484375 0.03828125 0.0640625 0.0734375
0 0.9390625 0.33203125 0.0734375 0.06640625
0 0.88359375 0.040625 0.06171875 0.07421875
4 0.89609375 0.25 0.15234375 0.02421875
4 0.92421875 0.275 0.10390625 0.034375
4 0.64765625 0.21953125 0.1625 0.02734375
4 0.6578125 0.25 0.13828125 0.034375
4 0.384375 0.21953125 0.190625 0.03125
4 0.421875 0.24765625 0.11875 0.02421875
4 0.13203125 0.2203125 0.19921875 0.0296875
4 0.17421875 0.2546875 0.1046875 0.0375