2 0.87265625 0.2265625 0.2328125 0.2765625
2 0.38046875 0.23046875 0.23515625 0.26484375
2 0.1328125 0.22890625 0.23828125 0.2609375
4 0.6671875 0.76953125 0.29453125 0.0421875
2 0.24921875 0.76875 0.496875 0.24375
2 0.6234375 0.23359375 0.23046875 0.265625
4 0.79140625 0.1640625 0.04765625 0.0328125
4 0.18671875 0.77109375 0.31171875 0.04140625
4 0.55234375 0.1609375 0.0609375 0.0375
4 0.1859375 0.50859375 0.31015625 0.03671875
4 0.05703125 0.45390625 0.053125 0.0359375
0 0.8015625 0.30390625 0.06875 0.0625
4 0.06015625 0.7109375 0.06015625 0.03515625
4 0.05859375 0.16015625 0.059375 0.03515625
0 0.55390625 0.3046875 0.06796875 0.06640625
4 0.3078125 0.16328125 0.059375 0.04296875
4 0.50234375 0.95546875 0.134375 0.0578125
0 0.13515625 0.03984375 0.07578125 0.07578125
0 0.55390625 0.81953125 0.06796875 0.0625
0 0.05625 0.0390625 0.07421875 0.07265625
0 0.06015625 0.3046875 0.0734375 0.0625
0 0.30859375 0.3046875 0.06953125 0.0625
0 0.0546875 0.5640625 0.06953125 0.0625
0 0.0546875 0.82109375 0.06875 0.06328125
4 0.11328125 0.2203125 0.17265625 0.02578125
4 0.08984375 0.25 0.13203125 0.0359375
4 0.35703125 0.2171875 0.1703125 0.025
4 0.34765625 0.24921875 0.1515625 0.034375
4 0.61015625 0.2203125 0.175 0.0390625
4 0.57578125 0.25078125 0.11328125 0.025
4 0.86171875 0.21640625 0.1796875 0.02890625
4 0.82421875 0.25390625 0.11171875 0.03125
4 0.54921875 0.715625 0.04296875 0.04609375
2 0.5015625 0.5125 0.98046875 0.2359375
2 0.74609375 0.771875 0.48125 0.23984375