4 0.56953125 0.76953125 0.1046875 0.03828125
2 0.134375 0.7515625 0.2296875 0.28046875
2 0.86953125 0.7546875 0.2375 0.27734375
2 0.25 0.47890625 0.48828125 0.253125
4 0.546875 0.6796875 0.04921875 0.03828125
4 0.67734375 0.47578125 0.3109375 0.0421875
4 0.5546875 0.4203125 0.06171875 0.0390625
4 0.79609375 0.684375 0.0546875 0.03515625
4 0.18984375 0.21953125 0.3234375 0.03515625
4 0.05234375 0.68671875 0.04453125 0.0328125
0 0.55 0.82421875 0.0546875 0.065625
4 0.17734375 0.47265625 0.30078125 0.0421875
0 0.8 0.82421875 0.06015625 0.06015625
4 0.0625 0.41875 0.0640625 0.03671875
0 0.05078125 0.8265625 0.0578125 0.0640625
0 0.55546875 0.52734375 0.06640625 0.0578125
4 0.0609375 0.16328125 0.06171875 0.0375
4 0.5015625 0.95546875 0.134375 0.05703125
0 0.1359375 0.03984375 0.075 0.07890625
0 0.0578125 0.0390625 0.0765625 0.0734375
0 0.05625 0.27109375 0.065625 0.0640625
0 0.30859375 0.825 0.0734375 0.0609375
0 0.2171875 0.0390625 0.07890625 0.075
0 0.059375 0.528125 0.0703125 0.06171875
4 0.1171875 0.73828125 0.18125 0.0359375
4 0.09453125 0.76875 0.1375 0.02421875
4 0.29921875 0.6875 0.05859375 0.05390625
4 0.36328125 0.73984375 0.1796875 0.02578125
4 0.334375 0.77109375 0.12890625 0.0359375
4 0.61640625 0.73828125 0.19296875 0.0328125
4 0.834375 0.7390625 0.12578125 0.025
4 0.86484375 0.76953125 0.18984375 0.03671875
2 0.5 0.225 0.9796875 0.23203125
2 0.7484375 0.47734375 0.48515625 0.24609375
2 0.3765625 0.74921875 0.23671875 0.259375
2 0.62578125 0.75234375 0.2390625 0.2640625