4 0.43046875 0.76953125 0.1046875 0.03828125
2 0.865625 0.7515625 0.2296875 0.28046875
2 0.13046875 0.7546875 0.2375 0.27734375
2 0.75 0.47890625 0.48828125 0.253125
4 0.453125 0.6796875 0.04921875 0.03828125
4 0.32265625 0.47578125 0.3109375 0.0421875
4 0.4453125 0.4203125 0.06171875 0.0390625
4 0.20390625 0.684375 0.0546875 0.03515625
4 0.81015625 0.21953125 0.3234375 0.03515625
4 0.94765625 0.68671875 0.04453125 0.0328125
0 0.45 0.82421875 0.0546875 0.065625
4 0.82265625 0.47265625 0.30078125 0.0421875
0 0.2 0.82421875 0.06015625 0.06015625
4 0.9375 0.41875 0.0640625 0.03671875
0 0.94921875 0.8265625 0.0578125 0.0640625
0 0.44453125 0.52734375 0.06640625 0.0578125
4 0.9390625 0.16328125 0.06171875 0.0375
4 0.4984375 0.95546875 0.134375 0.05703125
0 0.8640625 0.03984375 0.075 0.07890625
0 0.9421875 0.0390625 0.0765625 0.0734375
0 0.94375 0.27109375 0.065625 0.0640625
0 0.69140625 0.825 0.0734375 0.0609375
0 0.7828125 0.0390625 0.07890625 0.075
0 0.940625 0.528125 0.0703125 0.06171875
4 0.8828125 0.73828125 0.18125 0.0359375
4 0.90546875 0.76875 0.1375 0.02421875
4 0.70078125 0.6875 0.05859375 0.05390625
4 0.63671875 0.73984375 0.1796875 0.02578125
4 0.665625 0.77109375 0.12890625 0.0359375
4 0.38359375 0.73828125 0.19296875 0.0328125
4 0.165625 0.7390625 0.12578125 0.025
4 0.13515625 0.76953125 0.18984375 0.03671875
2 0.5 0.225 0.9796875 0.23203125
2 0.2515625 0.47734375 0.48515625 0.24609375
2 0.6234375 0.74921875 0.23671875 0.259375
2 0.37421875 0.75234375 0.2390625 0.2640625