2 0.746875 0.21640625 0.49609375 0.2484375
4 0.67578125 0.22109375 0.303125 0.04140625
2 0.24765625 0.21796875 0.49375 0.24375
4 0.55546875 0.15546875 0.06484375 0.040625
4 0.1828125 0.48046875 0.31015625 0.040625
4 0.18828125 0.2125 0.35625 0.06484375
4 0.059375 0.4203125 0.0609375 0.03671875
4 0.5015625 0.6640625 0.134375 0.05546875
4 0.06171875 0.159375 0.06171875 0.03828125
0 0.06328125 0.53125 0.075 0.06328125
0 0.5515625 0.26953125 0.0609375 0.06328125
0 0.053125 0.0390625 0.06953125 0.07109375
0 0.27109375 0.04140625 0.08125 0.07890625
0 0.19921875 0.0390625 0.059375 0.07578125
0 0.12890625 0.03984375 0.07578125 0.075
0 0.06015625 0.26640625 0.06875 0.0609375
2 0.5046875 0.48125 0.984375 0.23359375