2 0.87109375 0.75703125 0.23984375 0.2828125
4 0.453125 0.16328125 0.03984375 0.03203125
4 0.1875 0.76953125 0.096875 0.0375
2 0.13125 0.75390625 0.24296875 0.275
2 0.74609375 0.22109375 0.478125 0.23125
4 0.1984375 0.684375 0.06796875 0.0375
4 0.80390625 0.21484375 0.3625 0.0625
4 0.6953125 0.68046875 0.05859375 0.0390625
4 0.93984375 0.42421875 0.0609375 0.03515625
0 0.95078125 0.53203125 0.0546875 0.06328125
0 0.1984375 0.825 0.0703125 0.05859375
4 0.80859375 0.48125 0.3328125 0.04140625
0 0.45390625 0.8265625 0.0546875 0.059375
4 0.44921875 0.68203125 0.0546875 0.040625
0 0.45078125 0.26796875 0.059375 0.065625
0 0.7265625 0.04375 0.0734375 0.08125
4 0.93671875 0.16015625 0.06171875 0.03671875
4 0.9390625 0.68125 0.059375 0.0421875
4 0.4984375 0.95546875 0.13515625 0.05546875
0 0.646875 0.040625 0.078125 0.07578125
0 0.94765625 0.825 0.06171875 0.06640625
0 0.86953125 0.0390625 0.0734375 0.07578125
0 0.69609375 0.82578125 0.0640625 0.06328125
0 0.9453125 0.03828125 0.07265625 0.07265625
0 0.940625 0.26640625 0.06953125 0.06328125
0 0.79921875 0.03828125 0.06328125 0.075
4 0.31796875 0.21484375 0.3203125 0.04375
4 0.8765625 0.73828125 0.190625 0.03984375
4 0.92265625 0.771875 0.1046875 0.03125
2 0.24765625 0.2125 0.4828125 0.2453125
2 0.50234375 0.48515625 0.9796875 0.2453125
4 0.62421875 0.740625 0.1984375 0.0375
4 0.66796875 0.771875 0.11328125 0.03125
4 0.3875 0.73984375 0.18359375 0.0328125
4 0.41328125 0.77109375 0.12578125 0.03125
4 0.13125 0.74140625 0.19921875 0.0390625
2 0.3765625 0.75234375 0.23828125 0.26171875
2 0.6234375 0.7578125 0.23671875 0.2625