2 0.12890625 0.75703125 0.23984375 0.2828125
4 0.546875 0.16328125 0.03984375 0.03203125
4 0.8125 0.76953125 0.096875 0.0375
2 0.86875 0.75390625 0.24296875 0.275
2 0.25390625 0.22109375 0.478125 0.23125
4 0.8015625 0.684375 0.06796875 0.0375
4 0.19609375 0.21484375 0.3625 0.0625
4 0.3046875 0.68046875 0.05859375 0.0390625
4 0.06015625 0.42421875 0.0609375 0.03515625
0 0.04921875 0.53203125 0.0546875 0.06328125
0 0.8015625 0.825 0.0703125 0.05859375
4 0.19140625 0.48125 0.3328125 0.04140625
0 0.54609375 0.8265625 0.0546875 0.059375
4 0.55078125 0.68203125 0.0546875 0.040625
0 0.54921875 0.26796875 0.059375 0.065625
0 0.2734375 0.04375 0.0734375 0.08125
4 0.06328125 0.16015625 0.06171875 0.03671875
4 0.0609375 0.68125 0.059375 0.0421875
4 0.5015625 0.95546875 0.13515625 0.05546875
0 0.353125 0.040625 0.078125 0.07578125
0 0.05234375 0.825 0.06171875 0.06640625
0 0.13046875 0.0390625 0.0734375 0.07578125
0 0.30390625 0.82578125 0.0640625 0.06328125
0 0.0546875 0.03828125 0.07265625 0.07265625
0 0.059375 0.26640625 0.06953125 0.06328125
0 0.20078125 0.03828125 0.06328125 0.075
4 0.68203125 0.21484375 0.3203125 0.04375
4 0.1234375 0.73828125 0.190625 0.03984375
4 0.07734375 0.771875 0.1046875 0.03125
2 0.75234375 0.2125 0.4828125 0.2453125
2 0.49765625 0.48515625 0.9796875 0.2453125
4 0.37578125 0.740625 0.1984375 0.0375
4 0.33203125 0.771875 0.11328125 0.03125
4 0.6125 0.73984375 0.18359375 0.0328125
4 0.58671875 0.77109375 0.12578125 0.03125
4 0.86875 0.74140625 0.19921875 0.0390625
2 0.6234375 0.75234375 0.23828125 0.26171875
2 0.3765625 0.7578125 0.23671875 0.2625