2 0.24765625 0.2203125 0.48671875 0.23828125
2 0.2578125 0.48125 0.4796875 0.2328125
2 0.75234375 0.4796875 0.48984375 0.23515625
4 0.55234375 0.42109375 0.05625 0.0375
4 0.68203125 0.4765625 0.315625 0.0484375
4 0.67421875 0.21875 0.30234375 0.04609375
4 0.05234375 0.68125 0.046875 0.03359375
4 0.55390625 0.159375 0.05546875 0.0359375
4 0.1921875 0.73515625 0.321875 0.0375
4 0.18671875 0.47734375 0.31640625 0.04375
0 0.546875 0.2703125 0.05078125 0.05859375
4 0.17578125 0.2109375 0.3109375 0.05625
0 0.04765625 0.528125 0.053125 0.0609375
4 0.06015625 0.1578125 0.0546875 0.0390625
4 0.5015625 0.92265625 0.1359375 0.05
4 0.0578125 0.41875 0.06015625 0.03828125
0 0.06484375 0.790625 0.07734375 0.06484375
0 0.13984375 0.040625 0.0765625 0.075
0 0.5546875 0.5265625 0.06484375 0.0609375
0 0.290625 0.0390625 0.0796875 0.07578125
0 0.21484375 0.03984375 0.0640625 0.075
0 0.05546875 0.03984375 0.0734375 0.071875
0 0.05703125 0.26796875 0.06796875 0.06015625
2 0.5015625 0.74453125 0.9859375 0.24765625
2 0.7484375 0.2171875 0.47734375 0.23984375