2 0.75234375 0.2203125 0.48671875 0.23828125
2 0.7421875 0.48125 0.4796875 0.2328125
2 0.24765625 0.4796875 0.48984375 0.23515625
4 0.44765625 0.42109375 0.05625 0.0375
4 0.31796875 0.4765625 0.315625 0.0484375
4 0.32578125 0.21875 0.30234375 0.04609375
4 0.94765625 0.68125 0.046875 0.03359375
4 0.44609375 0.159375 0.05546875 0.0359375
4 0.8078125 0.73515625 0.321875 0.0375
4 0.81328125 0.47734375 0.31640625 0.04375
0 0.453125 0.2703125 0.05078125 0.05859375
4 0.82421875 0.2109375 0.3109375 0.05625
0 0.95234375 0.528125 0.053125 0.0609375
4 0.93984375 0.1578125 0.0546875 0.0390625
4 0.4984375 0.92265625 0.1359375 0.05
4 0.9421875 0.41875 0.06015625 0.03828125
0 0.93515625 0.790625 0.07734375 0.06484375
0 0.86015625 0.040625 0.0765625 0.075
0 0.4453125 0.5265625 0.06484375 0.0609375
0 0.709375 0.0390625 0.0796875 0.07578125
0 0.78515625 0.03984375 0.0640625 0.075
0 0.94453125 0.03984375 0.0734375 0.071875
0 0.94296875 0.26796875 0.06796875 0.06015625
2 0.4984375 0.74453125 0.9859375 0.24765625
2 0.2515625 0.2171875 0.47734375 0.23984375