4 0.684375 0.4796875 0.32109375 0.0390625
2 0.25078125 0.4765625 0.496875 0.26171875
2 0.50078125 0.2203125 0.9859375 0.2390625
2 0.75 0.47421875 0.5 0.2484375
4 0.54609375 0.41953125 0.0390625 0.03828125
4 0.18515625 0.21953125 0.315625 0.0453125
4 0.05625 0.41953125 0.05234375 0.0390625
4 0.05703125 0.16171875 0.06015625 0.03671875
4 0.17890625 0.47578125 0.3140625 0.0359375
4 0.5015625 0.665625 0.1328125 0.05859375
0 0.05703125 0.0390625 0.07421875 0.06796875
0 0.06171875 0.27109375 0.07265625 0.0625
0 0.55625 0.528125 0.06796875 0.06328125
0 0.27578125 0.03984375 0.07265625 0.07734375
0 0.13203125 0.03984375 0.06484375 0.07578125
0 0.0609375 0.52734375 0.07109375 0.0625
0 0.20234375 0.0390625 0.06640625 0.0765625