4 0.315625 0.4796875 0.32109375 0.0390625
2 0.74921875 0.4765625 0.496875 0.26171875
2 0.49921875 0.2203125 0.9859375 0.2390625
2 0.25 0.47421875 0.5 0.2484375
4 0.45390625 0.41953125 0.0390625 0.03828125
4 0.81484375 0.21953125 0.315625 0.0453125
4 0.94375 0.41953125 0.05234375 0.0390625
4 0.94296875 0.16171875 0.06015625 0.03671875
4 0.82109375 0.47578125 0.3140625 0.0359375
4 0.4984375 0.665625 0.1328125 0.05859375
0 0.94296875 0.0390625 0.07421875 0.06796875
0 0.93828125 0.27109375 0.07265625 0.0625
0 0.44375 0.528125 0.06796875 0.06328125
0 0.72421875 0.03984375 0.07265625 0.07734375
0 0.86796875 0.03984375 0.06484375 0.07578125
0 0.9390625 0.52734375 0.07109375 0.0625
0 0.79765625 0.0390625 0.06640625 0.0765625