2 0.25234375 0.5125 0.48671875 0.2390625
2 0.3796875 0.23046875 0.2296875 0.26484375
4 0.44296875 0.44921875 0.0671875 0.03671875
2 0.1296875 0.23125 0.23125 0.27578125
2 0.86875 0.23125 0.23359375 0.2625
2 0.74921875 0.50546875 0.49140625 0.23046875
4 0.81796875 0.7640625 0.32421875 0.0453125
4 0.32578125 0.50703125 0.30703125 0.046875
4 0.94765625 0.71484375 0.04609375 0.02734375
4 0.4359375 0.246875 0.0953125 0.04140625
4 0.8171875 0.50859375 0.3203125 0.03828125
4 0.45390625 0.1609375 0.05390625 0.03515625
4 0.9484375 0.165625 0.04921875 0.0375
0 0.453125 0.55703125 0.05859375 0.06484375
0 0.1984375 0.30625 0.0640625 0.0609375
4 0.94296875 0.45390625 0.0484375 0.0359375
4 0.20234375 0.16328125 0.05859375 0.03515625
4 0.69296875 0.1640625 0.05546875 0.040625
0 0.93984375 0.03828125 0.0796875 0.07265625
0 0.44296875 0.30390625 0.07578125 0.06328125
0 0.9390625 0.825 0.07734375 0.059375
0 0.69375 0.3046875 0.065625 0.0609375
4 0.4984375 0.95625 0.13671875 0.05078125
0 0.9484375 0.55859375 0.0640625 0.06015625
0 0.85625 0.040625 0.07890625 0.071875
0 0.94140625 0.3046875 0.071875 0.0609375
4 0.88359375 0.22109375 0.178125 0.03125
4 0.90703125 0.2515625 0.13046875 0.02890625
4 0.62734375 0.22109375 0.2015625 0.02734375
4 0.66875 0.246875 0.12109375 0.03046875
4 0.38203125 0.21484375 0.19609375 0.03046875
4 0.16328125 0.21953125 0.13828125 0.02734375
4 0.15078125 0.25 0.159375 0.03125
2 0.62421875 0.23125 0.23828125 0.2640625
2 0.49921875 0.771875 0.98203125 0.24765625