2 0.246875 0.21796875 0.47890625 0.23828125
4 0.55703125 0.15703125 0.06171875 0.0375
4 0.17890625 0.21484375 0.2984375 0.04921875
4 0.0609375 0.15703125 0.0625 0.0375
4 0.5015625 0.4046875 0.13359375 0.0609375
0 0.04921875 0.0390625 0.0609375 0.0734375
0 0.1203125 0.03984375 0.07578125 0.075
0 0.55625 0.2671875 0.0703125 0.06484375
0 0.06015625 0.26796875 0.071875 0.065625
0 0.2046875 0.03828125 0.0796875 0.075
4 0.68359375 0.2203125 0.3171875 0.0359375
2 0.74609375 0.21640625 0.48203125 0.23828125