4 0.32265625 0.4796875 0.3 0.03984375
2 0.740625 0.48046875 0.48984375 0.2453125
4 0.4515625 0.4203125 0.04609375 0.040625
4 0.8234375 0.2125 0.3171875 0.0671875
0 0.94609375 0.27109375 0.05859375 0.0625
4 0.94375 0.42109375 0.0546875 0.0359375
4 0.79453125 0.47421875 0.35234375 0.0625
4 0.94609375 0.1609375 0.05078125 0.03828125
4 0.4984375 0.665625 0.1328125 0.05859375
0 0.88515625 0.040625 0.06640625 0.0734375
0 0.93984375 0.52734375 0.071875 0.0640625
0 0.4421875 0.52734375 0.071875 0.0625
0 0.80703125 0.040625 0.078125 0.07734375
0 0.94921875 0.0390625 0.0625 0.07109375
0 0.728125 0.04140625 0.071875 0.07578125
2 0.5015625 0.22421875 0.984375 0.23125
2 0.25078125 0.48125 0.48203125 0.24140625