2 0.75234375 0.48203125 0.49296875 0.2421875
4 0.83046875 0.21875 0.2921875 0.0390625
2 0.49609375 0.22578125 0.984375 0.23515625
4 0.82265625 0.4734375 0.3015625 0.0484375
2 0.25390625 0.47890625 0.48515625 0.2453125
4 0.32421875 0.47578125 0.29921875 0.0421875
4 0.43828125 0.415625 0.071875 0.04609375
4 0.94765625 0.4203125 0.046875 0.03046875
4 0.94453125 0.165625 0.0578125 0.0375
0 0.45078125 0.52890625 0.0578125 0.06484375
4 0.4984375 0.66484375 0.13359375 0.06015625
0 0.9390625 0.2703125 0.071875 0.06328125
0 0.865625 0.040625 0.07578125 0.075
0 0.95 0.5296875 0.059375 0.0640625
0 0.94453125 0.040625 0.07421875 0.071875
0 0.79609375 0.0390625 0.06171875 0.075