2 0.24765625 0.48203125 0.49296875 0.2421875
4 0.16953125 0.21875 0.2921875 0.0390625
2 0.50390625 0.22578125 0.984375 0.23515625
4 0.17734375 0.4734375 0.3015625 0.0484375
2 0.74609375 0.47890625 0.48515625 0.2453125
4 0.67578125 0.47578125 0.29921875 0.0421875
4 0.56171875 0.415625 0.071875 0.04609375
4 0.05234375 0.4203125 0.046875 0.03046875
4 0.05546875 0.165625 0.0578125 0.0375
0 0.54921875 0.52890625 0.0578125 0.06484375
4 0.5015625 0.66484375 0.13359375 0.06015625
0 0.0609375 0.2703125 0.071875 0.06328125
0 0.134375 0.040625 0.07578125 0.075
0 0.05 0.5296875 0.059375 0.0640625
0 0.05546875 0.040625 0.07421875 0.071875
0 0.20390625 0.0390625 0.06171875 0.075