2 0.86875 0.7578125 0.2453125 0.28828125
4 0.6 0.7734375 0.16953125 0.025
4 0.6671875 0.215625 0.28671875 0.04296875
4 0.55078125 0.1625 0.046875 0.03828125
2 0.49921875 0.4828125 0.98828125 0.23515625
2 0.1265625 0.75234375 0.2390625 0.2671875
2 0.25234375 0.2171875 0.49140625 0.25078125
4 0.7984375 0.6828125 0.06171875 0.03984375
4 0.07421875 0.7671875 0.1015625 0.0375
4 0.05703125 0.4203125 0.06171875 0.034375
0 0.2984375 0.825 0.0546875 0.05625
4 0.178125 0.4765625 0.30546875 0.03828125
4 0.55078125 0.68359375 0.05859375 0.04375
4 0.19609375 0.2140625 0.35234375 0.0375
0 0.05234375 0.53046875 0.05859375 0.06328125
4 0.3046875 0.68203125 0.06171875 0.0375
0 0.803125 0.821875 0.07421875 0.059375
4 0.05234375 0.15625 0.0453125 0.034375
4 0.05703125 0.684375 0.0515625 0.04453125
4 0.5015625 0.95546875 0.134375 0.05703125
0 0.5546875 0.2671875 0.06796875 0.0625
0 0.05703125 0.82421875 0.0671875 0.059375
0 0.0546875 0.03984375 0.07109375 0.0703125
0 0.1265625 0.03984375 0.06640625 0.0734375
0 0.55390625 0.825 0.071875 0.0625
0 0.05859375 0.2671875 0.06640625 0.06171875
4 0.12734375 0.74140625 0.19921875 0.03359375
4 0.36796875 0.74140625 0.1890625 0.0296875
4 0.328125 0.7703125 0.11484375 0.03515625
4 0.59921875 0.73671875 0.15390625 0.0296875
4 0.86796875 0.740625 0.20078125 0.03203125
4 0.81875 0.76875 0.10546875 0.02421875
2 0.75078125 0.2140625 0.47734375 0.23828125
2 0.3765625 0.75234375 0.23125 0.26171875
2 0.62265625 0.75625 0.23671875 0.26328125