2 0.13125 0.7578125 0.2453125 0.28828125
4 0.4 0.7734375 0.16953125 0.025
4 0.3328125 0.215625 0.28671875 0.04296875
4 0.44921875 0.1625 0.046875 0.03828125
2 0.50078125 0.4828125 0.98828125 0.23515625
2 0.8734375 0.75234375 0.2390625 0.2671875
2 0.74765625 0.2171875 0.49140625 0.25078125
4 0.2015625 0.6828125 0.06171875 0.03984375
4 0.92578125 0.7671875 0.1015625 0.0375
4 0.94296875 0.4203125 0.06171875 0.034375
0 0.7015625 0.825 0.0546875 0.05625
4 0.821875 0.4765625 0.30546875 0.03828125
4 0.44921875 0.68359375 0.05859375 0.04375
4 0.80390625 0.2140625 0.35234375 0.0375
0 0.94765625 0.53046875 0.05859375 0.06328125
4 0.6953125 0.68203125 0.06171875 0.0375
0 0.196875 0.821875 0.07421875 0.059375
4 0.94765625 0.15625 0.0453125 0.034375
4 0.94296875 0.684375 0.0515625 0.04453125
4 0.4984375 0.95546875 0.134375 0.05703125
0 0.4453125 0.2671875 0.06796875 0.0625
0 0.94296875 0.82421875 0.0671875 0.059375
0 0.9453125 0.03984375 0.07109375 0.0703125
0 0.8734375 0.03984375 0.06640625 0.0734375
0 0.44609375 0.825 0.071875 0.0625
0 0.94140625 0.2671875 0.06640625 0.06171875
4 0.87265625 0.74140625 0.19921875 0.03359375
4 0.63203125 0.74140625 0.1890625 0.0296875
4 0.671875 0.7703125 0.11484375 0.03515625
4 0.40078125 0.73671875 0.15390625 0.0296875
4 0.13203125 0.740625 0.20078125 0.03203125
4 0.18125 0.76875 0.10546875 0.02421875
2 0.24921875 0.2140625 0.47734375 0.23828125
2 0.6234375 0.75234375 0.23125 0.26171875
2 0.37734375 0.75625 0.23671875 0.26328125