0 0.15546875 0.04140625 0.1296875 0.08125
2 0.12578125 0.49453125 0.234375 0.25859375
2 0.86796875 0.4859375 0.2359375 0.27734375
4 0.80078125 0.42265625 0.059375 0.0375
4 0.18515625 0.22265625 0.31171875 0.034375
4 0.54765625 0.42265625 0.04921875 0.0375
0 0.053125 0.27265625 0.0609375 0.0625
4 0.05390625 0.16640625 0.0515625 0.03984375
4 0.303125 0.4203125 0.05859375 0.03828125
4 0.05859375 0.4234375 0.0609375 0.0359375
0 0.803125 0.565625 0.07421875 0.06328125
0 0.05 0.5671875 0.05859375 0.06484375
4 0.5015625 0.6984375 0.13828125 0.05546875
0 0.0578125 0.03828125 0.078125 0.0703125
0 0.55234375 0.5671875 0.0703125 0.0640625
0 0.30390625 0.56640625 0.06640625 0.06484375
0 0.20234375 0.040625 0.06953125 0.075
0 0.27578125 0.03828125 0.06796875 0.075
0 0.1296875 0.03984375 0.06328125 0.078125
4 0.1234375 0.48046875 0.1921875 0.0328125
4 0.08203125 0.51015625 0.10234375 0.02421875
4 0.37265625 0.48203125 0.196875 0.03046875
4 0.32421875 0.51015625 0.1109375 0.0328125
4 0.62265625 0.48203125 0.209375 0.0375
4 0.57265625 0.51015625 0.10546875 0.0296875
4 0.86015625 0.47890625 0.1890625 0.02578125
4 0.83203125 0.50703125 0.13828125 0.0328125
2 0.5015625 0.221875 0.984375 0.2359375
2 0.375 0.49375 0.234375 0.26328125
2 0.62265625 0.49296875 0.24140625 0.26484375