0 0.84453125 0.04140625 0.1296875 0.08125
2 0.87421875 0.49453125 0.234375 0.25859375
2 0.13203125 0.4859375 0.2359375 0.27734375
4 0.19921875 0.42265625 0.059375 0.0375
4 0.81484375 0.22265625 0.31171875 0.034375
4 0.45234375 0.42265625 0.04921875 0.0375
0 0.946875 0.27265625 0.0609375 0.0625
4 0.94609375 0.16640625 0.0515625 0.03984375
4 0.696875 0.4203125 0.05859375 0.03828125
4 0.94140625 0.4234375 0.0609375 0.0359375
0 0.196875 0.565625 0.07421875 0.06328125
0 0.95 0.5671875 0.05859375 0.06484375
4 0.4984375 0.6984375 0.13828125 0.05546875
0 0.9421875 0.03828125 0.078125 0.0703125
0 0.44765625 0.5671875 0.0703125 0.0640625
0 0.69609375 0.56640625 0.06640625 0.06484375
0 0.79765625 0.040625 0.06953125 0.075
0 0.72421875 0.03828125 0.06796875 0.075
0 0.8703125 0.03984375 0.06328125 0.078125
4 0.8765625 0.48046875 0.1921875 0.0328125
4 0.91796875 0.51015625 0.10234375 0.02421875
4 0.62734375 0.48203125 0.196875 0.03046875
4 0.67578125 0.51015625 0.1109375 0.0328125
4 0.37734375 0.48203125 0.209375 0.0375
4 0.42734375 0.51015625 0.10546875 0.0296875
4 0.13984375 0.47890625 0.1890625 0.02578125
4 0.16796875 0.50703125 0.13828125 0.0328125
2 0.4984375 0.221875 0.984375 0.2359375
2 0.625 0.49375 0.234375 0.26328125
2 0.37734375 0.49296875 0.24140625 0.26484375