2 0.8703125 0.49296875 0.23046875 0.27109375
0 0.15703125 0.0421875 0.146875 0.0828125
2 0.1265625 0.49140625 0.23046875 0.25625
2 0.74453125 0.76875 0.4953125 0.23828125
4 0.553125 0.7078125 0.0640625 0.04453125
4 0.7984375 0.4234375 0.05546875 0.03359375
2 0.25390625 0.77265625 0.4828125 0.24765625
4 0.68046875 0.77109375 0.309375 0.0484375
4 0.540625 0.4234375 0.0390625 0.0296875
4 0.05625 0.71171875 0.05390625 0.0359375
4 0.16953125 0.7671875 0.28203125 0.03984375
4 0.3046875 0.421875 0.06015625 0.03828125
4 0.18359375 0.21640625 0.3109375 0.04140625
0 0.79921875 0.5671875 0.0609375 0.0609375
4 0.05703125 0.1609375 0.06015625 0.0375
0 0.546875 0.5671875 0.059375 0.06484375
0 0.06015625 0.2703125 0.0671875 0.0609375
4 0.5015625 0.9546875 0.13515625 0.0578125
0 0.05234375 0.56796875 0.05859375 0.0609375
4 0.06484375 0.42578125 0.07109375 0.03515625
0 0.553125 0.8203125 0.06796875 0.06484375
0 0.30625 0.565625 0.06953125 0.0625
0 0.12734375 0.03828125 0.07109375 0.075
0 0.0578125 0.82109375 0.071875 0.06484375
0 0.05234375 0.03984375 0.06796875 0.07265625
0 0.20234375 0.040625 0.06953125 0.075
4 0.12109375 0.478125 0.18671875 0.0375
4 0.096875 0.51171875 0.14140625 0.03671875
4 0.36875 0.48203125 0.18984375 0.03203125
4 0.33984375 0.51171875 0.13671875 0.0328125
4 0.615625 0.47890625 0.190625 0.03125
4 0.5796875 0.5109375 0.1171875 0.0375
4 0.8578125 0.48125 0.1796875 0.03359375
4 0.84140625 0.5125 0.1515625 0.02578125
2 0.50078125 0.22265625 0.98046875 0.2359375
2 0.375 0.4921875 0.23984375 0.25859375
2 0.6234375 0.4953125 0.23671875 0.2609375