2 0.1296875 0.49296875 0.23046875 0.27109375
0 0.84296875 0.0421875 0.146875 0.0828125
2 0.8734375 0.49140625 0.23046875 0.25625
2 0.25546875 0.76875 0.4953125 0.23828125
4 0.446875 0.7078125 0.0640625 0.04453125
4 0.2015625 0.4234375 0.05546875 0.03359375
2 0.74609375 0.77265625 0.4828125 0.24765625
4 0.31953125 0.77109375 0.309375 0.0484375
4 0.459375 0.4234375 0.0390625 0.0296875
4 0.94375 0.71171875 0.05390625 0.0359375
4 0.83046875 0.7671875 0.28203125 0.03984375
4 0.6953125 0.421875 0.06015625 0.03828125
4 0.81640625 0.21640625 0.3109375 0.04140625
0 0.20078125 0.5671875 0.0609375 0.0609375
4 0.94296875 0.1609375 0.06015625 0.0375
0 0.453125 0.5671875 0.059375 0.06484375
0 0.93984375 0.2703125 0.0671875 0.0609375
4 0.4984375 0.9546875 0.13515625 0.0578125
0 0.94765625 0.56796875 0.05859375 0.0609375
4 0.93515625 0.42578125 0.07109375 0.03515625
0 0.446875 0.8203125 0.06796875 0.06484375
0 0.69375 0.565625 0.06953125 0.0625
0 0.87265625 0.03828125 0.07109375 0.075
0 0.9421875 0.82109375 0.071875 0.06484375
0 0.94765625 0.03984375 0.06796875 0.07265625
0 0.79765625 0.040625 0.06953125 0.075
4 0.87890625 0.478125 0.18671875 0.0375
4 0.903125 0.51171875 0.14140625 0.03671875
4 0.63125 0.48203125 0.18984375 0.03203125
4 0.66015625 0.51171875 0.13671875 0.0328125
4 0.384375 0.47890625 0.190625 0.03125
4 0.4203125 0.5109375 0.1171875 0.0375
4 0.1421875 0.48125 0.1796875 0.03359375
4 0.15859375 0.5125 0.1515625 0.02578125
2 0.49921875 0.22265625 0.98046875 0.2359375
2 0.625 0.4921875 0.23984375 0.25859375
2 0.3765625 0.4953125 0.23671875 0.2609375