2 0.8703125 0.22734375 0.234375 0.26953125
2 0.62265625 0.2296875 0.23203125 0.2609375
4 0.1875 0.76484375 0.321875 0.0359375
2 0.2484375 0.50703125 0.49609375 0.23984375
2 0.134375 0.23046875 0.23359375 0.26640625
4 0.67890625 0.5046875 0.309375 0.03671875
2 0.375 0.2328125 0.2296875 0.2703125
4 0.55234375 0.44765625 0.0640625 0.0359375
4 0.79765625 0.16484375 0.05234375 0.0390625
4 0.178125 0.50703125 0.30234375 0.03984375
4 0.0578125 0.446875 0.05703125 0.03359375
4 0.0609375 0.71640625 0.065625 0.03515625
0 0.8015625 0.3046875 0.0734375 0.059375
4 0.2984375 0.1671875 0.04296875 0.0296875
4 0.053125 0.16875 0.04609375 0.0453125
0 0.55546875 0.3046875 0.06953125 0.0609375
0 0.55 0.55859375 0.06484375 0.06171875
0 0.06015625 0.5546875 0.071875 0.059375
0 0.05 0.30625 0.059375 0.0625
0 0.30703125 0.303125 0.0671875 0.059375
0 0.28359375 0.03984375 0.07265625 0.0734375
0 0.05234375 0.03984375 0.0671875 0.07265625
0 0.12734375 0.03828125 0.07578125 0.07265625
4 0.5015625 0.95625 0.13671875 0.05078125
0 0.20625 0.03984375 0.07421875 0.075
0 0.35625 0.03984375 0.06875 0.075
0 0.05546875 0.82578125 0.06875 0.065625
4 0.0953125 0.22109375 0.1359375 0.034375
4 0.11328125 0.25234375 0.1796875 0.03046875
4 0.34140625 0.21953125 0.1359375 0.0375
4 0.3546875 0.25234375 0.16328125 0.03046875
4 0.54765625 0.1734375 0.05390625 0.0453125
4 0.615625 0.2171875 0.19140625 0.03515625
4 0.5859375 0.24921875 0.13203125 0.034375
4 0.8640625 0.21875 0.196875 0.02890625
4 0.82265625 0.25 0.11640625 0.0359375
2 0.74921875 0.50859375 0.4796875 0.23984375
2 0.50234375 0.77109375 0.9796875 0.2359375