2 0.24609375 0.47890625 0.48984375 0.2375
4 0.34765625 0.7359375 0.14921875 0.0359375
4 0.8203125 0.73203125 0.10625 0.03203125
2 0.8703125 0.75625 0.23046875 0.28203125
2 0.50078125 0.21953125 0.98046875 0.23984375
2 0.12734375 0.75234375 0.24296875 0.25390625
2 0.3765625 0.75234375 0.2453125 0.27578125
4 0.08359375 0.7703125 0.1078125 0.03984375
0 0.296875 0.8265625 0.04921875 0.05703125
4 0.55546875 0.6828125 0.07109375 0.03515625
4 0.17890625 0.2234375 0.29921875 0.04140625
4 0.30078125 0.6828125 0.05390625 0.0359375
4 0.79765625 0.68515625 0.0515625 0.040625
4 0.559375 0.415625 0.06953125 0.0421875
4 0.68125 0.475 0.31484375 0.0390625
0 0.79921875 0.825 0.0609375 0.06015625
4 0.05859375 0.41796875 0.06171875 0.03671875
4 0.19296875 0.475 0.33984375 0.0421875
0 0.5484375 0.82578125 0.0546875 0.06484375
4 0.0625 0.6828125 0.0609375 0.0375
4 0.05546875 0.16484375 0.053125 0.0421875
4 0.5015625 0.95546875 0.13515625 0.05859375
0 0.125 0.040625 0.06640625 0.075
0 0.271875 0.03984375 0.06875 0.078125
0 0.553125 0.5296875 0.065625 0.06171875
0 0.06015625 0.52734375 0.071875 0.0625
0 0.06328125 0.271875 0.07578125 0.0640625
0 0.1984375 0.0390625 0.06875 0.07578125
0 0.3484375 0.03984375 0.07578125 0.07734375
0 0.05234375 0.03984375 0.0671875 0.071875
0 0.05625 0.825 0.07109375 0.06484375
4 0.115625 0.74296875 0.17734375 0.03984375
4 0.35078125 0.7703125 0.1546875 0.025
4 0.61796875 0.7390625 0.18984375 0.02421875
4 0.5921875 0.77109375 0.14296875 0.03359375
4 0.859375 0.7734375 0.18359375 0.0375
2 0.74609375 0.4765625 0.484375 0.2453125
2 0.621875 0.74921875 0.23203125 0.2625