2 0.75390625 0.47890625 0.48984375 0.2375
4 0.65234375 0.7359375 0.14921875 0.0359375
4 0.1796875 0.73203125 0.10625 0.03203125
2 0.1296875 0.75625 0.23046875 0.28203125
2 0.49921875 0.21953125 0.98046875 0.23984375
2 0.87265625 0.75234375 0.24296875 0.25390625
2 0.6234375 0.75234375 0.2453125 0.27578125
4 0.91640625 0.7703125 0.1078125 0.03984375
0 0.703125 0.8265625 0.04921875 0.05703125
4 0.44453125 0.6828125 0.07109375 0.03515625
4 0.82109375 0.2234375 0.29921875 0.04140625
4 0.69921875 0.6828125 0.05390625 0.0359375
4 0.20234375 0.68515625 0.0515625 0.040625
4 0.440625 0.415625 0.06953125 0.0421875
4 0.31875 0.475 0.31484375 0.0390625
0 0.20078125 0.825 0.0609375 0.06015625
4 0.94140625 0.41796875 0.06171875 0.03671875
4 0.80703125 0.475 0.33984375 0.0421875
0 0.4515625 0.82578125 0.0546875 0.06484375
4 0.9375 0.6828125 0.0609375 0.0375
4 0.94453125 0.16484375 0.053125 0.0421875
4 0.4984375 0.95546875 0.13515625 0.05859375
0 0.875 0.040625 0.06640625 0.075
0 0.728125 0.03984375 0.06875 0.078125
0 0.446875 0.5296875 0.065625 0.06171875
0 0.93984375 0.52734375 0.071875 0.0625
0 0.93671875 0.271875 0.07578125 0.0640625
0 0.8015625 0.0390625 0.06875 0.07578125
0 0.6515625 0.03984375 0.07578125 0.07734375
0 0.94765625 0.03984375 0.0671875 0.071875
0 0.94375 0.825 0.07109375 0.06484375
4 0.884375 0.74296875 0.17734375 0.03984375
4 0.64921875 0.7703125 0.1546875 0.025
4 0.38203125 0.7390625 0.18984375 0.02421875
4 0.4078125 0.77109375 0.14296875 0.03359375
4 0.140625 0.7734375 0.18359375 0.0375
2 0.25390625 0.4765625 0.484375 0.2453125
2 0.378125 0.74921875 0.23203125 0.2625