2 0.2515625 0.2171875 0.490625 0.2390625
4 0.67578125 0.2171875 0.29921875 0.03203125
4 0.1859375 0.215625 0.321875 0.0375
4 0.5578125 0.15859375 0.0671875 0.03515625
4 0.05234375 0.1625 0.0484375 0.0375
0 0.3609375 0.03984375 0.07734375 0.07890625
4 0.5015625 0.4046875 0.13359375 0.059375
0 0.28125 0.03984375 0.07421875 0.07890625
0 0.05546875 0.03984375 0.07421875 0.07109375
0 0.20546875 0.040625 0.071875 0.075
0 0.55546875 0.26875 0.06640625 0.06328125
0 0.05703125 0.26640625 0.06875 0.06328125
0 0.13046875 0.0390625 0.06875 0.075
2 0.7484375 0.21640625 0.4828125 0.23828125