2 0.12734375 0.7546875 0.22734375 0.28828125
2 0.2515625 0.2171875 0.48828125 0.2390625
4 0.321875 0.21328125 0.30703125 0.05390625
2 0.6203125 0.75390625 0.246875 0.2640625
4 0.6484375 0.7390625 0.1546875 0.03125
2 0.86953125 0.7546875 0.24296875 0.265625
2 0.746875 0.21953125 0.48671875 0.23203125
4 0.20078125 0.68046875 0.05859375 0.03984375
4 0.94453125 0.42265625 0.0546875 0.03515625
4 0.453125 0.6828125 0.05390625 0.0375
4 0.44375 0.15546875 0.0640625 0.0421875
4 0.69765625 0.68359375 0.05703125 0.0453125
4 0.82578125 0.2171875 0.2921875 0.0453125
0 0.20703125 0.82578125 0.05234375 0.059375
4 0.94765625 0.68359375 0.04453125 0.03359375
4 0.81484375 0.475 0.315625 0.03828125
0 0.4546875 0.82734375 0.05546875 0.0609375
4 0.940625 0.15859375 0.0625 0.0421875
0 0.8609375 0.04140625 0.06796875 0.075
4 0.4984375 0.95546875 0.13515625 0.05703125
0 0.93671875 0.53046875 0.07265625 0.0625
0 0.721875 0.03984375 0.0734375 0.07734375
0 0.4421875 0.2671875 0.071875 0.06484375
0 0.6421875 0.04140625 0.0796875 0.07734375
0 0.69375 0.825 0.06953125 0.0609375
0 0.9421875 0.26640625 0.06484375 0.059375
0 0.94296875 0.0390625 0.07734375 0.071875
0 0.94296875 0.825 0.06875 0.0625
0 0.7921875 0.03984375 0.059375 0.0765625
4 0.88515625 0.740625 0.1734375 0.03203125
4 0.9046875 0.76953125 0.13046875 0.03671875
4 0.3796875 0.7375 0.19453125 0.034375
4 0.42734375 0.7703125 0.1046875 0.0296875
4 0.16484375 0.740625 0.13203125 0.03203125
4 0.1421875 0.7734375 0.184375 0.034375
4 0.64609375 0.77265625 0.16328125 0.02578125
2 0.50078125 0.4828125 0.9796875 0.24375
2 0.375 0.7546875 0.23515625 0.2578125