4 0.72578125 0.09921875 0.51953125 0.1109375
4 0.20625 0.10625 0.34609375 0.07890625
4 0.22265625 0.24765625 0.109375 0.08203125
4 0.22421875 0.353125 0.109375 0.05859375
4 0.16484375 0.45 0.23125 0.0703125
4 0.20390625 0.5625 0.14140625 0.0671875
4 0.196875 0.67890625 0.171875 0.071875
4 0.7875 0.2625 0.109375 0.08203125
4 0.7734375 0.4109375 0.10390625 0.0671875
4 0.721875 0.57890625 0.215625 0.07421875
4 0.7453125 0.73125 0.153125 0.08203125
4 0.75390625 0.88203125 0.16171875 0.071875
5 0.3046875 0.23828125 0.01953125 0.03671875
5 0.309375 0.3375 0.0265625 0.05
5 0.30703125 0.45625 0.02578125 0.05703125
5 0.303125 0.56171875 0.0265625 0.05546875
5 0.30390625 0.6734375 0.03203125 0.06015625
1 0.865625 0.25546875 0.028125 0.0703125
1 0.86640625 0.40703125 0.0453125 0.0890625
1 0.86875 0.58671875 0.034375 0.08203125
1 0.86484375 0.734375 0.0421875 0.0953125
1 0.86484375 0.88359375 0.03828125 0.0890625