2 0.24921875 0.47578125 0.4828125 0.246875
0 0.16328125 0.04296875 0.13359375 0.08515625
2 0.496875 0.21796875 0.9921875 0.2375
4 0.68359375 0.4765625 0.31640625 0.02890625
2 0.13359375 0.7453125 0.24140625 0.259375
4 0.553125 0.68359375 0.06328125 0.0359375
4 0.303125 0.68515625 0.059375 0.0359375
4 0.790625 0.68359375 0.0421875 0.0328125
0 0.79140625 0.8265625 0.04921875 0.06015625
4 0.17890625 0.21796875 0.29921875 0.04140625
4 0.05703125 0.41953125 0.0546875 0.03671875
0 0.5484375 0.825 0.05390625 0.06484375
4 0.0578125 0.1640625 0.0640625 0.0375
4 0.18046875 0.4796875 0.31171875 0.03203125
4 0.5015625 0.95546875 0.134375 0.05859375
4 0.0609375 0.68203125 0.06171875 0.03984375
0 0.55625 0.528125 0.06640625 0.059375
0 0.059375 0.825 0.071875 0.06328125
0 0.2640625 0.03984375 0.06796875 0.075
0 0.05859375 0.27109375 0.06796875 0.06015625
0 0.1953125 0.03984375 0.059375 0.07578125
0 0.34140625 0.0390625 0.08046875 0.0765625
0 0.12734375 0.0390625 0.06953125 0.07578125
0 0.30703125 0.825 0.07109375 0.0609375
0 0.05234375 0.03828125 0.06796875 0.07109375
0 0.05859375 0.528125 0.06953125 0.0625
4 0.55859375 0.421875 0.0609375 0.03984375
4 0.09375 0.7390625 0.1328125 0.028125
4 0.11328125 0.771875 0.18515625 0.040625
4 0.3515625 0.7375 0.159375 0.028125
4 0.33359375 0.771875 0.13359375 0.0375
4 0.6171875 0.73984375 0.196875 0.0296875
4 0.578125 0.7703125 0.1109375 0.03828125
4 0.8515625 0.7359375 0.16875 0.0234375
4 0.84375 0.7703125 0.16171875 0.028125
2 0.75 0.4796875 0.478125 0.24140625
2 0.3765625 0.75703125 0.2359375 0.27421875
2 0.62265625 0.75546875 0.23359375 0.26484375
2 0.8703125 0.7578125 0.2390625 0.26953125