0 0.16484375 0.0421875 0.14453125 0.0828125
2 0.13359375 0.4921875 0.23203125 0.2734375
2 0.871875 0.490625 0.22734375 0.2796875
4 0.31171875 0.509375 0.07734375 0.03515625
4 0.1796875 0.21953125 0.30390625 0.0421875
4 0.546875 0.425 0.05546875 0.03359375
4 0.796875 0.42578125 0.0578125 0.03828125
4 0.30390625 0.42265625 0.05546875 0.03515625
4 0.0578125 0.16328125 0.06015625 0.03515625
0 0.79921875 0.56875 0.0609375 0.0625
4 0.05625 0.42265625 0.06015625 0.04453125
0 0.05546875 0.27109375 0.0625 0.0625
0 0.55 0.56796875 0.065625 0.0671875
4 0.5015625 0.6984375 0.13828125 0.05546875
0 0.0515625 0.56796875 0.0609375 0.06796875
0 0.05625 0.03984375 0.07578125 0.0734375
0 0.30546875 0.56640625 0.06796875 0.0625
0 0.20390625 0.0390625 0.078125 0.07578125
0 0.28359375 0.03984375 0.078125 0.07734375
0 0.12890625 0.040625 0.06171875 0.07578125
4 0.09140625 0.48046875 0.13515625 0.0328125
4 0.1140625 0.5125 0.1734375 0.03125
4 0.37109375 0.4828125 0.1984375 0.0328125
4 0.6203125 0.47734375 0.19140625 0.02890625
4 0.5765625 0.51015625 0.115625 0.04375
4 0.85390625 0.48046875 0.17109375 0.02265625
4 0.83515625 0.51484375 0.13515625 0.02890625
2 0.5 0.221875 0.9796875 0.2296875
2 0.375 0.4953125 0.23671875 0.2625
2 0.625 0.49375 0.2359375 0.26328125