4 0.20078125 0.1609375 0.05859375 0.0359375
2 0.75078125 0.503125 0.49296875 0.2375
2 0.1296875 0.2328125 0.2453125 0.27421875
2 0.37734375 0.23046875 0.23203125 0.26484375
2 0.86640625 0.23359375 0.23359375 0.2578125
4 0.32109375 0.50546875 0.30234375 0.0375
4 0.696875 0.16640625 0.059375 0.0328125
4 0.81796875 0.5078125 0.3078125 0.03515625
4 0.940625 0.7140625 0.06015625 0.034375
4 0.4484375 0.159375 0.0546875 0.0375
0 0.2 0.30390625 0.0671875 0.0625
4 0.94140625 0.446875 0.0671875 0.0359375
0 0.95078125 0.5609375 0.04296875 0.0578125
0 0.94921875 0.30703125 0.05703125 0.0609375
4 0.94296875 0.16015625 0.06015625 0.040625
0 0.9515625 0.82421875 0.06171875 0.065625
0 0.4453125 0.3046875 0.07265625 0.0640625
0 0.94921875 0.03828125 0.06328125 0.075
0 0.6953125 0.30546875 0.06796875 0.0640625
4 0.4984375 0.95625 0.13671875 0.05078125
0 0.88203125 0.03984375 0.06640625 0.0734375
0 0.44765625 0.55546875 0.0671875 0.06640625
4 0.88828125 0.21953125 0.1609375 0.0234375
4 0.89296875 0.2484375 0.15859375 0.0296875
4 0.64140625 0.2203125 0.1734375 0.03359375
4 0.65234375 0.2515625 0.14453125 0.02578125
4 0.38515625 0.21640625 0.1875 0.034375
4 0.4171875 0.2515625 0.134375 0.0328125
4 0.14765625 0.21796875 0.17421875 0.03515625
4 0.16171875 0.2515625 0.14609375 0.02265625
4 0.44296875 0.45703125 0.0625 0.04296875
4 0.81796875 0.76796875 0.30859375 0.03046875
2 0.62265625 0.23046875 0.23984375 0.2640625
2 0.25078125 0.51328125 0.47890625 0.2421875
2 0.5 0.7734375 0.97578125 0.2484375