2 0.3765625 0.49609375 0.24921875 0.2671875
2 0.62421875 0.49296875 0.2296875 0.26796875
2 0.1296875 0.49765625 0.2359375 0.2625
4 0.35546875 0.478125 0.1609375 0.03046875
0 0.79765625 0.56796875 0.0578125 0.0640625
4 0.18515625 0.21484375 0.30703125 0.02890625
4 0.553125 0.4234375 0.06796875 0.03671875
0 0.04921875 0.5671875 0.05390625 0.05859375
4 0.05703125 0.16328125 0.06015625 0.03515625
0 0.2984375 0.56796875 0.05390625 0.0625
4 0.05390625 0.42421875 0.04296875 0.03125
4 0.29921875 0.425 0.0515625 0.03515625
4 0.5015625 0.6984375 0.13828125 0.05703125
0 0.553125 0.56640625 0.06875 0.06875
0 0.0578125 0.27109375 0.065625 0.0625
0 0.1125 0.040625 0.0578125 0.075
0 0.18125 0.03984375 0.075 0.07578125
0 0.34140625 0.03828125 0.08125 0.07421875
0 0.2578125 0.0390625 0.0734375 0.07578125
0 0.04921875 0.0390625 0.0625 0.07265625
4 0.11875 0.478125 0.184375 0.02734375
4 0.103125 0.51484375 0.15703125 0.03515625
4 0.3515625 0.5109375 0.15546875 0.028125
4 0.61796875 0.48046875 0.1890625 0.0296875
4 0.57734375 0.51015625 0.1296875 0.0296875
4 0.79375 0.43203125 0.04765625 0.05
4 0.86796875 0.4796875 0.20078125 0.0296875
4 0.83359375 0.5125 0.1359375 0.034375
2 0.5015625 0.225 0.9828125 0.2375
2 0.86875 0.490625 0.2359375 0.26484375