2 0.87109375 0.490625 0.228125 0.2828125
2 0.37734375 0.48984375 0.24453125 0.2625
2 0.13125 0.48984375 0.23671875 0.26484375
4 0.35390625 0.4796875 0.15859375 0.02734375
4 0.79765625 0.4265625 0.05859375 0.0421875
4 0.18046875 0.21796875 0.30234375 0.03515625
4 0.30390625 0.4265625 0.0578125 0.0375
4 0.55625 0.421875 0.0671875 0.040625
0 0.79921875 0.56875 0.0609375 0.0671875
0 0.0640625 0.56640625 0.08125 0.06484375
4 0.0484375 0.16484375 0.040625 0.0390625
4 0.0625 0.42421875 0.059375 0.03671875
4 0.5015625 0.69765625 0.13828125 0.05625
0 0.11015625 0.040625 0.059375 0.0734375
0 0.06015625 0.27109375 0.071875 0.0625
0 0.5546875 0.565625 0.07109375 0.065625
0 0.18125 0.03984375 0.0734375 0.07578125
0 0.30703125 0.56640625 0.0671875 0.06171875
0 0.04921875 0.0390625 0.05859375 0.071875
0 0.25859375 0.0390625 0.0765625 0.0765625
4 0.12109375 0.48125 0.1875 0.03359375
4 0.1015625 0.51640625 0.14609375 0.034375
4 0.3515625 0.5109375 0.1546875 0.034375
4 0.6125 0.478125 0.184375 0.0328125
4 0.58203125 0.51171875 0.1203125 0.0328125
4 0.85625 0.48203125 0.1671875 0.03125
4 0.8328125 0.515625 0.13203125 0.02734375
2 0.50234375 0.22578125 0.9828125 0.23671875
2 0.6234375 0.49296875 0.23671875 0.25703125