2 0.12890625 0.490625 0.228125 0.2828125
2 0.62265625 0.48984375 0.24453125 0.2625
2 0.86875 0.48984375 0.23671875 0.26484375
4 0.64609375 0.4796875 0.15859375 0.02734375
4 0.20234375 0.4265625 0.05859375 0.0421875
4 0.81953125 0.21796875 0.30234375 0.03515625
4 0.69609375 0.4265625 0.0578125 0.0375
4 0.44375 0.421875 0.0671875 0.040625
0 0.20078125 0.56875 0.0609375 0.0671875
0 0.9359375 0.56640625 0.08125 0.06484375
4 0.9515625 0.16484375 0.040625 0.0390625
4 0.9375 0.42421875 0.059375 0.03671875
4 0.4984375 0.69765625 0.13828125 0.05625
0 0.88984375 0.040625 0.059375 0.0734375
0 0.93984375 0.27109375 0.071875 0.0625
0 0.4453125 0.565625 0.07109375 0.065625
0 0.81875 0.03984375 0.0734375 0.07578125
0 0.69296875 0.56640625 0.0671875 0.06171875
0 0.95078125 0.0390625 0.05859375 0.071875
0 0.74140625 0.0390625 0.0765625 0.0765625
4 0.87890625 0.48125 0.1875 0.03359375
4 0.8984375 0.51640625 0.14609375 0.034375
4 0.6484375 0.5109375 0.1546875 0.034375
4 0.3875 0.478125 0.184375 0.0328125
4 0.41796875 0.51171875 0.1203125 0.0328125
4 0.14375 0.48203125 0.1671875 0.03125
4 0.1671875 0.515625 0.13203125 0.02734375
2 0.49765625 0.22578125 0.9828125 0.23671875
2 0.3765625 0.49296875 0.23671875 0.25703125