2 0.45390625 0.51640625 0.7375 0.96640625
4 0.671875 0.07109375 0.27265625 0.078125
4 0.57265625 0.1921875 0.2375 0.0484375
4 0.634375 0.24375 0.10859375 0.0515625
4 0.25390625 0.265625 0.16484375 0.05390625
4 0.69375 0.403125 0.23125 0.0640625
4 0.4359375 0.51796875 0.115625 0.0640625
4 0.7375 0.60078125 0.15 0.065625
4 0.75625 0.765625 0.1125 0.0484375
3 0.75625 0.23046875 0.10625 0.1359375
7 0.62890625 0.6890625 0.37578125 0.075
7 0.6234375 0.9 0.37421875 0.18359375
0 0.2765625 0.93984375 0.23828125 0.1125