4 0.24921875 0.21328125 0.484375 0.23984375
4 0.90625 0.50390625 0.12421875 0.03515625
2 0.74609375 0.21953125 0.4796875 0.2421875
4 0.40234375 0.478125 0.15234375 0.03203125
2 0.87109375 0.49375 0.2359375 0.26640625
4 0.8140625 0.76484375 0.31640625 0.02578125
4 0.4453125 0.421875 0.0609375 0.03671875
0 0.2 0.56484375 0.06171875 0.059375
0 0.69921875 0.565625 0.0515625 0.059375
4 0.45 0.1609375 0.046875 0.04140625
4 0.2046875 0.42265625 0.05 0.03671875
4 0.7015625 0.42421875 0.046875 0.0328125
4 0.3140625 0.22265625 0.321875 0.04921875
4 0.81875 0.21328125 0.3453125 0.06640625
4 0.9421875 0.71328125 0.053125 0.03203125
4 0.9484375 0.425 0.046875 0.03828125
4 0.9421875 0.15859375 0.06015625 0.03828125
0 0.440625 0.2671875 0.07421875 0.06328125
0 0.93828125 0.82421875 0.071875 0.0640625
0 0.446875 0.56328125 0.06796875 0.06484375
0 0.940625 0.03828125 0.07734375 0.07421875
0 0.6984375 0.0390625 0.071875 0.07578125
4 0.4984375 0.95625 0.1375 0.05234375
0 0.628125 0.03984375 0.0578125 0.075
0 0.85703125 0.040625 0.07734375 0.07734375
0 0.94140625 0.56328125 0.07109375 0.06015625
0 0.7796875 0.040625 0.071875 0.07734375
0 0.93984375 0.26640625 0.06953125 0.06171875
4 0.8859375 0.478125 0.16953125 0.025
4 0.63125 0.4796875 0.18828125 0.02734375
4 0.66640625 0.5078125 0.12265625 0.028125
4 0.41328125 0.51171875 0.13359375 0.025
4 0.16328125 0.47734375 0.13359375 0.03203125
4 0.14140625 0.5109375 0.17734375 0.03125
2 0.62578125 0.49375 0.23515625 0.2625
2 0.37734375 0.4953125 0.240625 0.265625
2 0.1296875 0.4953125 0.23515625 0.265625
2 0.50390625 0.771875 0.9828125 0.225