4 0.75078125 0.21328125 0.484375 0.23984375
4 0.09375 0.50390625 0.12421875 0.03515625
2 0.25390625 0.21953125 0.4796875 0.2421875
4 0.59765625 0.478125 0.15234375 0.03203125
2 0.12890625 0.49375 0.2359375 0.26640625
4 0.1859375 0.76484375 0.31640625 0.02578125
4 0.5546875 0.421875 0.0609375 0.03671875
0 0.8 0.56484375 0.06171875 0.059375
0 0.30078125 0.565625 0.0515625 0.059375
4 0.55 0.1609375 0.046875 0.04140625
4 0.7953125 0.42265625 0.05 0.03671875
4 0.2984375 0.42421875 0.046875 0.0328125
4 0.6859375 0.22265625 0.321875 0.04921875
4 0.18125 0.21328125 0.3453125 0.06640625
4 0.0578125 0.71328125 0.053125 0.03203125
4 0.0515625 0.425 0.046875 0.03828125
4 0.0578125 0.15859375 0.06015625 0.03828125
0 0.559375 0.2671875 0.07421875 0.06328125
0 0.06171875 0.82421875 0.071875 0.0640625
0 0.553125 0.56328125 0.06796875 0.06484375
0 0.059375 0.03828125 0.07734375 0.07421875
0 0.3015625 0.0390625 0.071875 0.07578125
4 0.5015625 0.95625 0.1375 0.05234375
0 0.371875 0.03984375 0.0578125 0.075
0 0.14296875 0.040625 0.07734375 0.07734375
0 0.05859375 0.56328125 0.07109375 0.06015625
0 0.2203125 0.040625 0.071875 0.07734375
0 0.06015625 0.26640625 0.06953125 0.06171875
4 0.1140625 0.478125 0.16953125 0.025
4 0.36875 0.4796875 0.18828125 0.02734375
4 0.33359375 0.5078125 0.12265625 0.028125
4 0.58671875 0.51171875 0.13359375 0.025
4 0.83671875 0.47734375 0.13359375 0.03203125
4 0.85859375 0.5109375 0.17734375 0.03125
2 0.37421875 0.49375 0.23515625 0.2625
2 0.62265625 0.4953125 0.240625 0.265625
2 0.8703125 0.4953125 0.23515625 0.265625
2 0.49609375 0.771875 0.9828125 0.225