2 0.49921875 0.2828125 0.946875 0.565625
2 0.5 0.7359375 0.94765625 0.328125
2 0.503125 0.95390625 0.95 0.09140625
4 0.1296875 0.03515625 0.1125 0.0703125
4 0.13203125 0.1296875 0.121875 0.059375
4 0.3125 0.2234375 0.23984375 0.05
4 0.27578125 0.2828125 0.15234375 0.05390625
4 0.3171875 0.4046875 0.221875 0.04296875
4 0.28046875 0.46484375 0.14765625 0.0515625
4 0.590625 0.153125 0.07890625 0.04296875
4 0.834375 0.15703125 0.09609375 0.0390625
4 0.8625 0.25390625 0.14140625 0.06953125
4 0.85078125 0.44296875 0.14375 0.06640625
4 0.15625 0.6046875 0.16015625 0.0515625
4 0.2328125 0.73359375 0.29921875 0.0640625
4 0.14375 0.84765625 0.10859375 0.059375
4 0.5890625 0.6046875 0.103125 0.059375
4 0.59921875 0.73203125 0.12109375 0.0609375
4 0.8484375 0.603125 0.14296875 0.065625
4 0.83671875 0.71640625 0.12578125 0.05859375
4 0.83828125 0.82421875 0.13984375 0.06796875
0 0.2828125 0.95234375 0.41953125 0.07890625
0 0.7078125 0.95234375 0.409375 0.0953125
3 0.14609375 0.259375 0.09453125 0.13359375
3 0.15234375 0.44453125 0.08828125 0.125