2 0.496875 0.50234375 0.9765625 0.9875
3 0.81875 0.1796875 0.20625 0.24296875
3 0.21484375 0.51796875 0.21875 0.253125
3 0.825 0.85703125 0.22109375 0.25
4 0.57734375 0.12265625 0.2140625 0.059375
4 0.56875 0.20703125 0.2203125 0.06953125
4 0.453125 0.4328125 0.16796875 0.06796875
4 0.49453125 0.50625 0.19609375 0.059375
4 0.56328125 0.76640625 0.265625 0.06640625
4 0.58515625 0.86484375 0.20859375 0.0625
4 0.378125 0.93671875 0.640625 0.084375
4 0.64765625 0.6171875 0.56640625 0.0984375
4 0.4 0.2828125 0.6015625 0.065625