2 0.503125 0.50234375 0.9765625 0.9875
3 0.18125 0.1796875 0.20625 0.24296875
3 0.78515625 0.51796875 0.21875 0.253125
3 0.175 0.85703125 0.22109375 0.25
4 0.42265625 0.12265625 0.2140625 0.059375
4 0.43125 0.20703125 0.2203125 0.06953125
4 0.546875 0.4328125 0.16796875 0.06796875
4 0.50546875 0.50625 0.19609375 0.059375
4 0.43671875 0.76640625 0.265625 0.06640625
4 0.41484375 0.86484375 0.20859375 0.0625
4 0.621875 0.93671875 0.640625 0.084375
4 0.35234375 0.6171875 0.56640625 0.0984375
4 0.6 0.2828125 0.6015625 0.065625