4 0.52421875 0.13671875 0.821875 0.065625
4 0.38125 0.2109375 0.3109375 0.05
4 0.328125 0.29296875 0.21484375 0.06640625
4 0.40546875 0.38125 0.40703125 0.065625
4 0.3796875 0.48671875 0.51484375 0.059375
4 0.31328125 0.57734375 0.36640625 0.05390625
4 0.34375 0.73203125 0.43125 0.053125
4 0.79296875 0.73046875 0.1296875 0.046875
0 0.43046875 0.95 0.39453125 0.096875
6 0.20078125 0.81328125 0.15390625 0.07109375
6 0.42421875 0.815625 0.1484375 0.05546875
7 0.81484375 0.80703125 0.1484375 0.06640625
7 0.47421875 0.646875 0.7 0.07109375
5 0.171875 0.2234375 0.06328125 0.04453125
5 0.16953125 0.303125 0.05703125 0.03359375
5 0.1640625 0.375 0.04609375 0.0359375