4 0.859375 0.02578125 0.09765625 0.04609375
4 0.86796875 0.12578125 0.09296875 0.0484375
4 0.68515625 0.22265625 0.21953125 0.040625
4 0.71953125 0.278125 0.14609375 0.046875
4 0.68125 0.39765625 0.21640625 0.0484375
4 0.72109375 0.4625 0.13203125 0.04453125
4 0.40546875 0.153125 0.05703125 0.046875
4 0.16484375 0.165625 0.08359375 0.046875
4 0.14296875 0.26171875 0.12109375 0.06796875
4 0.15078125 0.44140625 0.12265625 0.075
4 0.84296875 0.59765625 0.140625 0.04609375
4 0.775 0.721875 0.28984375 0.0609375
4 0.85390625 0.83671875 0.1 0.04609375
4 0.4109375 0.6015625 0.103125 0.05
4 0.40546875 0.72734375 0.11171875 0.05390625
4 0.15390625 0.60546875 0.1375 0.053125
4 0.16484375 0.72578125 0.121875 0.059375
4 0.16484375 0.834375 0.13125 0.0640625
0 0.72421875 0.94609375 0.425 0.09453125
0 0.29453125 0.9515625 0.403125 0.096875
3 0.85546875 0.2515625 0.0875 0.125
3 0.84453125 0.4421875 0.078125 0.1125