4 0.853125 0.04140625 0.20625 0.08046875
4 0.6234375 0.040625 0.121875 0.08125
4 0.9078125 0.203125 0.09921875 0.05703125
4 0.41875 0.20859375 0.21484375 0.05546875
4 0.89765625 0.409375 0.11640625 0.05
4 0.44765625 0.4078125 0.16015625 0.05703125
4 0.87578125 0.60859375 0.16171875 0.05859375
4 0.35703125 0.6 0.31171875 0.071875
4 0.53671875 0.83515625 0.684375 0.07890625
0 0.19296875 0.940625 0.27734375 0.109375
1 0.9140625 0.86015625 0.03203125 0.0484375
7 0.75625 0.71171875 0.39609375 0.084375
7 0.28671875 0.69296875 0.45859375 0.09453125
7 0.7609375 0.50625 0.39453125 0.1015625
7 0.296875 0.4984375 0.46015625 0.10546875
7 0.29609375 0.2890625 0.45703125 0.1109375
7 0.76484375 0.303125 0.39140625 0.103125