4 0.146875 0.04140625 0.20625 0.08046875
4 0.3765625 0.040625 0.121875 0.08125
4 0.0921875 0.203125 0.09921875 0.05703125
4 0.58125 0.20859375 0.21484375 0.05546875
4 0.10234375 0.409375 0.11640625 0.05
4 0.55234375 0.4078125 0.16015625 0.05703125
4 0.12421875 0.60859375 0.16171875 0.05859375
4 0.64296875 0.6 0.31171875 0.071875
4 0.46328125 0.83515625 0.684375 0.07890625
0 0.80703125 0.940625 0.27734375 0.109375
1 0.0859375 0.86015625 0.03203125 0.0484375
7 0.24375 0.71171875 0.39609375 0.084375
7 0.71328125 0.69296875 0.45859375 0.09453125
7 0.2390625 0.50625 0.39453125 0.1015625
7 0.703125 0.4984375 0.46015625 0.10546875
7 0.70390625 0.2890625 0.45703125 0.1109375
7 0.23515625 0.303125 0.39140625 0.103125