2 0.49453125 0.5 0.98359375 1
4 0.86640625 0.03125 0.109375 0.059375
4 0.87265625 0.13359375 0.115625 0.0640625
4 0.6875 0.22890625 0.22265625 0.04140625
4 0.72578125 0.2796875 0.14609375 0.05390625
4 0.41171875 0.153125 0.06953125 0.04140625
4 0.1640625 0.16015625 0.09296875 0.0484375
4 0.6828125 0.4078125 0.21328125 0.0515625
4 0.72109375 0.465625 0.134375 0.05390625
4 0.14609375 0.4453125 0.121875 0.05703125
4 0.14453125 0.25546875 0.12109375 0.0609375
4 0.83984375 0.60390625 0.140625 0.04453125
4 0.76953125 0.72578125 0.28828125 0.0625
4 0.85 0.83671875 0.10390625 0.059375
4 0.41015625 0.5984375 0.11015625 0.0609375
4 0.40390625 0.7296875 0.121875 0.05390625
4 0.1546875 0.59765625 0.14296875 0.05390625
4 0.16484375 0.7203125 0.12734375 0.0515625
4 0.16640625 0.825 0.13046875 0.0609375
0 0.725 0.9515625 0.42734375 0.09140625
0 0.290625 0.95078125 0.40625 0.09296875
3 0.85390625 0.25703125 0.09453125 0.121875
3 0.8453125 0.44765625 0.08671875 0.115625