2 0.5015625 0.49609375 0.9859375 0.9859375
4 0.7984375 0.0578125 0.27109375 0.096875
4 0.77109375 0.22734375 0.31796875 0.06953125
4 0.80546875 0.40859375 0.2296875 0.05234375
4 0.81640625 0.5859375 0.20625 0.06953125
4 0.4703125 0.59453125 0.08359375 0.03359375
7 0.6015625 0.3234375 0.64765625 0.06640625
7 0.69140625 0.5046875 0.4890625 0.0859375
7 0.84609375 0.6671875 0.1546875 0.07109375
7 0.6578125 0.66796875 0.16796875 0.06953125
7 0.4453125 0.66328125 0.15703125 0.0765625
0 0.78125 0.8296875 0.29375 0.11875
0 0.440625 0.82890625 0.31171875 0.13671875