2 0.4984375 0.26640625 0.9875 0.5328125
2 0.49765625 0.715625 0.98671875 0.35859375
2 0.49765625 0.9484375 0.99140625 0.103125
4 0.859375 0.02265625 0.09375 0.0453125
4 0.85546875 0.12265625 0.11953125 0.065625
4 0.68359375 0.2171875 0.22734375 0.0484375
4 0.7203125 0.27265625 0.16171875 0.0484375
4 0.68359375 0.39296875 0.228125 0.05
4 0.72109375 0.45234375 0.146875 0.04609375
4 0.40546875 0.15390625 0.07734375 0.05
4 0.16171875 0.171875 0.09375 0.0484375
4 0.84296875 0.58984375 0.15859375 0.05390625
4 0.77109375 0.715625 0.29921875 0.07890625
4 0.859375 0.83515625 0.10625 0.05703125
0 0.72890625 0.946875 0.42890625 0.09296875
0 0.29609375 0.94921875 0.40859375 0.09296875
4 0.41640625 0.603125 0.115625 0.05703125
4 0.40703125 0.73125 0.13203125 0.05703125
4 0.15546875 0.6078125 0.13984375 0.0625
4 0.16796875 0.7328125 0.128125 0.059375
4 0.171875 0.84375 0.1375 0.07109375
4 0.14453125 0.26640625 0.140625 0.06640625
4 0.1484375 0.4515625 0.115625 0.06640625
3 0.853125 0.24296875 0.09375 0.13359375
3 0.84296875 0.434375 0.08046875 0.11953125