2 0.50703125 0.49765625 0.98359375 0.9875
4 0.1453125 0.040625 0.215625 0.075
4 0.37578125 0.03515625 0.128125 0.065625
4 0.08984375 0.2078125 0.096875 0.0625
4 0.58203125 0.20390625 0.20859375 0.06640625
4 0.10234375 0.409375 0.1125 0.05859375
4 0.55078125 0.41328125 0.153125 0.05390625
4 0.128125 0.609375 0.1625 0.05703125
4 0.640625 0.6046875 0.31640625 0.05703125
4 0.46171875 0.83125 0.67421875 0.06796875
0 0.80703125 0.93828125 0.29375 0.109375
1 0.08359375 0.85703125 0.04296875 0.05859375
7 0.24609375 0.7109375 0.39921875 0.0859375
7 0.7125 0.6953125 0.46484375 0.09296875
7 0.23984375 0.509375 0.39609375 0.09140625
7 0.70546875 0.5 0.45546875 0.1
7 0.234375 0.30234375 0.39375 0.10390625
7 0.70390625 0.284375 0.46171875 0.10390625