2 0.5 0.50625 0.9734375 0.975
3 0.47578125 0.12265625 0.728125 0.1984375
4 0.4390625 0.26796875 0.309375 0.0671875
4 0.50625 0.3390625 0.55234375 0.05
4 0.49140625 0.43515625 0.71484375 0.1234375
4 0.4421875 0.5546875 0.5203125 0.05625
4 0.5890625 0.63203125 0.53359375 0.0484375
4 0.584375 0.7140625 0.56171875 0.05625
4 0.5890625 0.80625 0.54609375 0.05625
0 0.5 0.92890625 0.64140625 0.1046875
1 0.2296875 0.63828125 0.153125 0.0671875
1 0.2109375 0.71640625 0.10859375 0.0578125
1 0.19921875 0.81640625 0.11171875 0.0484375