4 0.7890625 0.0796875 0.221875 0.04765625
4 0.67578125 0.15390625 0.43359375 0.053125
4 0.7140625 0.2328125 0.24296875 0.0453125
4 0.709375 0.3140625 0.2484375 0.04765625
4 0.74296875 0.409375 0.20390625 0.0515625
4 0.68828125 0.53046875 0.4203125 0.05
4 0.653125 0.609375 0.2390625 0.04375
4 0.5796875 0.665625 0.40390625 0.05
4 0.63984375 0.75546875 0.24609375 0.05703125
4 0.55 0.8234375 0.4296875 0.053125
4 0.6765625 0.91640625 0.17578125 0.04765625
4 0.5203125 0.96484375 0.478125 0.05
5 0.840625 0.6140625 0.05546875 0.03984375
5 0.8484375 0.76875 0.05546875 0.02890625
5 0.8453125 0.92578125 0.0390625 0.0359375
7 0.43203125 0.23359375 0.25 0.05390625
7 0.4359375 0.31484375 0.24296875 0.05
7 0.45625 0.40625 0.19453125 0.05