4 0.45859375 0.13515625 0.81328125 0.06796875
4 0.621875 0.21484375 0.32578125 0.04609375
4 0.6734375 0.2921875 0.2203125 0.0734375
4 0.58828125 0.378125 0.38359375 0.05859375
4 0.615625 0.490625 0.509375 0.071875
4 0.684375 0.5828125 0.38359375 0.05390625
4 0.65546875 0.72890625 0.4296875 0.046875
4 0.20078125 0.73359375 0.1203125 0.04140625
5 0.82890625 0.221875 0.05703125 0.04140625
5 0.82890625 0.303125 0.04609375 0.0375
5 0.8390625 0.37734375 0.03671875 0.0375
7 0.52421875 0.65078125 0.7 0.065625
6 0.78984375 0.81484375 0.15 0.065625
6 0.57578125 0.8140625 0.14453125 0.05546875
7 0.184375 0.81015625 0.1609375 0.05703125
0 0.5609375 0.94921875 0.38515625 0.090625