4 0.54140625 0.13515625 0.81328125 0.06796875
4 0.378125 0.21484375 0.32578125 0.04609375
4 0.3265625 0.2921875 0.2203125 0.0734375
4 0.41171875 0.378125 0.38359375 0.05859375
4 0.384375 0.490625 0.509375 0.071875
4 0.315625 0.5828125 0.38359375 0.05390625
4 0.34453125 0.72890625 0.4296875 0.046875
4 0.79921875 0.73359375 0.1203125 0.04140625
5 0.17109375 0.221875 0.05703125 0.04140625
5 0.17109375 0.303125 0.04609375 0.0375
5 0.1609375 0.37734375 0.03671875 0.0375
7 0.47578125 0.65078125 0.7 0.065625
6 0.21015625 0.81484375 0.15 0.065625
6 0.42421875 0.8140625 0.14453125 0.05546875
7 0.815625 0.81015625 0.1609375 0.05703125
0 0.4390625 0.94921875 0.38515625 0.090625