4 0.7171875 0.0796875 0.5171875 0.13203125
4 0.7734375 0.23515625 0.1015625 0.090625
4 0.7671875 0.36953125 0.103125 0.0703125
4 0.7171875 0.52421875 0.209375 0.0703125
4 0.7421875 0.66328125 0.140625 0.0640625
4 0.75 0.79921875 0.15390625 0.071875
4 0.20234375 0.12734375 0.33125 0.0953125
4 0.2171875 0.25703125 0.1125 0.06875
4 0.221875 0.34921875 0.1140625 0.0609375
4 0.16484375 0.44296875 0.23671875 0.0640625
4 0.20546875 0.54140625 0.14609375 0.071875
4 0.20078125 0.64453125 0.16875 0.05390625
5 0.303125 0.24140625 0.0171875 0.04453125
5 0.30390625 0.33203125 0.01953125 0.04140625
5 0.309375 0.4359375 0.021875 0.04140625
5 0.303125 0.5375 0.01953125 0.04140625
5 0.30390625 0.63828125 0.02421875 0.0625
1 0.853125 0.215625 0.03203125 0.071875
1 0.8578125 0.36328125 0.04609375 0.0796875
1 0.8625 0.51953125 0.0359375 0.0828125
1 0.85859375 0.653125 0.03515625 0.0890625
1 0.86328125 0.78828125 0.0390625 0.075