2 0.49765625 0.5 0.98828125 1
4 0.77734375 0.05234375 0.29609375 0.08203125
4 0.80546875 0.18125 0.22109375 0.08203125
4 0.38515625 0.19453125 0.1875 0.06953125
4 0.83984375 0.37734375 0.11953125 0.0625
4 0.4203125 0.384375 0.11796875 0.0484375
4 0.83046875 0.571875 0.11953125 0.04609375
4 0.44375 0.57109375 0.08984375 0.05
4 0.8546875 0.7421875 0.07578125 0.04609375
4 0.4140625 0.73671875 0.134375 0.0515625
7 0.7140625 0.271875 0.36953125 0.084375
7 0.2578125 0.27421875 0.446875 0.0875
7 0.71953125 0.459375 0.36171875 0.084375
7 0.259375 0.4578125 0.45625 0.0875
6 0.71640625 0.63828125 0.359375 0.07109375
6 0.27265625 0.6328125 0.43125 0.07109375
6 0.70703125 0.8078125 0.36484375 0.0734375
7 0.39140625 0.7984375 0.2 0.0609375
0 0.69375 0.9359375 0.4 0.1
0 0.26796875 0.928125 0.40234375 0.10546875