4 0.74765625 0.05390625 0.40625 0.08359375
4 0.69453125 0.23203125 0.14296875 0.0640625
4 0.6921875 0.48828125 0.14296875 0.065625
4 0.696875 0.77421875 0.15390625 0.0734375
0 0.4265625 0.33359375 0.14609375 0.096875
0 0.27265625 0.328125 0.10703125 0.084375
0 0.1265625 0.32421875 0.14375 0.0984375
0 0.43125 0.58984375 0.1515625 0.084375
0 0.278125 0.58515625 0.1046875 0.084375
0 0.13515625 0.584375 0.14140625 0.0859375
0 0.43984375 0.87734375 0.14375 0.09609375
0 0.29296875 0.875 0.09765625 0.09140625
0 0.14765625 0.87109375 0.15390625 0.1
4 0.665625 0.33671875 0.21796875 0.1375
4 0.6578125 0.5984375 0.2453125 0.1359375
4 0.659375 0.89140625 0.24453125 0.125
3 0.8796875 0.29296875 0.16875 0.203125
3 0.89453125 0.55 0.171875 0.246875
3 0.89296875 0.85390625 0.19765625 0.24453125