4 0.13671875 0.0640625 0.20703125 0.0609375
4 0.09765625 0.1703125 0.09296875 0.034375
4 0.09140625 0.2734375 0.10078125 0.04453125
4 0.0796875 0.38828125 0.06953125 0.04609375
4 0.0828125 0.51484375 0.08203125 0.0484375
4 0.23046875 0.515625 0.11640625 0.04296875
4 0.20859375 0.58984375 0.06328125 0.0484375
4 0.3109375 0.6953125 0.44453125 0.05390625
0 0.35859375 0.8078125 0.17578125 0.07109375
0 0.140625 0.81328125 0.13515625 0.09609375
1 0.05859375 0.69453125 0.03515625 0.04453125
7 0.24140625 0.39140625 0.18359375 0.053125
7 0.24453125 0.26953125 0.17109375 0.04453125
7 0.23828125 0.165625 0.16484375 0.05546875
5 0.15703125 0.521875 0.02578125 0.0375
5 0.15390625 0.59140625 0.02578125 0.0390625