4 0.78203125 0.059375 0.28359375 0.0765625
4 0.80703125 0.18984375 0.203125 0.05703125
4 0.3921875 0.1953125 0.178125 0.05390625
4 0.42734375 0.37890625 0.11328125 0.05859375
4 0.83828125 0.384375 0.11875 0.05
4 0.83359375 0.578125 0.10703125 0.04609375
4 0.44140625 0.5640625 0.08359375 0.05
4 0.85546875 0.7546875 0.06640625 0.034375
4 0.42109375 0.73828125 0.13515625 0.04609375
6 0.7046875 0.81015625 0.36796875 0.07890625
6 0.71328125 0.6484375 0.33671875 0.08359375
6 0.2671875 0.63125 0.434375 0.07109375
7 0.3875 0.79921875 0.19765625 0.06796875
7 0.7234375 0.27734375 0.36796875 0.084375
7 0.26171875 0.271875 0.44140625 0.08203125
7 0.2625 0.45546875 0.44609375 0.078125
7 0.715625 0.459375 0.34609375 0.0859375
0 0.68984375 0.9390625 0.40859375 0.10859375
0 0.2640625 0.92265625 0.39921875 0.1015625