4 0.21796875 0.059375 0.28359375 0.0765625
4 0.19296875 0.18984375 0.203125 0.05703125
4 0.6078125 0.1953125 0.178125 0.05390625
4 0.57265625 0.37890625 0.11328125 0.05859375
4 0.16171875 0.384375 0.11875 0.05
4 0.16640625 0.578125 0.10703125 0.04609375
4 0.55859375 0.5640625 0.08359375 0.05
4 0.14453125 0.7546875 0.06640625 0.034375
4 0.57890625 0.73828125 0.13515625 0.04609375
6 0.2953125 0.81015625 0.36796875 0.07890625
6 0.28671875 0.6484375 0.33671875 0.08359375
6 0.7328125 0.63125 0.434375 0.07109375
7 0.6125 0.79921875 0.19765625 0.06796875
7 0.2765625 0.27734375 0.36796875 0.084375
7 0.73828125 0.271875 0.44140625 0.08203125
7 0.7375 0.45546875 0.44609375 0.078125
7 0.284375 0.459375 0.34609375 0.0859375
0 0.31015625 0.9390625 0.40859375 0.10859375
0 0.7359375 0.92265625 0.39921875 0.1015625