2 0.4953125 0.4953125 0.9796875 0.9609375
4 0.6515625 0.090625 0.646875 0.11015625
4 0.72109375 0.32421875 0.23828125 0.1015625
4 0.71796875 0.54765625 0.24765625 0.0953125
4 0.69375 0.828125 0.2515625 0.096875
4 0.2546875 0.29140625 0.24609375 0.1015625
4 0.28203125 0.4953125 0.16640625 0.0953125
4 0.234375 0.7625 0.25078125 0.1203125
1 0.44921875 0.765625 0.08125 0.1625
1 0.453125 0.51796875 0.07578125 0.13359375
1 0.45390625 0.309375 0.0703125 0.11875
1 0.90625 0.55546875 0.06484375 0.1265625
1 0.90546875 0.83828125 0.07109375 0.15625
1 0.8984375 0.3171875 0.04140625 0.11015625