2 0.50390625 0.5015625 0.975 0.996875
4 0.1328125 0.03125 0.096875 0.05390625
4 0.125 0.13125 0.10234375 0.0484375
4 0.31484375 0.228125 0.22109375 0.046875
4 0.275 0.28125 0.15 0.0515625
4 0.31796875 0.403125 0.2125 0.04609375
4 0.28125 0.4640625 0.14140625 0.046875
4 0.5890625 0.15 0.065625 0.04453125
4 0.83203125 0.1609375 0.08828125 0.046875
4 0.85 0.25625 0.13125 0.0625
4 0.84921875 0.4390625 0.12578125 0.06640625
4 0.15703125 0.60859375 0.146875 0.053125
4 0.23203125 0.7265625 0.29765625 0.05859375
4 0.1421875 0.840625 0.10703125 0.0515625
4 0.58671875 0.60234375 0.11171875 0.0515625
4 0.59609375 0.728125 0.11875 0.053125
4 0.84609375 0.6 0.13671875 0.05546875
4 0.8359375 0.71640625 0.12421875 0.053125
4 0.83515625 0.8296875 0.1375 0.05390625
3 0.14140625 0.25390625 0.09453125 0.11953125
3 0.153125 0.44453125 0.08125 0.125
0 0.278125 0.946875 0.43125 0.09296875
0 0.71171875 0.94765625 0.40234375 0.09296875