4 0.57734375 0.203125 0.22578125 0.0359375
4 0.64296875 0.253125 0.09765625 0.0375
4 0.2546875 0.26015625 0.165625 0.04609375
4 0.6984375 0.4109375 0.23046875 0.05
4 0.43046875 0.5171875 0.10703125 0.05703125
4 0.73671875 0.60703125 0.15234375 0.0640625
4 0.75 0.78046875 0.10234375 0.046875
7 0.62265625 0.6984375 0.365625 0.06953125
0 0.26953125 0.9328125 0.23671875 0.115625
3 0.76328125 0.2421875 0.09765625 0.134375
4 0.68203125 0.08203125 0.26484375 0.071875
7 0.6125 0.9046875 0.375 0.16796875