4 0.87734375 0.05546875 0.17265625 0.0859375
4 0.70546875 0.059375 0.09765625 0.08046875
4 0.915625 0.178125 0.10625 0.0515625
4 0.3796875 0.18046875 0.18046875 0.0640625
4 0.91953125 0.38984375 0.0984375 0.05703125
4 0.39296875 0.38671875 0.14140625 0.0734375
4 0.8984375 0.584375 0.159375 0.065625
4 0.32734375 0.590625 0.2890625 0.05390625
4 0.634375 0.809375 0.603125 0.06796875
0 0.15390625 0.89609375 0.21953125 0.1109375
7 0.7640625 0.271875 0.41171875 0.09140625
7 0.2578125 0.278125 0.4328125 0.109375
7 0.2609375 0.490625 0.44375 0.0875
7 0.759375 0.48203125 0.42734375 0.09140625
7 0.77109375 0.6859375 0.4359375 0.0890625
7 0.25859375 0.67265625 0.44140625 0.10703125
1 0.9609375 0.81171875 0.034375 0.05390625