2 0.4984375 0.18046875 0.98125 0.3421875
2 0.259375 0.51171875 0.43359375 0.25703125
2 0.73046875 0.5125 0.45390625 0.2671875
2 0.246875 0.834375 0.41328125 0.271875
2 0.73046875 0.83515625 0.44609375 0.2609375
4 0.1453125 0.046875 0.1796875 0.0625
4 0.21796875 0.1671875 0.3203125 0.06875
4 0.12890625 0.41796875 0.0984375 0.04140625
4 0.60859375 0.41796875 0.1390625 0.053125
4 0.11640625 0.73828125 0.11484375 0.05625
4 0.6015625 0.73828125 0.13359375 0.053125
4 0.32578125 0.48515625 0.21484375 0.04453125
4 0.78984375 0.47890625 0.18359375 0.059375
4 0.31796875 0.81171875 0.1984375 0.0625
4 0.77421875 0.81171875 0.221875 0.05078125
3 0.815625 0.1734375 0.32421875 0.2703125
3 0.13828125 0.53828125 0.11640625 0.1453125
3 0.61015625 0.53203125 0.12421875 0.1453125
3 0.14140625 0.865625 0.1203125 0.1515625
3 0.60078125 0.86875 0.0984375 0.15390625