2 0.51484375 0.50078125 0.9703125 0.99765625
4 0.225 0.04765625 0.27109375 0.07890625
4 0.2015625 0.18046875 0.19453125 0.0640625
4 0.6140625 0.1984375 0.178125 0.0609375
4 0.1625 0.36953125 0.10859375 0.05546875
4 0.57578125 0.384375 0.1125 0.0515625
4 0.16328125 0.57421875 0.11953125 0.040625
4 0.55703125 0.56953125 0.08203125 0.04140625
4 0.14765625 0.74453125 0.059375 0.0359375
4 0.58125 0.73671875 0.12734375 0.04609375
0 0.30234375 0.9390625 0.40390625 0.0890625
0 0.73203125 0.92890625 0.39609375 0.09140625
7 0.2828125 0.26953125 0.35703125 0.0859375
7 0.73984375 0.27421875 0.44453125 0.07890625
7 0.28125 0.45625 0.34765625 0.07890625
7 0.73828125 0.46171875 0.453125 0.0734375
6 0.284375 0.6390625 0.35 0.078125
6 0.7296875 0.63359375 0.43203125 0.06640625
6 0.29140625 0.8015625 0.35546875 0.071875
7 0.60859375 0.79921875 0.19453125 0.065625