2 0.48515625 0.50078125 0.9703125 0.99765625
4 0.775 0.04765625 0.27109375 0.07890625
4 0.7984375 0.18046875 0.19453125 0.0640625
4 0.3859375 0.1984375 0.178125 0.0609375
4 0.8375 0.36953125 0.10859375 0.05546875
4 0.42421875 0.384375 0.1125 0.0515625
4 0.83671875 0.57421875 0.11953125 0.040625
4 0.44296875 0.56953125 0.08203125 0.04140625
4 0.85234375 0.74453125 0.059375 0.0359375
4 0.41875 0.73671875 0.12734375 0.04609375
0 0.69765625 0.9390625 0.40390625 0.0890625
0 0.26796875 0.92890625 0.39609375 0.09140625
7 0.7171875 0.26953125 0.35703125 0.0859375
7 0.26015625 0.27421875 0.44453125 0.07890625
7 0.71875 0.45625 0.34765625 0.07890625
7 0.26171875 0.46171875 0.453125 0.0734375
6 0.715625 0.6390625 0.35 0.078125
6 0.2703125 0.63359375 0.43203125 0.06640625
6 0.70859375 0.8015625 0.35546875 0.071875
7 0.39140625 0.79921875 0.19453125 0.065625