4 0.240625 0.0953125 0.365625 0.09296875
4 0.22421875 0.440625 0.39453125 0.0875
4 0.16640625 0.596875 0.16875 0.084375
4 0.1734375 0.72734375 0.1875 0.06796875
4 0.16328125 0.87890625 0.1765625 0.11640625
4 0.67734375 0.59921875 0.2046875 0.10703125
4 0.6375 0.7375 0.246875 0.096875
4 0.628125 0.87890625 0.23515625 0.10859375
0 0.90859375 0.59296875 0.16875 0.1109375
0 0.89375 0.73203125 0.15546875 0.096875
0 0.88671875 0.871875 0.16640625 0.10546875
5 0.05234375 0.60625 0.0390625 0.05703125
5 0.04921875 0.73046875 0.028125 0.0640625
5 0.0421875 0.859375 0.040625 0.0484375
4 0.35859375 0.246875 0.66875 0.1484375
3 0.825 0.1640625 0.22890625 0.2609375
0 0.81953125 0.3296875 0.20234375 0.05703125