4 0.759375 0.0953125 0.365625 0.09296875
4 0.77578125 0.440625 0.39453125 0.0875
4 0.83359375 0.596875 0.16875 0.084375
4 0.8265625 0.72734375 0.1875 0.06796875
4 0.83671875 0.87890625 0.1765625 0.11640625
4 0.32265625 0.59921875 0.2046875 0.10703125
4 0.3625 0.7375 0.246875 0.096875
4 0.371875 0.87890625 0.23515625 0.10859375
0 0.09140625 0.59296875 0.16875 0.1109375
0 0.10625 0.73203125 0.15546875 0.096875
0 0.11328125 0.871875 0.16640625 0.10546875
5 0.94765625 0.60625 0.0390625 0.05703125
5 0.95078125 0.73046875 0.028125 0.0640625
5 0.9578125 0.859375 0.040625 0.0484375
4 0.64140625 0.246875 0.66875 0.1484375
3 0.175 0.1640625 0.22890625 0.2609375
0 0.18046875 0.3296875 0.20234375 0.05703125