4 0.30390625 0.08515625 0.28046875 0.0734375
4 0.4125 0.20234375 0.2375 0.04609375
4 0.34765625 0.2578125 0.09921875 0.04609375
4 0.7359375 0.25078125 0.165625 0.04296875
4 0.29921875 0.42109375 0.21875 0.05546875
4 0.56171875 0.50546875 0.11640625 0.071875
4 0.26640625 0.61484375 0.15390625 0.0625
4 0.2546875 0.7890625 0.115625 0.046875
0 0.74296875 0.92109375 0.23984375 0.121875
7 0.39296875 0.909375 0.390625 0.16796875
7 0.3796875 0.69921875 0.37421875 0.090625
3 0.22890625 0.25390625 0.10703125 0.14140625