4 0.69609375 0.08515625 0.28046875 0.0734375
4 0.5875 0.20234375 0.2375 0.04609375
4 0.65234375 0.2578125 0.09921875 0.04609375
4 0.2640625 0.25078125 0.165625 0.04296875
4 0.70078125 0.42109375 0.21875 0.05546875
4 0.43828125 0.50546875 0.11640625 0.071875
4 0.73359375 0.61484375 0.15390625 0.0625
4 0.7453125 0.7890625 0.115625 0.046875
0 0.25703125 0.92109375 0.23984375 0.121875
7 0.60703125 0.909375 0.390625 0.16796875
7 0.6203125 0.69921875 0.37421875 0.090625
3 0.77109375 0.25390625 0.10703125 0.14140625