2 0.5 0.490625 1 0.96875
4 0.09921875 0.140625 0.17421875 0.19921875
4 0.27734375 0.41171875 0.53203125 0.1796875
4 0.128125 0.753125 0.109375 0.1484375
4 0.3296875 0.7578125 0.1390625 0.1703125
4 0.53828125 0.68515625 0.11796875 0.1765625
4 0.740625 0.6328125 0.13125 0.1796875
4 0.9328125 0.603125 0.1046875 0.1828125
7 0.30625 0.11484375 0.196875 0.1734375
1 0.03828125 0.7484375 0.0421875 0.1765625
1 0.23046875 0.7640625 0.03984375 0.1765625
1 0.44609375 0.70234375 0.04375 0.1796875
1 0.63671875 0.67578125 0.0421875 0.1765625
1 0.84453125 0.6265625 0.040625 0.1796875