2 0.5 0.490625 1 0.96875
4 0.90078125 0.140625 0.17421875 0.19921875
4 0.72265625 0.41171875 0.53203125 0.1796875
4 0.871875 0.753125 0.109375 0.1484375
4 0.6703125 0.7578125 0.1390625 0.1703125
4 0.46171875 0.68515625 0.11796875 0.1765625
4 0.259375 0.6328125 0.13125 0.1796875
4 0.0671875 0.603125 0.1046875 0.1828125
7 0.69375 0.11484375 0.196875 0.1734375
1 0.96171875 0.7484375 0.0421875 0.1765625
1 0.76953125 0.7640625 0.03984375 0.1765625
1 0.55390625 0.70234375 0.04375 0.1796875
1 0.36328125 0.67578125 0.0421875 0.1765625
1 0.15546875 0.6265625 0.040625 0.1796875