4 0.79140625 0.059375 0.28203125 0.0640625
4 0.88984375 0.146875 0.02265625 0.0390625
4 0.8046875 0.21171875 0.07421875 0.0375
4 0.80859375 0.265625 0.06640625 0.0375
4 0.81015625 0.3265625 0.07734375 0.04453125
4 0.91015625 0.41953125 0.02578125 0.04453125
4 0.821875 0.50625 0.06875 0.04609375
4 0.82578125 0.5484375 0.07265625 0.0390625
4 0.82265625 0.6125 0.08125 0.046875
4 0.7390625 0.85078125 0.296875 0.04609375
0 0.85859375 0.753125 0.16640625 0.08046875
1 0.91171875 0.85546875 0.04296875 0.0390625