4 0.20859375 0.059375 0.28203125 0.0640625
4 0.11015625 0.146875 0.02265625 0.0390625
4 0.1953125 0.21171875 0.07421875 0.0375
4 0.19140625 0.265625 0.06640625 0.0375
4 0.18984375 0.3265625 0.07734375 0.04453125
4 0.08984375 0.41953125 0.02578125 0.04453125
4 0.178125 0.50625 0.06875 0.04609375
4 0.17421875 0.5484375 0.07265625 0.0390625
4 0.17734375 0.6125 0.08125 0.046875
4 0.2609375 0.85078125 0.296875 0.04609375
0 0.14140625 0.753125 0.16640625 0.08046875
1 0.08828125 0.85546875 0.04296875 0.0390625