2 0.496875 0.5078125 0.984375 0.984375
4 0.471875 0.1328125 0.82578125 0.06796875
4 0.63203125 0.2109375 0.309375 0.05546875
4 0.66796875 0.2953125 0.23125 0.05390625
4 0.59296875 0.37421875 0.38515625 0.05703125
4 0.6234375 0.490625 0.49453125 0.05703125
4 0.6796875 0.5765625 0.37421875 0.05546875
4 0.6453125 0.7265625 0.4390625 0.053125
0 0.56328125 0.94765625 0.4 0.1015625
5 0.83046875 0.22109375 0.07578125 0.05
5 0.83125 0.3015625 0.05546875 0.04140625
5 0.83828125 0.3796875 0.05703125 0.03203125
7 0.515625 0.65 0.7203125 0.06640625
6 0.8 0.81328125 0.16328125 0.065625
6 0.575 0.81328125 0.14609375 0.0484375
7 0.1859375 0.8109375 0.15703125 0.071875
4 0.203125 0.73046875 0.11328125 0.0390625