4 0.209375 0.08359375 0.24609375 0.06953125
4 0.16015625 0.215625 0.11328125 0.04140625
4 0.21953125 0.30234375 0.24609375 0.05390625
4 0.2203125 0.384375 0.24453125 0.059375
4 0.64921875 0.29453125 0.128125 0.05546875
4 0.64296875 0.3859375 0.1125 0.0609375
4 0.88984375 0.296875 0.13125 0.05390625
4 0.88671875 0.3890625 0.13515625 0.071875
4 0.24453125 0.53203125 0.28125 0.0640625
4 0.18203125 0.64375 0.14453125 0.0515625
4 0.33046875 0.76015625 0.31171875 0.06796875
4 0.3359375 0.8640625 0.321875 0.075
4 0.73828125 0.640625 0.26015625 0.05
4 0.91953125 0.63515625 0.07734375 0.04296875
0 0.91015625 0.5359375 0.08046875 0.05
4 0.7140625 0.75859375 0.18203125 0.0640625
4 0.71328125 0.853125 0.19609375 0.05390625
4 0.90859375 0.74921875 0.0875 0.059375
4 0.89375 0.8390625 0.06640625 0.075
5 0.13828125 0.76171875 0.05078125 0.0625
5 0.13671875 0.87109375 0.03671875 0.04453125